0 0.9027838541666667 0.6251481481481481 0.024315104166666667 0.10375462962962964
0 0.517578125 0.45412037037037034 0.024515625 0.08271759259259259
1 0.7420078125 0.6208101851851852 0.013760416666666667 0.023856481481481482
0 0.7300677083333333 0.6132916666666667 0.0303671875 0.10863888888888888
0 0.5393255208333334 0.5025648148148149 0.022143229166666667 0.0994675925925926
0 0.5710755208333332 0.5306157407407408 0.026333333333333334 0.11199074074074074
0 0.6506692708333334 0.5645694444444445 0.036059895833333334 0.1025787037037037
0 0.7419296875000001 0.5815138888888889 0.047765625 0.09006944444444445
0 0.7479791666666666 0.5086064814814815 0.030604166666666665 0.080625
0 0.7666406250000001 0.5098055555555556 0.02997135416666667 0.09848611111111111
0 0.6237838541666666 0.46818518518518515 0.0240390625 0.09397222222222222
0 0.5435572916666668 0.6055601851851852 0.037721354166666665 0.12972685185185184
0 0.599625 0.44625 0.021747395833333336 0.0838425925925926
