0 0.186125 0.481412037037037 0.01665625 0.0843425925925926
0 0.26150260416666665 0.4892592592592592 0.019536458333333333 0.08751388888888889
0 0.21530729166666665 0.42862962962962964 0.014158854166666667 0.06730092592592593
0 0.18040104166666668 0.45153703703703707 0.0137578125 0.07807407407407407
0 0.385875 0.5995925925925926 0.025666666666666667 0.1261574074074074
0 0.4457369791666667 0.5682824074074074 0.030359375 0.10787037037037037
0 0.4808541666666667 0.5989027777777778 0.0330625 0.12522685185185187
0 0.4692395833333334 0.5254351851851852 0.03404947916666667 0.09751388888888889
0 0.5714036458333334 0.466125 0.019489583333333334 0.08736111111111111
0 0.8246432291666667 0.6036388888888888 0.024854166666666667 0.09910185185185186
0 0.6772994791666667 0.4991388888888889 0.017518229166666666 0.09459722222222222
0 0.4161770833333333 0.43810648148148146 0.026026041666666666 0.07461111111111111
