1 0.20001822916666667 0.4101342592592592 0.0052734375 0.013314814814814816
0 0.20584895833333333 0.4315601851851852 0.015734375000000002 0.06292592592592593
0 0.18203645833333332 0.4835925925925926 0.016755208333333334 0.07766203703703704
0 0.17814583333333334 0.45207870370370373 0.012973958333333334 0.07691666666666666
0 0.24223958333333334 0.48756481481481484 0.014822916666666667 0.08312037037037037
0 0.35422395833333337 0.5948518518518519 0.03665885416666667 0.12112962962962963
0 0.4183880208333333 0.5629953703703704 0.033591145833333336 0.11012037037037038
0 0.40554427083333333 0.5180601851851852 0.03113541666666667 0.09360185185185185
0 0.44359375 0.5994351851851851 0.025117187500000002 0.13171759259259258
0 0.5858098958333334 0.4711666666666667 0.018317708333333335 0.08527314814814815
0 0.8035859375 0.6083888888888889 0.0228359375 0.10191666666666666
0 0.6598854166666667 0.4992083333333333 0.019455729166666665 0.09506481481481481
0 0.4399453125 0.4384120370370371 0.0178203125 0.07674074074074073
