0 0.86728125 0.6498518518518519 0.026927083333333334 0.10408796296296297
0 0.937203125 0.6136666666666667 0.0180625 0.09589814814814814
0 0.8651953124999999 0.5547175925925926 0.0220234375 0.08006481481481481
0 0.8529479166666667 0.623125 0.0173203125 0.08314351851851852
0 0.8351302083333334 0.5441620370370371 0.019796875 0.08358333333333333
0 0.7861302083333332 0.538425925925926 0.017575520833333334 0.07595833333333334
0 0.7774140625 0.5248333333333334 0.019575520833333335 0.08433796296296296
0 0.7916328125 0.5043842592592592 0.011432291666666667 0.04191666666666667
0 0.7276875 0.4595462962962963 0.017575520833333334 0.06503240740740741
0 0.7157552083333333 0.4427824074074074 0.012575520833333333 0.060458333333333336
1 0.7622682291666667 0.3943888888888889 0.0064296875000000005 0.011939814814814815
0 0.6388802083333334 0.5113703703703704 0.029434895833333332 0.07925925925925925
0 0.6118723958333334 0.4370648148148148 0.01571875 0.08865740740740741
