0 0.6247578125000001 0.5148472222222222 0.0316484375 0.0842962962962963
0 0.6337135416666667 0.4707824074074074 0.026096354166666665 0.06332407407407407
0 0.6677083333333333 0.607199074074074 0.029989583333333333 0.1397824074074074
0 0.5285234375 0.5051296296296296 0.030903645833333333 0.09437037037037037
0 0.5582838541666667 0.48589814814814813 0.017169270833333337 0.09456481481481481
0 0.6094765624999999 0.4440740740740741 0.0182578125 0.074
0 0.7569583333333333 0.5052314814814814 0.02363541666666667 0.09253703703703703
0 0.8908776041666666 0.5719814814814815 0.019630208333333333 0.09682407407407406
0 0.7829427083333333 0.49831018518518516 0.016653645833333335 0.08377777777777778
0 0.7903541666666667 0.5145370370370371 0.02518229166666667 0.08062962962962963
0 0.7964192708333333 0.5416944444444444 0.03136197916666667 0.09093055555555556
1 0.7439401041666667 0.4407083333333333 0.011330729166666666 0.01741203703703704
0 0.8149036458333333 0.505175925925926 0.020489583333333335 0.09039351851851851
