0 0.26828645833333337 0.47966666666666663 0.013723958333333335 0.0792638888888889
0 0.3397369791666666 0.4468796296296296 0.0231953125 0.07177314814814816
1 0.26670312500000004 0.4690138888888889 0.006385416666666667 0.011865740740740741
0 0.273625 0.4348657407407407 0.012411458333333332 0.06626388888888889
0 0.42553385416666667 0.4845787037037037 0.014052083333333333 0.08556481481481482
0 0.5607526041666666 0.5567175925925926 0.031296875 0.1030462962962963
0 0.5968619791666666 0.47974074074074075 0.017619791666666666 0.08518055555555556
0 0.6479479166666666 0.5397175925925926 0.02423958333333333 0.08801388888888889
0 0.7089713541666666 0.4836666666666667 0.014940104166666666 0.08193981481481481
0 0.6885078124999999 0.46469444444444447 0.0139609375 0.08145833333333333
0 0.7784739583333333 0.49237037037037035 0.018768229166666664 0.06527314814814815
0 0.772375 0.6001527777777778 0.024549479166666666 0.11162037037037037
0 0.769234375 0.5875046296296296 0.015940104166666667 0.09105092592592592
