0 0.19175260416666667 0.5136481481481482 0.0202109375 0.0775787037037037
0 0.4165286458333333 0.5330231481481481 0.025984375 0.07731481481481481
0 0.47796875 0.6890185185185185 0.045888020833333334 0.11798148148148148
0 0.22046875000000002 0.45458796296296294 0.01699739583333333 0.06193518518518518
0 0.48763541666666665 0.47321296296296295 0.025231770833333333 0.0762962962962963
0 0.30256249999999996 0.5542916666666666 0.0304453125 0.10187500000000001
0 0.1692864583333333 0.5818240740740741 0.018747395833333333 0.10340277777777777
0 0.4063098958333333 0.43704166666666666 0.023315104166666666 0.06850925925925926
0 0.21839583333333332 0.5233564814814815 0.020190104166666667 0.07990277777777778
1 0.30909375 0.5231018518518519 0.0074921875 0.015347222222222222
0 0.35169791666666667 0.6284490740740741 0.030533854166666666 0.12715277777777775
0 0.2820182291666667 0.45328703703703704 0.022546875 0.06908796296296296
0 0.241625 0.4719212962962963 0.022447916666666668 0.06346296296296297
