0 0.3514244791666667 0.6531759259259259 0.034914062499999995 0.11725925925925926
0 0.3441536458333333 0.4519768518518518 0.013375 0.07647685185185185
0 0.2759609375 0.5006342592592592 0.016950520833333333 0.08560185185185186
0 0.28392968749999997 0.4571527777777778 0.015192708333333334 0.07261574074074074
0 0.2190078125 0.47258796296296296 0.0190390625 0.07347685185185185
0 0.20301041666666667 0.5551574074074075 0.02237760416666667 0.09868981481481481
0 0.1996015625 0.5268148148148148 0.025763020833333334 0.09330555555555556
0 0.144890625 0.4541574074074074 0.012718750000000001 0.05853240740740741
0 0.163859375 0.4758935185185185 0.021067708333333334 0.10413888888888889
0 0.18156250000000002 0.5111388888888888 0.018505208333333335 0.08662500000000001
0 0.17211197916666665 0.44883333333333336 0.008731770833333334 0.06483333333333333
0 0.178359375 0.45153703703703707 0.011135416666666667 0.06910648148148149
1 0.17407552083333336 0.40543981481481484 0.005203125 0.012356481481481482
