0 0.8358619791666667 0.5699583333333332 0.0200234375 0.07750462962962963
0 0.6185052083333333 0.5884351851851852 0.050333333333333334 0.11350925925925927
1 0.6390859375000001 0.5471435185185185 0.0127421875 0.0195
0 0.9090911458333333 0.5717824074074074 0.020757812499999997 0.08019907407407408
0 0.7619166666666667 0.5089675925925925 0.020533854166666664 0.08791666666666667
0 0.7923151041666666 0.5365277777777778 0.0240078125 0.0830324074074074
0 0.8081927083333333 0.5333009259259259 0.0220078125 0.08895833333333333
0 0.6882526041666667 0.4919861111111111 0.01785677083333333 0.08537962962962962
0 0.6508854166666667 0.5069768518518518 0.02402083333333333 0.08869444444444445
0 0.5650130208333334 0.4510416666666667 0.0205 0.07968518518518519
0 0.61578125 0.4589444444444445 0.01863802083333333 0.0688287037037037
0 0.6280885416666667 0.48924999999999996 0.0202109375 0.08276851851851852
0 0.6637421875 0.5988333333333333 0.032588541666666665 0.08477314814814815
