0 0.5257239583333333 0.4996064814814815 0.021721354166666665 0.08424999999999999
1 0.5261484375000001 0.5159212962962964 0.006497395833333333 0.012300925925925925
0 0.5319817708333333 0.4452731481481481 0.013322916666666665 0.07372685185185185
0 0.5755312499999999 0.5169074074074074 0.018903645833333333 0.0821712962962963
0 0.6013255208333333 0.5930694444444444 0.03665104166666667 0.10328703703703704
0 0.643234375 0.5593055555555555 0.02412239583333333 0.09696759259259259
0 0.7121640625 0.5380185185185185 0.02384375 0.09821759259259259
0 0.7346015625 0.5284398148148148 0.027744791666666668 0.091625
0 0.6899192708333334 0.47306018518518517 0.02069270833333333 0.07569444444444444
0 0.7160286458333334 0.48384259259259255 0.013489583333333333 0.07663888888888888
0 0.7009817708333334 0.46579166666666666 0.014955729166666666 0.0644861111111111
0 0.6928098958333333 0.4527453703703703 0.020075520833333336 0.06415277777777778
0 0.8971432291666667 0.5717777777777777 0.01727864583333333 0.07462037037037038
