0 0.2930182291666667 0.5770416666666667 0.026338541666666666 0.11052777777777778
0 0.31188802083333333 0.49310648148148145 0.029330729166666666 0.08165277777777778
0 0.33462239583333336 0.45919444444444446 0.024333333333333332 0.06540277777777778
0 0.2257421875 0.5489074074074074 0.022908854166666666 0.10230555555555555
0 0.252875 0.4999259259259259 0.015299479166666666 0.08906481481481482
0 0.19471875 0.5223749999999999 0.03500520833333333 0.08418055555555556
0 0.252640625 0.46435648148148145 0.022302083333333333 0.06475462962962963
0 0.2614375 0.47428703703703706 0.018932291666666667 0.075875
0 0.2195 0.48952777777777784 0.024859375 0.0734537037037037
1 0.20519270833333333 0.5188842592592593 0.005028645833333333 0.011259259259259259
0 0.25602604166666665 0.6667083333333333 0.031247395833333334 0.11913888888888888
0 0.15503125 0.4645972222222222 0.0184296875 0.06843055555555555
0 0.201671875 0.5300925925925926 0.0207265625 0.07811574074074074
