0 0.6252109375 0.4442361111111111 0.012354166666666666 0.07202314814814814
0 0.6231041666666666 0.5389351851851851 0.030674479166666668 0.07610185185185185
0 0.6487890625 0.4766851851851852 0.027455729166666668 0.0641712962962963
0 0.6813125 0.5350555555555556 0.016182291666666668 0.08530555555555555
0 0.7076875 0.4916342592592593 0.0205390625 0.07324537037037038
0 0.7201223958333334 0.5050833333333333 0.016929687500000002 0.0792175925925926
0 0.6872942708333334 0.46724074074074073 0.0131796875 0.07705555555555556
0 0.7360729166666666 0.49437499999999995 0.025744791666666666 0.067375
0 0.7553567708333334 0.5231157407407407 0.027268229166666665 0.08055092592592593
1 0.8000286458333333 0.6054074074074074 0.006252604166666667 0.011949074074074074
0 0.8033828125 0.5606203703703704 0.01777604166666667 0.08835648148148148
0 0.8936015625 0.566212962962963 0.017065104166666668 0.07563425925925926
0 0.8145494791666666 0.577 0.0203203125 0.08701851851851852
