0 0.3867421875 0.6215092592592593 0.04747395833333334 0.14017592592592593
0 0.20465885416666665 0.5987268518518518 0.026341145833333336 0.10850925925925926
0 0.1657265625 0.5209953703703704 0.0222890625 0.08581481481481482
0 0.2490234375 0.46797222222222223 0.023013020833333335 0.07446296296296297
1 0.24526041666666665 0.47736111111111107 0.0085390625 0.01861574074074074
0 0.21623958333333335 0.4490324074074074 0.0277890625 0.07508796296296297
0 0.31473437499999996 0.459587962962963 0.0293828125 0.07868518518518519
0 0.3858723958333333 0.4788888888888889 0.02315885416666667 0.09257407407407407
0 0.6084088541666667 0.6827685185185185 0.041828125 0.14844907407407407
0 0.5396562500000001 0.5227685185185186 0.03285677083333333 0.10825
0 0.40164843749999996 0.5192962962962964 0.03386979166666667 0.1136574074074074
0 0.490953125 0.5141481481481481 0.030106770833333334 0.10851388888888888
0 0.44268229166666667 0.5313935185185185 0.031697916666666666 0.11107870370370371
