0 0.3719036458333333 0.4949537037037037 0.019380208333333333 0.0843101851851852
1 0.386671875 0.49370370370370376 0.0070026041666666665 0.012615740740740742
0 0.36499479166666665 0.44377777777777777 0.022997395833333333 0.07290277777777777
0 0.5022864583333333 0.4985787037037037 0.012703125000000001 0.09024537037037038
0 0.5340468749999999 0.4467361111111111 0.0205859375 0.07028703703703704
0 0.6528125 0.47887499999999994 0.014419270833333333 0.08184259259259259
0 0.6995963541666667 0.554875 0.022859375 0.09635185185185186
0 0.6643489583333333 0.5645231481481481 0.025807291666666666 0.10013888888888889
0 0.7094505208333334 0.4851157407407407 0.016598958333333334 0.08007407407407408
0 0.6847135416666668 0.47625925925925927 0.023877604166666667 0.08212962962962964
0 0.7905208333333333 0.5779212962962963 0.021138020833333333 0.10293518518518519
0 0.7897057291666666 0.5729814814814815 0.0195078125 0.08243518518518518
0 0.8308098958333333 0.5251666666666667 0.016356770833333333 0.07087962962962963
