1 0.3321223958333333 0.4787731481481482 0.006104166666666667 0.01175462962962963
0 0.32245833333333335 0.4968564814814815 0.022888020833333335 0.0822824074074074
0 0.41515364583333336 0.46814814814814815 0.022125 0.08363888888888889
0 0.41782291666666665 0.6426574074074074 0.0356015625 0.13246296296296298
0 0.36632552083333336 0.42926851851851855 0.013479166666666665 0.057416666666666664
0 0.47695052083333334 0.5006990740740741 0.023651041666666664 0.08544444444444445
0 0.5023802083333334 0.498662037037037 0.03483854166666667 0.09313425925925925
0 0.4957682291666667 0.44034259259259256 0.024158854166666667 0.07324074074074073
0 0.5818515625 0.49934259259259256 0.039671875 0.08906481481481482
0 0.5677369791666667 0.6067175925925926 0.029244791666666665 0.11664351851851851
0 0.6573802083333333 0.4398935185185185 0.018309895833333333 0.05967592592592593
0 0.665390625 0.47944907407407406 0.0170390625 0.07911574074074074
0 0.8175911458333334 0.5854675925925925 0.026955729166666668 0.09855555555555555
