1 0.38256249999999997 0.5042129629629629 0.010604166666666666 0.022930555555555555
0 0.41933333333333334 0.4412083333333333 0.0158125 0.07307407407407407
0 0.3963671875 0.5123194444444444 0.028533854166666664 0.09887962962962964
0 0.45140625 0.493712962962963 0.023455729166666665 0.09506944444444444
0 0.4270026041666667 0.47598148148148145 0.022609374999999998 0.0687175925925926
0 0.5401458333333333 0.4750231481481481 0.02909114583333333 0.07793981481481481
0 0.5515885416666666 0.43975000000000003 0.01894791666666667 0.06306944444444444
0 0.6014817708333333 0.5842222222222223 0.0310390625 0.11411574074074074
0 0.6538385416666667 0.6202777777777777 0.038375000000000006 0.12649074074074076
0 0.7542760416666667 0.6230324074074074 0.0348203125 0.11580555555555555
0 0.6568541666666667 0.5206296296296296 0.027890625 0.09018981481481482
0 0.6072552083333334 0.487462962962963 0.0363203125 0.09471296296296297
0 0.8748125000000001 0.5876296296296296 0.021348958333333334 0.07637962962962963
