0 0.50546875 0.44305555555555554 0.018359375 0.07847222222222222
1 0.61796875 0.5138888888888888 0.009375 0.02013888888888889
0 0.6296875 0.5284722222222222 0.029296875 0.09861111111111111
0 0.683203125 0.4888888888888889 0.019921875 0.08263888888888889
0 0.69609375 0.47291666666666665 0.02109375 0.08611111111111111
0 0.646484375 0.475 0.018359375 0.07291666666666667
0 0.652734375 0.44305555555555554 0.02265625 0.06111111111111111
0 0.790234375 0.5958333333333333 0.03203125 0.11180555555555556
0 0.824609375 0.6451388888888889 0.021875 0.12638888888888888
0 0.90234375 0.6048611111111111 0.026953125 0.10486111111111111
0 0.70703125 0.5791666666666667 0.030859375 0.11041666666666666
0 0.708203125 0.5236111111111111 0.018359375 0.09722222222222222
0 0.65078125 0.6055555555555555 0.03828125 0.13055555555555556
