0 0.43515625 0.6319444444444444 0.040625 0.14166666666666666
0 0.350390625 0.5326388888888889 0.03828125 0.10625
0 0.381640625 0.4673611111111111 0.029296875 0.08263888888888889
1 0.390625 0.5 0.01015625 0.020833333333333332
0 0.473046875 0.46319444444444446 0.02109375 0.07083333333333333
0 0.366015625 0.4270833333333333 0.026171875 0.06944444444444445
0 0.4609375 0.4305555555555556 0.022265625 0.075
0 0.591015625 0.4722222222222222 0.01875 0.0875
0 0.570703125 0.5243055555555556 0.0359375 0.10486111111111111
0 0.621875 0.5527777777777778 0.028515625 0.1125
0 0.653515625 0.6395833333333333 0.0328125 0.13819444444444445
0 0.675 0.5694444444444444 0.02890625 0.11597222222222223
0 0.823046875 0.6756944444444445 0.041796875 0.1284722222222222
