0 0.403125 0.6513888888888889 0.057421875 0.1451388888888889
0 0.452734375 0.5006944444444444 0.03515625 0.09791666666666667
0 0.31875 0.5770833333333333 0.033984375 0.125
0 0.35078125 0.4930555555555556 0.025390625 0.08819444444444445
0 0.284765625 0.48055555555555557 0.028515625 0.07708333333333334
0 0.20859375 0.5423611111111111 0.0359375 0.11597222222222223
0 0.248046875 0.5479166666666667 0.028125 0.1076388888888889
0 0.2375 0.48541666666666666 0.029296875 0.10069444444444445
0 0.20390625 0.4756944444444444 0.02421875 0.07361111111111111
0 0.16328125 0.5430555555555555 0.031640625 0.10138888888888889
0 0.1609375 0.46319444444444446 0.019921875 0.08125
1 0.124609375 0.5138888888888888 0.009765625 0.018055555555555554
0 0.133203125 0.5243055555555556 0.03046875 0.08958333333333333
