1 0.7093098958333334 0.5658472222222223 0.011484375 0.019777777777777776
0 0.7077994791666666 0.6032962962962962 0.030627604166666666 0.11497222222222223
0 0.6266614583333333 0.501662037037037 0.024179687499999998 0.08604166666666667
0 0.6298515625000001 0.4498287037037037 0.025859375 0.06835185185185184
0 0.5835755208333333 0.4432037037037037 0.020619791666666668 0.0777824074074074
0 0.8866302083333333 0.5561805555555556 0.019544270833333332 0.08880555555555555
0 0.7334895833333334 0.5556435185185186 0.024919270833333333 0.09847685185185186
0 0.7500130208333334 0.5679444444444445 0.025322916666666664 0.10636111111111111
0 0.7487708333333334 0.5299675925925926 0.02176302083333333 0.08772222222222222
0 0.740171875 0.48112037037037036 0.020151041666666664 0.07839351851851853
0 0.726203125 0.4718055555555556 0.019075520833333335 0.07886574074074074
0 0.6693463541666667 0.5164120370370371 0.021427083333333333 0.08329629629629628
0 0.6622604166666667 0.47461111111111115 0.0228359375 0.08567592592592593
