0 0.39030468749999997 0.5386342592592592 0.021200520833333333 0.10040277777777779
0 0.35580989583333333 0.4692777777777778 0.013729166666666666 0.08217592592592593
0 0.2965520833333333 0.4332824074074074 0.011643229166666666 0.0676574074074074
0 0.28525520833333334 0.49847222222222226 0.013729166666666666 0.08619444444444445
0 0.24971875 0.6475324074074075 0.024677083333333336 0.11306944444444444
0 0.204796875 0.5108287037037037 0.021026041666666665 0.08248611111111111
0 0.24024739583333332 0.49831481481481477 0.0192890625 0.08032407407407408
0 0.23433854166666668 0.4527453703703703 0.010947916666666667 0.06827314814814815
0 0.17647135416666665 0.5117546296296297 0.018247395833333332 0.08866666666666667
0 0.1999296875 0.5015601851851851 0.021026041666666665 0.08248611111111111
0 0.21626562500000002 0.49043981481481475 0.021026041666666665 0.08125
0 0.17073697916666666 0.45799999999999996 0.014075520833333332 0.0664212962962963
1 0.17316927083333333 0.38539814814814816 0.006083333333333333 0.012666666666666666
