0 0.6852526041666667 0.577412037037037 0.04716145833333333 0.09058333333333334
0 0.75078125 0.5085231481481481 0.020380208333333334 0.07836574074074075
0 0.8272083333333333 0.5342268518518519 0.0163515625 0.08931944444444445
0 0.86915625 0.5531851851851852 0.0163515625 0.08089351851851852
0 0.7426041666666666 0.4935694444444444 0.023934895833333334 0.06867592592592593
0 0.5733932291666667 0.5521296296296296 0.02109114583333333 0.10237962962962963
0 0.4770520833333334 0.48418518518518516 0.0200703125 0.08670833333333333
0 0.430328125 0.4908981481481481 0.014244791666666668 0.09093055555555556
0 0.24910156249999998 0.5061296296296296 0.01573958333333333 0.10015277777777779
0 0.22953906249999997 0.5150231481481482 0.016033854166666667 0.09597222222222222
0 0.9284479166666666 0.6236435185185185 0.021171875 0.10684259259259259
0 0.1899010416666667 0.4536805555555556 0.013973958333333333 0.07039351851851852
1 0.8587786458333333 0.5406944444444445 0.006651041666666666 0.011824074074074074
