0 0.7231562500000001 0.5797453703703703 0.026890625 0.10272685185185185
0 0.7783671875 0.5955092592592592 0.020596354166666667 0.0986574074074074
0 0.7796666666666667 0.5680648148148149 0.0202890625 0.09143518518518519
0 0.7496796875 0.5356342592592592 0.021533854166666665 0.09301851851851851
0 0.7591119791666666 0.4951388888888889 0.008364583333333333 0.09618055555555556
0 0.9080677083333334 0.5843611111111111 0.016552083333333335 0.08858796296296297
0 0.6816979166666666 0.4845416666666666 0.017263020833333333 0.07561574074074075
0 0.6563359375 0.5027314814814815 0.019221354166666666 0.07403240740740741
0 0.6193203125 0.48564814814814816 0.0249140625 0.08479166666666667
0 0.6364036458333333 0.46349999999999997 0.015661458333333333 0.06137962962962964
1 0.609265625 0.479162037037037 0.005872395833333334 0.011708333333333333
0 0.6006328125 0.4326527777777778 0.011744791666666667 0.06169444444444444
0 0.73321875 0.46935648148148146 0.019221354166666666 0.06485648148148149
