1 0.16616145833333332 0.3930046296296296 0.007130208333333333 0.013523148148148149
0 0.134375 0.48474074074074075 0.01944791666666667 0.08101851851851852
0 0.14222916666666666 0.5577268518518519 0.027776041666666664 0.10517592592592592
0 0.18297135416666668 0.5503425925925925 0.028093749999999997 0.09603240740740741
0 0.17456510416666668 0.4962222222222222 0.023401041666666667 0.0955462962962963
0 0.2042109375 0.48305555555555557 0.025247395833333335 0.08139351851851852
0 0.24026302083333334 0.45949074074074076 0.021450520833333334 0.10078703703703704
0 0.2930755208333334 0.4321666666666667 0.015338541666666667 0.07144444444444444
0 0.17298177083333333 0.4838518518518518 0.024455729166666666 0.08954629629629629
0 0.396484375 0.49430092592592595 0.03979427083333333 0.10575925925925926
0 0.49103906249999996 0.5068611111111111 0.022294270833333334 0.11588425925925926
0 0.4096614583333333 0.4534444444444445 0.023981770833333336 0.09525
0 0.5407161458333333 0.502361111111111 0.019921875 0.0909537037037037
