0 0.306640625 0.53125 0.038671875 0.10694444444444444
0 0.388671875 0.625 0.042578125 0.13819444444444445
0 0.350390625 0.46805555555555556 0.025390625 0.08680555555555555
1 0.35546875 0.45694444444444443 0.009375 0.018055555555555554
0 0.33359375 0.42916666666666664 0.028515625 0.06666666666666667
0 0.43203125 0.4340277777777778 0.021484375 0.075
0 0.45546875 0.4652777777777778 0.017578125 0.07916666666666666
0 0.543359375 0.525 0.03203125 0.1125
0 0.573828125 0.47847222222222224 0.0234375 0.08611111111111111
0 0.610546875 0.5458333333333333 0.023046875 0.1076388888888889
0 0.608984375 0.6395833333333333 0.03515625 0.1361111111111111
0 0.790234375 0.6833333333333333 0.037890625 0.14166666666666666
0 0.6328125 0.5673611111111111 0.030078125 0.11736111111111111
