0 0.5991432291666666 0.489425925925926 0.0165546875 0.08443981481481481
0 0.8142630208333334 0.5201898148148147 0.026497395833333333 0.07387962962962964
0 0.9077890624999999 0.6085833333333334 0.016763020833333333 0.08622685185185185
0 0.5827916666666667 0.4471527777777778 0.0268671875 0.07497685185185185
0 0.7975182291666666 0.5214768518518519 0.0104296875 0.0834074074074074
0 0.7854609375 0.5514907407407408 0.016984375 0.08333333333333333
0 0.7809348958333333 0.6199953703703704 0.0266796875 0.11764814814814815
0 0.7462838541666666 0.5118194444444444 0.011697916666666667 0.08360648148148149
0 0.6871171875000001 0.5261342592592593 0.016744791666666665 0.0974212962962963
1 0.82765625 0.49612500000000004 0.005645833333333333 0.011967592592592594
0 0.8514869791666667 0.5956342592592593 0.014526041666666666 0.08783796296296296
0 0.7102369791666666 0.47825 0.012359375 0.07682407407407407
0 0.7602239583333333 0.5102453703703704 0.019380208333333333 0.07119907407407407
