0 0.6725781249999999 0.6131203703703704 0.029325520833333334 0.12678240740740743
0 0.5735963541666667 0.5048796296296296 0.03283333333333333 0.09734722222222222
0 0.49793229166666664 0.44058796296296293 0.030145833333333334 0.08019907407407408
0 0.47577083333333337 0.5658287037037038 0.03596614583333334 0.08473148148148149
1 0.45801302083333334 0.5602453703703704 0.011192708333333332 0.021037037037037035
0 0.42115104166666667 0.5307962962962963 0.03820572916666667 0.09028703703703704
0 0.39723437500000003 0.5442037037037037 0.03380208333333334 0.11073148148148149
0 0.38828125 0.5027361111111112 0.017684895833333332 0.09943055555555556
0 0.4096953125 0.4704212962962963 0.020221354166666667 0.08813425925925926
0 0.2259453125 0.44117129629629626 0.017609375 0.06862962962962964
0 0.33533854166666666 0.5511157407407408 0.035518229166666665 0.11261111111111112
0 0.29131250000000003 0.48794907407407406 0.02119270833333333 0.09293981481481481
0 0.31340104166666666 0.45019444444444445 0.026861979166666668 0.07712962962962963
