0 0.07425260416666667 0.5441666666666667 0.0286328125 0.09913888888888889
0 0.24225 0.5147268518518519 0.023111979166666668 0.10158333333333333
0 0.2793333333333334 0.5123518518518518 0.031736979166666665 0.1198287037037037
0 0.36954166666666666 0.4425046296296296 0.018973958333333332 0.0767175925925926
0 0.38303906249999997 0.42839351851851853 0.02440625 0.07303703703703704
0 0.4726848958333333 0.44127777777777777 0.02518229166666667 0.09266666666666666
0 0.581234375 0.42094444444444445 0.020544270833333333 0.07229166666666667
1 0.585078125 0.4118611111111111 0.011018229166666667 0.02351851851851852
0 0.6262786458333333 0.48400000000000004 0.02685416666666667 0.10455092592592594
0 0.6577239583333333 0.5119583333333333 0.025479166666666667 0.09925462962962962
0 0.6755130208333333 0.5228750000000001 0.028460937500000002 0.09864814814814815
0 0.6643802083333333 0.4965509259259259 0.020427083333333332 0.0990462962962963
0 0.6273125 0.4184953703703704 0.017445312499999997 0.07555555555555556
