0 0.7155546875 0.4774583333333333 0.014807291666666667 0.07229166666666667
0 0.7472994791666667 0.6143611111111111 0.020640625000000003 0.11835648148148148
0 0.8280364583333333 0.5993564814814815 0.0240625 0.09671759259259259
0 0.9063125 0.6113888888888889 0.01628125 0.08305092592592592
0 0.5673255208333334 0.44495370370370374 0.028200520833333336 0.07102314814814814
0 0.7936432291666667 0.5133425925925925 0.010924479166666667 0.08062037037037037
0 0.8246875 0.5284027777777778 0.022385416666666665 0.07351388888888888
0 0.7751328125000001 0.551324074074074 0.01826302083333333 0.09325925925925926
0 0.7302604166666666 0.5249953703703704 0.023875 0.07577314814814815
0 0.6729375 0.5254212962962963 0.022671875 0.0925787037037037
1 0.8332734375 0.5247916666666667 0.005158854166666667 0.01061574074074074
0 0.7390130208333333 0.5021574074074074 0.019281250000000003 0.07541666666666667
