0 0.6992473958333334 0.6744398148148149 0.04428385416666667 0.13291203703703702
0 0.5008177083333334 0.5838935185185186 0.034734375 0.12552314814814813
0 0.5301588541666666 0.5081296296296296 0.025419270833333334 0.10212962962962963
0 0.352828125 0.5596944444444445 0.030244791666666666 0.12491666666666666
0 0.3340677083333333 0.47050462962962963 0.023979166666666666 0.088125
0 0.31593489583333334 0.49268055555555557 0.023979166666666666 0.0937175925925926
0 0.12244010416666667 0.5108055555555555 0.020833333333333332 0.09599074074074074
0 0.178828125 0.5077777777777778 0.020973958333333334 0.0819861111111111
0 0.16541145833333332 0.4694814814814815 0.015286458333333334 0.07189814814814816
1 0.1662239583333333 0.3915462962962963 0.009596354166666666 0.017958333333333333
0 0.16288802083333334 0.5171203703703704 0.02284635416666667 0.08477314814814815
0 0.19970572916666668 0.501287037037037 0.017190104166666668 0.08273611111111112
0 0.50096875 0.5504120370370371 0.022395833333333334 0.10581018518518519
