0 0.7299895833333333 0.4579027777777778 0.0102421875 0.06035648148148148
0 0.7447890625 0.4781018518518519 0.015992187499999998 0.06634259259259259
0 0.7427552083333333 0.5445694444444444 0.02988020833333333 0.08105555555555556
0 0.7494192708333334 0.5636481481481481 0.032265625 0.08928703703703704
0 0.7743203125 0.5623981481481481 0.0166953125 0.0987638888888889
0 0.7927682291666667 0.5217453703703704 0.032546875 0.10275462962962963
0 0.8336614583333334 0.5491805555555556 0.023989583333333335 0.07831018518518519
0 0.8694348958333333 0.5488055555555555 0.017255208333333334 0.08604166666666667
1 0.875609375 0.5065324074074073 0.00603125 0.010972222222222222
0 0.9370546875 0.6112824074074074 0.017536458333333334 0.09975925925925926
0 0.718625 0.5756203703703703 0.038299479166666664 0.09726851851851852
0 0.7652708333333333 0.5691342592592592 0.019359375 0.09626851851851852
0 0.6122890625 0.4374490740740741 0.0164140625 0.08679166666666667
