1 0.4514453125 0.5223703703703704 0.0076171875 0.017953703703703704
0 0.47156770833333334 0.4430277777777778 0.024393229166666665 0.07517129629629629
0 0.5116588541666667 0.50625 0.026546875 0.0847962962962963
0 0.4926119791666667 0.4774629629629629 0.0213046875 0.08041666666666666
0 0.6218333333333333 0.5945185185185186 0.04155729166666667 0.1194861111111111
0 0.70409375 0.6299490740740741 0.04063541666666667 0.12463425925925925
0 0.5882942708333334 0.4248240740740741 0.019065104166666666 0.030412037037037036
0 0.8862447916666666 0.5764722222222223 0.018903645833333333 0.07922222222222222
0 0.7822890625 0.6209768518518518 0.03392447916666667 0.11295833333333334
0 0.683046875 0.5230370370370371 0.026117187500000003 0.0922962962962963
0 0.6496875000000001 0.4919583333333334 0.03390625 0.08437037037037037
0 0.5905989583333333 0.4694722222222222 0.0245859375 0.06882407407407408
0 0.46307552083333337 0.5188703703703703 0.0291171875 0.09334722222222222
