0 0.8952317708333334 0.571412037037037 0.02099739583333333 0.08762500000000001
0 0.6268020833333333 0.4430925925925926 0.022359375 0.08325462962962964
0 0.6976093750000001 0.6138472222222222 0.04070833333333333 0.13427777777777777
0 0.65375 0.4964212962962963 0.024653645833333335 0.08671296296296296
1 0.7948255208333334 0.4047962962962963 0.010822916666666666 0.023226851851851853
0 0.6130416666666666 0.4849537037037037 0.020640625000000003 0.09435185185185185
0 0.7484921875 0.5101805555555555 0.022072916666666668 0.0836574074074074
0 0.7596380208333334 0.4837407407407408 0.016411458333333333 0.07536574074074073
0 0.7472031250000001 0.48443981481481485 0.019494791666666667 0.07804166666666666
0 0.6582630208333333 0.482912037037037 0.017916666666666668 0.09537037037037037
0 0.6812682291666667 0.5002453703703703 0.0252265625 0.11474537037037037
0 0.7777682291666667 0.5082083333333334 0.019708333333333335 0.07843055555555556
0 0.7905260416666666 0.5341898148148148 0.020710937500000002 0.08364814814814815
