0 0.8927916666666668 0.5691944444444444 0.0190390625 0.08055092592592593
0 0.618046875 0.4435138888888889 0.021200520833333333 0.07592592592592592
0 0.6287526041666667 0.488962962962963 0.0209921875 0.09615277777777778
1 0.7796380208333333 0.4172222222222222 0.008229166666666668 0.01837962962962963
0 0.6032265625 0.48418981481481477 0.0229453125 0.0878425925925926
0 0.671015625 0.6049722222222222 0.044145833333333336 0.1310324074074074
0 0.765234375 0.5211435185185186 0.016388020833333333 0.08735648148148148
0 0.7724192708333334 0.4725324074074074 0.018203125 0.08932407407407407
0 0.6625078125 0.5016759259259259 0.024338541666666665 0.09553703703703705
0 0.6486640625 0.47780555555555554 0.016877604166666667 0.09366666666666666
0 0.7947708333333333 0.5261018518518519 0.020364583333333335 0.10223611111111111
0 0.758296875 0.4872916666666666 0.024130208333333333 0.09156481481481482
0 0.7811015625 0.47836574074074073 0.020921875 0.1183425925925926
