1 0.6325364583333334 0.5146666666666667 0.005752604166666666 0.010476851851851852
0 0.6433411458333332 0.45155092592592594 0.013049479166666666 0.07234722222222223
0 0.6691614583333333 0.5130462962962963 0.027083333333333334 0.07409259259259258
0 0.6750572916666666 0.4711342592592592 0.016419270833333333 0.07159722222222223
0 0.7598854166666666 0.48984259259259255 0.014875 0.09505092592592593
0 0.7553255208333333 0.48597685185185185 0.023153645833333333 0.07234722222222223
0 0.7258541666666667 0.5739166666666667 0.0256796875 0.07708796296296296
0 0.7779869791666666 0.5441064814814814 0.0190859375 0.09130555555555556
0 0.7355390624999999 0.5880138888888888 0.0262421875 0.09430092592592593
0 0.7883020833333333 0.5978657407407408 0.029049479166666666 0.10004166666666667
0 0.6000494791666667 0.432587962962963 0.0109453125 0.061370370370370374
0 0.8964270833333334 0.568925925925926 0.01768229166666667 0.08257407407407408
0 0.6271328125 0.5094259259259258 0.03816927083333333 0.06286574074074074
