1 0.4095963541666666 0.44127777777777777 0.004901041666666666 0.00950462962962963
0 0.418453125 0.4436574074074074 0.025432291666666666 0.0602037037037037
0 0.3801614583333333 0.46008796296296295 0.024234375 0.05539351851851852
0 0.35133333333333333 0.4591388888888889 0.029604166666666668 0.09375925925925926
0 0.34408072916666665 0.48292129629629627 0.016059895833333334 0.08720370370370371
0 0.28942708333333333 0.4958842592592592 0.0174921875 0.09052314814814814
0 0.2606015625 0.49781018518518516 0.013432291666666667 0.08757407407407407
0 0.28521875 0.5502916666666667 0.0212890625 0.10690277777777778
0 0.2901067708333333 0.5650972222222221 0.030322916666666665 0.10825462962962963
0 0.21339322916666664 0.4803472222222222 0.016111979166666665 0.08002314814814815
0 0.2167421875 0.49449537037037034 0.01736979166666667 0.08475925925925927
0 0.15278385416666668 0.45875 0.011690104166666666 0.06784722222222223
0 0.482359375 0.6824305555555555 0.029348958333333335 0.12808333333333335
