0 0.47066145833333334 0.4944907407407407 0.01954166666666667 0.0851712962962963
0 0.45865104166666665 0.45625 0.016528645833333334 0.0759675925925926
0 0.5501041666666667 0.4613287037037037 0.026880208333333332 0.07706944444444444
0 0.5814635416666667 0.4769120370370371 0.0169921875 0.0772037037037037
0 0.5600286458333333 0.5612268518518518 0.026028645833333332 0.10851388888888888
0 0.576171875 0.6372314814814816 0.0456484375 0.1297962962962963
0 0.8670572916666667 0.6699814814814815 0.030046874999999997 0.10055092592592592
0 0.7112708333333334 0.5607638888888888 0.028296875 0.09776851851851852
0 0.707703125 0.5395231481481481 0.026640624999999998 0.07666203703703704
0 0.7223072916666666 0.5291851851851852 0.011479166666666667 0.07666203703703704
0 0.7137343749999999 0.5070555555555556 0.020877604166666668 0.07046296296296296
1 0.6999505208333333 0.5414675925925926 0.006635416666666667 0.013398148148148149
0 0.6364661458333334 0.4899398148148148 0.014729166666666666 0.08537962962962962
