1 0.16944010416666666 0.41417592592592595 0.0062265625 0.01062037037037037
0 0.1632578125 0.46164814814814814 0.014828125 0.0680925925925926
0 0.1959296875 0.5429074074074074 0.025356770833333334 0.09809259259259259
0 0.19748697916666666 0.5108472222222222 0.0182421875 0.08236574074074074
0 0.21687239583333331 0.49824537037037037 0.03655208333333334 0.07664814814814815
0 0.22819270833333333 0.6556018518518518 0.027221354166666666 0.11462962962962962
0 0.2763072916666667 0.575337962962963 0.02753125 0.11033333333333332
0 0.3083203125 0.4802361111111111 0.013963541666666666 0.08424074074074074
0 0.3386927083333333 0.45579166666666665 0.014231770833333332 0.07198148148148148
0 0.28831249999999997 0.47452314814814817 0.018546875 0.08208333333333334
0 0.20514583333333333 0.48246759259259264 0.0163046875 0.0686712962962963
0 0.19663802083333334 0.49525462962962963 0.03019010416666667 0.07614351851851851
