0 0.47591927083333335 0.4453518518518519 0.018921874999999998 0.08100462962962963
0 0.5216380208333333 0.5452731481481481 0.023721354166666667 0.10621296296296295
1 0.5291328125 0.5449305555555556 0.008455729166666667 0.019268518518518518
0 0.5909765625 0.5385231481481482 0.029739583333333333 0.09669444444444444
0 0.579015625 0.4413935185185185 0.017851562499999998 0.07664814814814815
0 0.6241562500000001 0.4641898148148148 0.02275 0.07686111111111112
0 0.6752135416666667 0.47759259259259257 0.02276041666666667 0.08175462962962964
0 0.687796875 0.48841666666666667 0.019757812500000003 0.08358796296296298
0 0.9028776041666667 0.5683796296296296 0.015385416666666667 0.07764351851851853
0 0.7264427083333334 0.5973657407407407 0.036023437500000005 0.09754166666666667
0 0.72909375 0.5857592592592593 0.03642708333333333 0.08948148148148148
0 0.8006666666666666 0.5957962962962964 0.025739583333333333 0.08764814814814814
0 0.8099895833333334 0.6092824074074074 0.027953125000000002 0.1094074074074074
