0 0.32904947916666666 0.6182777777777778 0.03723697916666667 0.12208796296296295
0 0.3177083333333333 0.4987314814814815 0.017765625 0.08355092592592593
0 0.3194166666666666 0.45849537037037036 0.021578125 0.07373611111111111
0 0.3624713541666667 0.5515462962962963 0.026596354166666666 0.10460185185185185
0 0.3923229166666667 0.46379166666666666 0.018135416666666668 0.0770925925925926
0 0.42227604166666666 0.46507407407407403 0.0255546875 0.07745833333333334
0 0.5366197916666666 0.5685138888888889 0.040875 0.1075
0 0.6340989583333333 0.6125416666666667 0.024388020833333336 0.12520833333333334
1 0.6429609374999999 0.6252407407407408 0.008036458333333333 0.015787037037037037
0 0.6473932291666666 0.5802361111111111 0.023630208333333333 0.09675462962962963
0 0.6365390625 0.4981064814814815 0.020471354166666667 0.08344444444444445
0 0.7285494791666667 0.7076898148148147 0.042567708333333336 0.11722685185185186
0 0.5536276041666667 0.4542453703703703 0.021143229166666666 0.07637962962962963
