0 0.1822578125 0.4517175925925926 0.013036458333333334 0.06653240740740742
0 0.21547135416666666 0.5067407407407407 0.016653645833333335 0.08908333333333333
0 0.22785416666666666 0.5010416666666667 0.02647135416666667 0.0908287037037037
0 0.42277864583333336 0.49187962962962967 0.020450520833333333 0.08754166666666667
0 0.4764921875 0.48543055555555553 0.021135416666666667 0.09048148148148148
0 0.61409375 0.5735694444444445 0.030614583333333334 0.10490740740740741
0 0.7365234375 0.5035138888888888 0.019708333333333335 0.06517592592592593
0 0.7256145833333334 0.4803842592592593 0.019630208333333333 0.05971296296296296
0 0.7865807291666667 0.6029305555555555 0.022893229166666664 0.09196296296296295
1 0.7890598958333332 0.5942916666666667 0.0068671875 0.014023148148148147
0 0.8178125 0.5334537037037037 0.013640625 0.08587037037037036
0 0.8590260416666666 0.5515462962962963 0.015898437499999998 0.07588888888888888
0 0.918296875 0.6363472222222222 0.0249765625 0.08337037037037037
