0 0.513671875 0.63125 0.05234375 0.15208333333333332
0 0.426953125 0.5465277777777777 0.03046875 0.11597222222222223
0 0.430078125 0.4722222222222222 0.034375 0.08472222222222223
1 0.433984375 0.46041666666666664 0.011328125 0.01875
0 0.501171875 0.47152777777777777 0.023828125 0.07777777777777778
0 0.503125 0.425 0.025 0.07152777777777777
0 0.6015625 0.5243055555555556 0.029296875 0.10208333333333333
0 0.633203125 0.5555555555555556 0.021875 0.10972222222222222
0 0.708984375 0.6395833333333333 0.03671875 0.12569444444444444
0 0.71875 0.5729166666666666 0.03046875 0.10625
0 0.615625 0.4618055555555556 0.01875 0.08125
0 0.409765625 0.4236111111111111 0.01953125 0.07013888888888889
0 0.863671875 0.6631944444444444 0.036328125 0.13194444444444445
