0 0.3113958333333333 0.4341388888888889 0.0185234375 0.0679675925925926
0 0.3367604166666667 0.49639351851851854 0.030697916666666665 0.09731018518518518
0 0.39410937500000004 0.45264351851851853 0.029713541666666666 0.07668055555555556
0 0.46915104166666666 0.5036018518518518 0.027520833333333335 0.09311111111111112
0 0.4965234375 0.5191990740740741 0.030848958333333332 0.09365740740740741
0 0.4829140625 0.4966064814814815 0.02147395833333333 0.0839675925925926
0 0.48839583333333336 0.5819444444444445 0.052244791666666665 0.12324537037037037
0 0.5292994791666666 0.5621157407407408 0.03515885416666666 0.11826388888888888
0 0.6098984375000001 0.46308333333333335 0.022606770833333335 0.08069444444444444
0 0.6624453124999999 0.5508842592592593 0.031679687500000005 0.08692592592592592
1 0.6537890625 0.5406527777777778 0.0105859375 0.019694444444444445
0 0.6804791666666666 0.5128333333333334 0.0297890625 0.08986574074074075
0 0.7786562499999999 0.595925925925926 0.02805208333333333 0.10765740740740741
