0 0.5723385416666668 0.6074907407407407 0.05256510416666667 0.11754166666666666
0 0.6892552083333333 0.4977175925925926 0.0174921875 0.08873148148148148
0 0.5901848958333333 0.43700925925925926 0.024908854166666668 0.07366203703703704
0 0.687375 0.47428703703703706 0.01971614583333333 0.07941666666666666
0 0.3807552083333333 0.43727777777777777 0.0168984375 0.07564814814814814
0 0.6914270833333334 0.4392407407407407 0.014760416666666666 0.06415740740740741
0 0.36709375000000005 0.5060833333333333 0.028830729166666666 0.09553703703703705
0 0.5738958333333334 0.527587962962963 0.027190104166666666 0.09639814814814815
0 0.6827994791666666 0.5444583333333333 0.0256015625 0.10124074074074074
0 0.6286979166666666 0.45399074074074075 0.0195546875 0.07349537037037036
1 0.37150260416666664 0.4973888888888888 0.008346354166666665 0.015222222222222224
0 0.6998151041666667 0.47795370370370377 0.019869791666666668 0.07127777777777779
0 0.8977291666666667 0.5994675925925925 0.019888020833333336 0.09172222222222222
