0 0.6157942708333334 0.43538888888888894 0.01677604166666667 0.060740740740740734
0 0.6513489583333333 0.5115046296296296 0.0242890625 0.08420833333333333
1 0.7325651041666668 0.5230046296296297 0.0059869791666666665 0.011587962962962963
0 0.747359375 0.5587268518518518 0.025966145833333332 0.08574999999999999
0 0.6709479166666666 0.44567129629629626 0.012544270833333334 0.06783333333333334
0 0.7089244791666667 0.4681111111111111 0.018187500000000002 0.06931481481481482
0 0.7356171875 0.5067592592592592 0.032677083333333336 0.07336574074074075
0 0.759484375 0.5511666666666667 0.018875 0.07402314814814814
0 0.9084947916666667 0.5758009259259259 0.013765625 0.0865787037037037
0 0.8277760416666666 0.6110555555555556 0.018875 0.09740740740740741
0 0.8218463541666666 0.5453611111111111 0.016625 0.06774074074074074
0 0.8078333333333333 0.5678333333333333 0.018341145833333336 0.08624074074074074
0 0.8045156250000001 0.5347824074074075 0.024973958333333334 0.07506944444444445
