1 0.24134114583333333 0.48286111111111113 0.024638020833333333 0.022449074074074076
0 0.16827864583333335 0.5827268518518519 0.0345625 0.10629629629629629
0 0.24861197916666666 0.5027129629629629 0.0326796875 0.08497685185185186
0 0.23043229166666668 0.5400601851851852 0.0313984375 0.08209722222222222
0 0.21276562499999999 0.5101666666666667 0.020874999999999998 0.08467129629629629
0 0.22234635416666665 0.48248611111111117 0.022927083333333334 0.09622685185185186
0 0.28753645833333336 0.4348703703703704 0.019848958333333333 0.07096296296296296
0 0.2975052083333333 0.4558657407407407 0.0171953125 0.07644444444444444
0 0.48828385416666664 0.44080555555555556 0.020104166666666666 0.08587037037037036
0 0.5136067708333333 0.4964027777777778 0.025067708333333334 0.10124999999999999
0 0.12242447916666667 0.49571759259259257 0.024981770833333337 0.08314814814814815
0 0.5787526041666666 0.46225 0.0188203125 0.07400462962962963
0 0.5622005208333333 0.5119166666666667 0.032765625 0.10489814814814816
