1 0.17422135416666668 0.3998703703703704 0.008216145833333334 0.018268518518518517
0 0.13406770833333334 0.4847731481481481 0.017395833333333333 0.07975462962962963
0 0.14711458333333333 0.5631527777777778 0.020940104166666664 0.09715277777777777
0 0.17610677083333334 0.5646342592592593 0.0230859375 0.10488425925925926
0 0.17626822916666668 0.4926990740740741 0.0223359375 0.09369444444444444
0 0.1802421875 0.45914351851851853 0.015247395833333333 0.07525925925925926
0 0.20740885416666668 0.48186574074074073 0.026630208333333336 0.09397685185185185
0 0.24499218749999999 0.46171759259259254 0.026630208333333336 0.07850462962962963
0 0.29165104166666667 0.43164814814814817 0.015786458333333333 0.0699074074074074
0 0.5470885416666668 0.5007453703703704 0.020721354166666664 0.10053703703703704
0 0.5012213541666667 0.513 0.028479166666666667 0.11368518518518518
0 0.42080208333333335 0.4505138888888889 0.01916927083333333 0.0828287037037037
0 0.4143671875 0.49319907407407404 0.0291171875 0.1000462962962963
