0 0.18859635416666667 0.43550925925925926 0.015252604166666666 0.08178703703703703
0 0.16138541666666667 0.46685648148148146 0.014520833333333334 0.07332407407407407
1 0.1694375 0.4487453703703704 0.004760416666666667 0.01062962962962963
0 0.16663020833333334 0.4823703703703704 0.03673177083333334 0.09003240740740741
0 0.17529427083333332 0.4998333333333334 0.017450520833333334 0.08894444444444445
0 0.18932812499999999 0.514912037037037 0.01598697916666667 0.08959722222222222
0 0.2005546875 0.5286851851851851 0.019403645833333334 0.08764351851851852
0 0.21513802083333333 0.5402916666666666 0.031484375 0.09740740740740741
0 0.24161979166666667 0.4775972222222222 0.017815104166666665 0.07267592592592592
0 0.28249739583333333 0.4788981481481482 0.018059895833333332 0.0765787037037037
0 0.2988515625 0.4739074074074074 0.024651041666666665 0.0731111111111111
0 0.3271015625 0.6124259259259259 0.03233854166666667 0.13970833333333332
0 0.27224739583333335 0.47824537037037035 0.0195234375 0.0804861111111111
