0 0.47739583333333335 0.45369907407407406 0.025955729166666667 0.07820370370370369
0 0.49230989583333334 0.4913611111111111 0.029893229166666667 0.08662500000000001
0 0.585328125 0.5574953703703704 0.04097135416666667 0.11284259259259259
0 0.6092083333333334 0.6363703703703704 0.039638020833333336 0.13067129629629629
0 0.8783932291666667 0.6609675925925926 0.023385416666666665 0.10524537037037038
0 0.7201302083333334 0.5589027777777777 0.02813541666666667 0.09556018518518518
0 0.7141093749999999 0.5260648148148148 0.02509375 0.07156481481481482
0 0.7100859375 0.5011111111111112 0.01983333333333333 0.06311574074074075
0 0.7298255208333334 0.519361111111111 0.019010416666666665 0.07415740740740741
0 0.6408828124999999 0.49852777777777774 0.015130208333333334 0.0859074074074074
0 0.599234375 0.475212962962963 0.031018229166666668 0.07936574074074075
0 0.5679244791666667 0.4609861111111111 0.0160625 0.07230092592592592
