0 0.7153333333333334 0.44225 0.0164296875 0.058499999999999996
0 0.8298671875 0.6140972222222223 0.025161458333333334 0.0755138888888889
0 0.8238177083333333 0.640625 0.030015625 0.11275462962962964
0 0.84509375 0.5321250000000001 0.011877604166666667 0.07916666666666666
0 0.8255052083333333 0.5376157407407407 0.0204453125 0.07419444444444444
0 0.7887760416666667 0.5134537037037037 0.018700520833333335 0.08761111111111111
0 0.7791875 0.5191388888888888 0.0189921875 0.08302777777777778
0 0.5952890624999999 0.4434953703703704 0.019013020833333335 0.06966203703703704
0 0.6184661458333333 0.5066018518518518 0.0284921875 0.08036111111111112
0 0.930109375 0.6163194444444444 0.017528645833333335 0.08579629629629629
0 0.7197447916666667 0.4673333333333334 0.010541666666666666 0.07100000000000001
0 0.7262760416666667 0.5246527777777777 0.022497395833333333 0.07590277777777778
1 0.6301328125 0.49619907407407404 0.00490625 0.01086574074074074
