0 0.5718671875 0.45292592592592595 0.016369791666666668 0.08173611111111112
0 0.9121875 0.6062592592592593 0.019770833333333335 0.10019907407407408
1 0.7686979166666668 0.6228472222222222 0.010200520833333334 0.026527777777777775
0 0.7567968749999999 0.6341018518518519 0.030049479166666667 0.11651851851851852
0 0.6497213541666667 0.5750462962962962 0.024671875 0.11649999999999999
0 0.6390442708333333 0.5039675925925926 0.018187500000000002 0.0854074074074074
0 0.6430781250000001 0.44674074074074077 0.017713541666666666 0.07498611111111111
0 0.6798515625 0.571111111111111 0.030526041666666667 0.09737962962962964
0 0.6667239583333333 0.46762037037037035 0.021984375 0.08159722222222222
0 0.6560468749999999 0.506425925925926 0.04048958333333333 0.0748611111111111
0 0.7637552083333333 0.5906527777777778 0.04396875 0.09991203703703704
0 0.8066171875 0.5507222222222222 0.018979166666666665 0.08752777777777777
0 0.805984375 0.5358842592592593 0.020877604166666668 0.09019444444444444
