0 0.4077421875 0.5732083333333334 0.03803385416666667 0.11832407407407408
0 0.6228567708333334 0.5042222222222221 0.0346953125 0.09653703703703705
0 0.5110494791666667 0.42986111111111114 0.023864583333333335 0.07325925925925926
0 0.6372708333333333 0.4714074074074074 0.024044270833333332 0.09056481481481482
0 0.32326822916666664 0.44320833333333337 0.02219270833333333 0.07412962962962963
0 0.6180260416666666 0.4330555555555555 0.024929687500000002 0.06733333333333333
0 0.29077604166666665 0.5010648148148148 0.019609375 0.08887962962962963
0 0.6080859375000001 0.5236712962962964 0.03340625 0.09639814814814815
0 0.6631614583333333 0.5146481481481482 0.01904166666666667 0.09773611111111112
0 0.5508359375 0.4449768518518518 0.028015625 0.07625462962962963
1 0.3062447916666667 0.49315740740740743 0.008346354166666665 0.015222222222222224
0 0.8817109375 0.6133518518518518 0.026291666666666665 0.09577314814814815
0 0.6230390625 0.4689907407407407 0.017828124999999997 0.0774074074074074
