0 0.43936718750000003 0.6411064814814814 0.04734635416666667 0.1328148148148148
0 0.41140104166666663 0.5519027777777777 0.025713541666666666 0.11668981481481482
0 0.49014583333333334 0.4357638888888889 0.023690104166666667 0.07393055555555555
0 0.6100651041666667 0.6133842592592593 0.040802083333333336 0.12523148148148147
0 0.6415026041666666 0.5498657407407408 0.028377604166666667 0.11760648148148148
0 0.6987187499999999 0.5202407407407408 0.022265625 0.09783333333333333
0 0.8050312500000001 0.6090833333333333 0.03189322916666667 0.10933333333333334
0 0.9303463541666667 0.6383194444444444 0.044119791666666665 0.10480092592592592
1 0.9491145833333333 0.6356898148148148 0.00703125 0.01499537037037037
0 0.8930677083333334 0.5739166666666667 0.017315104166666664 0.09315277777777778
0 0.6797447916666666 0.4512824074074074 0.014453125 0.07064351851851852
0 0.6668046875000001 0.4793935185185185 0.026825520833333335 0.08512962962962962
0 0.649640625 0.45664351851851853 0.01639322916666667 0.07308333333333333
