0 0.39226041666666667 0.5072824074074074 0.022122395833333332 0.09141666666666667
0 0.32625781249999997 0.6761990740740741 0.035656249999999994 0.12617592592592594
0 0.3099609375 0.6183611111111111 0.042854166666666665 0.11150925925925927
0 0.2977473958333333 0.5902546296296296 0.0374765625 0.09481944444444444
1 0.328234375 0.575875 0.008914062499999998 0.018129629629629627
0 0.3471666666666666 0.4476759259259259 0.013971354166666667 0.06562962962962962
0 0.311390625 0.46405092592592595 0.0146484375 0.07855092592592593
0 0.32198177083333335 0.46034722222222224 0.022309895833333333 0.07414351851851853
0 0.2885989583333333 0.47261574074074075 0.013916666666666666 0.07744907407407407
0 0.3555026041666667 0.5136296296296297 0.018705729166666667 0.08896759259259258
0 0.24098958333333334 0.4606203703703704 0.014820312499999998 0.07003240740740742
0 0.24157291666666666 0.44001388888888887 0.015348958333333333 0.06306944444444444
0 0.1621484375 0.45666666666666667 0.013580729166666666 0.06838888888888889
