0 0.5995104166666666 0.43271759259259257 0.010205729166666667 0.061495370370370374
0 0.6481354166666667 0.45187499999999997 0.02325 0.06552314814814815
0 0.6514661458333334 0.5277314814814815 0.02509114583333333 0.06502314814814815
1 0.6608229166666667 0.5400787037037037 0.006380208333333333 0.012097222222222221
0 0.6802447916666666 0.47052314814814816 0.014317708333333333 0.0720787037037037
0 0.6776223958333334 0.5191620370370371 0.026934895833333337 0.07106944444444444
0 0.7501328125000001 0.4804768518518518 0.016302083333333335 0.06729166666666667
0 0.7611197916666667 0.49522222222222223 0.018145833333333337 0.09022222222222222
0 0.7796197916666666 0.5473888888888888 0.019989583333333335 0.08971759259259258
0 0.801875 0.6064861111111111 0.02140625 0.10711111111111112
0 0.7395703124999999 0.5785138888888889 0.03515625 0.0935
0 0.7278046875 0.5717083333333334 0.0283515625 0.0819074074074074
0 0.89621875 0.5691898148148148 0.017010416666666663 0.08644444444444445
