0 0.46289583333333334 0.6305416666666667 0.047773437499999995 0.14095833333333335
0 0.37392187499999996 0.5400046296296297 0.030427083333333334 0.10826851851851853
0 0.39839583333333334 0.47022685185185187 0.026546875 0.0851712962962963
1 0.40030468750000003 0.4686666666666667 0.0103515625 0.014981481481481481
0 0.3822682291666667 0.4259861111111111 0.018864583333333334 0.07355555555555555
0 0.48278906250000003 0.46724074074074073 0.024541666666666666 0.06845833333333333
0 0.4740078125 0.42547685185185186 0.028687499999999998 0.06941203703703704
0 0.5852473958333333 0.5282083333333334 0.02940104166666667 0.11425
0 0.5990833333333333 0.46434722222222224 0.02421614583333333 0.08456944444444443
0 0.6293984375 0.554162037037037 0.03321875 0.10879166666666668
0 0.6731458333333333 0.6398148148148148 0.04209895833333333 0.12781944444444443
0 0.6923203125 0.5737916666666667 0.03820572916666667 0.1063287037037037
0 0.8386354166666667 0.6689490740740741 0.03810416666666667 0.1315787037037037
