0 0.19740364583333334 0.47847222222222224 0.015510416666666667 0.07702314814814815
0 0.18268489583333333 0.45613888888888887 0.015356770833333333 0.06833796296296298
0 0.2696848958333333 0.4338796296296296 0.013802083333333333 0.07191203703703704
0 0.262125 0.47167592592592594 0.016481770833333333 0.08305555555555556
0 0.18894791666666666 0.5120046296296297 0.022697916666666665 0.0820462962962963
0 0.2068046875 0.5341574074074074 0.03742447916666667 0.08961111111111111
0 0.5750729166666667 0.5064166666666666 0.0213671875 0.10420370370370372
0 0.6855130208333333 0.5626111111111111 0.029263020833333334 0.10888888888888888
0 0.37596875 0.44257407407407406 0.023278645833333333 0.07743055555555556
0 0.30495833333333333 0.4628101851851852 0.022638020833333335 0.0775
0 0.6541614583333334 0.6718287037037037 0.030890625 0.1273101851851852
1 0.1103828125 0.513449074074074 0.0080859375 0.013962962962962963
0 0.1166875 0.5215787037037036 0.0222734375 0.08051388888888888
