0 0.211234375 0.47859722222222223 0.0186796875 0.07728240740740741
0 0.17382552083333333 0.45716203703703706 0.016942708333333334 0.06833796296296298
0 0.2548463541666667 0.4354166666666667 0.0178359375 0.07088888888888889
0 0.2431796875 0.4840972222222223 0.020947916666666667 0.08280092592592592
0 0.17209114583333335 0.5098287037037037 0.01923958333333333 0.07718055555555556
0 0.17042447916666664 0.5360787037037037 0.028924479166666666 0.09037962962962963
0 0.5724583333333333 0.508537037037037 0.018598958333333335 0.10042592592592592
0 0.6724114583333333 0.5647407407407407 0.030924479166666668 0.10301388888888889
0 0.3720078125 0.4474398148148148 0.012760416666666666 0.07538425925925926
0 0.273765625 0.46806018518518516 0.023359375 0.07826851851851852
0 0.6276901041666666 0.6766296296296296 0.043984375 0.12725
1 0.12046875 0.49321759259259257 0.0080859375 0.013962962962962963
0 0.12994270833333335 0.5119768518518518 0.024291666666666666 0.08025925925925927
