0 0.23902604166666666 0.554162037037037 0.02634375 0.10543981481481482
0 0.28451302083333335 0.49938888888888894 0.014635416666666668 0.08830092592592592
0 0.29469791666666667 0.5840555555555556 0.026533854166666666 0.11651851851851852
0 0.3422890625 0.49509722222222224 0.028270833333333335 0.08610185185185185
0 0.3127369791666667 0.4516296296296296 0.012440104166666667 0.06744907407407408
0 0.264546875 0.4688796296296296 0.021565104166666668 0.07326851851851851
0 0.17750520833333333 0.5284722222222222 0.030822916666666665 0.075
1 0.18944270833333335 0.5534537037037037 0.005799479166666666 0.010203703703703703
0 0.22909114583333334 0.4870925925925925 0.033278645833333335 0.07998611111111112
0 0.24615364583333335 0.4613935185185185 0.015127604166666668 0.0712962962962963
0 0.17892187499999998 0.5381898148148149 0.019476562500000003 0.07658796296296297
0 0.14890104166666665 0.4631851851851852 0.010786458333333334 0.06974537037037037
0 0.2709895833333333 0.6706851851851852 0.027864583333333335 0.11772685185185185
