0 0.47375 0.5836574074074075 0.04428385416666667 0.11754166666666666
0 0.6556354166666666 0.5022731481481482 0.028335937500000002 0.0922361111111111
0 0.543453125 0.431050925925926 0.021359375 0.07366203703703704
0 0.6607552083333333 0.47218518518518515 0.01971614583333333 0.07941666666666666
0 0.34565885416666664 0.44043055555555555 0.0236015625 0.07564814814814814
0 0.6555416666666667 0.43801388888888887 0.014760416666666666 0.06240277777777777
0 0.3211510416666667 0.5046805555555555 0.01739322916666667 0.09343518518518518
0 0.5851354166666667 0.5233842592592592 0.033499999999999995 0.09639814814814815
0 0.6745182291666667 0.5241296296296296 0.023234374999999998 0.09773611111111112
0 0.5882760416666667 0.4480324074074074 0.0195546875 0.07349537037037036
1 0.33364583333333336 0.5051018518518519 0.008346354166666665 0.015222222222222224
0 0.6516067708333334 0.465337962962963 0.030320312500000002 0.06637037037037037
0 0.8902369791666668 0.6075277777777778 0.02304166666666667 0.09172222222222222
