0 0.6078046874999999 0.5258379629629629 0.022122395833333332 0.09368518518518519
0 0.5993984375 0.4418287037037037 0.01378125 0.0680925925925926
0 0.6240234375 0.47562499999999996 0.022018229166666667 0.07252314814814816
0 0.6525468750000001 0.47329166666666667 0.0166484375 0.06601851851851852
0 0.6475182291666666 0.4659907407407407 0.018627604166666666 0.07202314814814814
0 0.6584557291666666 0.5315972222222223 0.027130208333333336 0.0811851851851852
0 0.6786796875000001 0.4795231481481481 0.0221015625 0.07135648148148148
0 0.7393645833333333 0.5878564814814815 0.026216145833333333 0.09462499999999999
1 0.7323203125000001 0.583949074074074 0.006330729166666666 0.010726851851851852
0 0.7586302083333333 0.5678888888888889 0.019721354166666667 0.08322222222222221
0 0.765328125 0.5135324074074075 0.018848958333333332 0.08705555555555555
0 0.7953489583333333 0.5381342592592592 0.023606770833333336 0.08733796296296296
0 0.8924322916666667 0.5667962962962962 0.017596354166666665 0.07549537037037037
