0 0.4067369791666666 0.45675925925925925 0.026036458333333335 0.0765787037037037
0 0.34710156249999996 0.49580555555555555 0.018841145833333333 0.10032870370370371
0 0.32927083333333335 0.43202777777777773 0.0292734375 0.07024074074074074
0 0.5198645833333333 0.5939027777777778 0.03978385416666667 0.13264351851851852
0 0.5586380208333334 0.5692407407407407 0.0401875 0.11350462962962962
0 0.504296875 0.5325555555555556 0.028544270833333333 0.1082824074074074
0 0.4854557291666667 0.4940925925925926 0.023369791666666664 0.08163888888888889
0 0.48497135416666665 0.5004444444444445 0.024338541666666665 0.09494444444444446
0 0.6299973958333334 0.4666574074074074 0.0325078125 0.0842962962962963
0 0.6991354166666667 0.5148287037037037 0.022317708333333335 0.09438888888888888
0 0.6848645833333333 0.5507037037037037 0.021429687500000003 0.08419907407407408
1 0.6676796875 0.5588194444444444 0.0108359375 0.01848611111111111
0 0.7893776041666667 0.5908981481481481 0.035416666666666666 0.11024537037037037
