0 0.8902473958333333 0.5734722222222223 0.019528645833333334 0.09778703703703703
0 0.5982395833333333 0.4386805555555555 0.022734374999999998 0.07864814814814815
0 0.5499479166666668 0.4992546296296297 0.03076302083333333 0.099375
1 0.79090625 0.43538888888888894 0.008578124999999999 0.018754629629629628
0 0.5628177083333333 0.48053240740740744 0.01896875 0.0892037037037037
0 0.6558177083333334 0.598337962962963 0.0494453125 0.14131944444444444
0 0.6116380208333333 0.5099675925925926 0.03291666666666667 0.09369444444444444
0 0.6243307291666667 0.4688101851851852 0.022039062499999998 0.07196296296296296
0 0.7778307291666666 0.48803240740740744 0.020783854166666667 0.07816666666666666
0 0.7881536458333334 0.5164305555555556 0.0179921875 0.08288888888888889
0 0.7930703124999999 0.5332824074074074 0.02196875 0.0917037037037037
0 0.7637083333333333 0.5120277777777777 0.023921875 0.09764351851851852
0 0.8077864583333334 0.5003101851851852 0.025174479166666666 0.08536574074074073
