0 0.3916927083333333 0.5369351851851851 0.019114583333333334 0.10503703703703704
0 0.35311458333333334 0.4686574074074074 0.015640625000000002 0.07847222222222222
0 0.30654427083333335 0.43544907407407407 0.014596354166666665 0.0676574074074074
0 0.2796953125 0.4997083333333333 0.017552083333333336 0.08866666666666667
0 0.2884713541666667 0.4921388888888889 0.018419270833333334 0.08464814814814815
0 0.2498046875 0.6472222222222223 0.023807291666666668 0.11245370370370371
0 0.22938541666666667 0.45460185185185187 0.010427083333333333 0.06950925925925926
0 0.199234375 0.4912083333333333 0.014770833333333334 0.0840324074074074
0 0.17525520833333333 0.5072731481481482 0.018593750000000003 0.08156018518518518
0 0.18880989583333332 0.5097453703703704 0.018593750000000003 0.08156018518518518
0 0.18463802083333333 0.49646296296296294 0.0158125 0.08650462962962963
1 0.16613020833333333 0.4037824074074074 0.005908854166666667 0.01112037037037037
0 0.17143229166666665 0.45475462962962965 0.014075520833333332 0.06611111111111112
