0 0.5615833333333333 0.5327824074074073 0.01982291666666667 0.08600925925925926
0 0.5271458333333333 0.42825925925925923 0.012096354166666667 0.060925925925925925
1 0.5869505208333333 0.479625 0.00671875 0.011944444444444445
0 0.6133229166666666 0.531888888888889 0.032588541666666665 0.09018981481481482
0 0.6467526041666667 0.45244907407407403 0.019486979166666665 0.06271759259259259
0 0.6732864583333333 0.47032870370370367 0.013140625 0.07764351851851853
0 0.6802447916666666 0.4981574074074074 0.023190104166666666 0.08863888888888889
0 0.7095208333333333 0.48081018518518515 0.021450520833333334 0.07730092592592593
0 0.7202473958333333 0.4717037037037037 0.014299479166666665 0.06871296296296296
0 0.7164791666666667 0.4473101851851852 0.012947916666666667 0.05359722222222222
0 0.7735833333333333 0.6465740740740741 0.023190104166666666 0.12436574074074074
0 0.7589947916666666 0.6263055555555556 0.03536458333333334 0.09688425925925927
0 0.8924322916666667 0.5632638888888889 0.01932552083333333 0.07867592592592593
