0 0.24013802083333333 0.6532685185185185 0.0243203125 0.11603703703703704
0 0.21236458333333333 0.5988749999999999 0.0283984375 0.09930092592592593
1 0.21495572916666666 0.5875787037037037 0.007531250000000001 0.015342592592592593
0 0.1973828125 0.5634490740740741 0.022593750000000003 0.10543981481481482
0 0.23260677083333334 0.46596296296296297 0.017729166666666667 0.08005555555555555
0 0.3019557291666667 0.43179166666666663 0.0130234375 0.06471296296296296
0 0.35695052083333334 0.4843703703703704 0.014750000000000001 0.08228703703703705
0 0.20036197916666668 0.5824166666666667 0.04048177083333333 0.10264814814814814
0 0.2096197916666667 0.5370879629629629 0.0354609375 0.0811712962962963
0 0.21793489583333334 0.48506944444444444 0.017888020833333334 0.08200925925925925
0 0.30642708333333335 0.4885555555555555 0.0166328125 0.08563425925925926
0 0.27567447916666665 0.460662037037037 0.011296875000000001 0.07391666666666666
0 0.16325520833333332 0.45299074074074075 0.013651041666666667 0.06694444444444445
