0 0.6430442708333334 0.6145972222222222 0.0362578125 0.1204537037037037
0 0.5998411458333333 0.43926851851851856 0.021351562499999997 0.07417592592592592
0 0.8173619791666666 0.6446666666666667 0.035625000000000004 0.12505555555555556
0 0.6577031249999999 0.5359490740740741 0.024950520833333333 0.09396759259259259
0 0.6615755208333333 0.4450601851851852 0.014638020833333333 0.06763425925925926
0 0.8045911458333334 0.5916388888888889 0.024203125 0.11318055555555555
0 0.9004609375 0.5660694444444445 0.020700520833333333 0.0851574074074074
0 0.7128671875 0.5200462962962963 0.021013020833333333 0.09028240740740741
0 0.67409375 0.45356944444444447 0.016213541666666668 0.0665462962962963
0 0.68175 0.5916250000000001 0.036848958333333334 0.10081944444444445
1 0.6526536458333333 0.5577268518518519 0.010153645833333334 0.02028240740740741
0 0.7029947916666667 0.47744907407407405 0.020223958333333333 0.07735185185185185
0 0.6900807291666666 0.476462962962963 0.0164609375 0.07610185185185185
