0 0.7145520833333333 0.44322222222222224 0.014869791666666667 0.056560185185185186
0 0.8201119791666667 0.6164444444444445 0.03003125 0.08545370370370371
0 0.8171197916666666 0.6388101851851852 0.024690104166666667 0.11168518518518519
0 0.8367734375 0.5318379629629629 0.018789062500000002 0.08032407407407408
0 0.821734375 0.5460925925925926 0.021049479166666666 0.0707175925925926
0 0.7753802083333333 0.5025694444444444 0.010768229166666667 0.07343518518518519
0 0.7798776041666666 0.5156481481481481 0.01827604166666667 0.07982407407407408
0 0.5956041666666666 0.44402314814814814 0.01728125 0.0716574074074074
0 0.6285104166666666 0.505449074074074 0.02285416666666667 0.07674074074074073
0 0.9231953125000001 0.6065787037037037 0.021463541666666665 0.08332870370370371
0 0.7192239583333334 0.46820833333333334 0.010867187499999998 0.07153703703703704
0 0.7127838541666667 0.5192222222222223 0.02449739583333333 0.0705324074074074
1 0.63921875 0.5227962962962963 0.0056875 0.010587962962962964
