0 0.20034114583333332 0.5001712962962962 0.021335937500000002 0.07919444444444444
0 0.2611822916666667 0.4382731481481481 0.017348958333333334 0.05876851851851852
0 0.3308177083333333 0.5208055555555556 0.029072916666666667 0.09461574074074074
0 0.28158072916666665 0.5235138888888888 0.022507812500000002 0.09503240740740741
0 0.13949999999999999 0.6204212962962963 0.028604166666666667 0.11212037037037037
0 0.21358854166666666 0.47537037037037033 0.016411458333333333 0.06793981481481481
1 0.21991927083333335 0.46494907407407404 0.004690104166666667 0.00875462962962963
0 0.2935390625 0.46828703703703706 0.01828645833333333 0.06960648148148148
0 0.4916536458333333 0.4382731481481481 0.0253203125 0.062106481481481485
0 0.5013828124999999 0.5551898148148149 0.029776041666666666 0.10170370370370371
0 0.6383046875 0.6268796296296296 0.030713541666666667 0.118375
0 0.5557994791666666 0.47833333333333333 0.011783854166666666 0.08466666666666667
0 0.4650885416666667 0.4667685185185185 0.0208671875 0.06939351851851851
