0 0.5962239583333333 0.5448518518518519 0.038966145833333334 0.09970370370370371
0 0.5889895833333333 0.44025000000000003 0.021351562499999997 0.07417592592592592
0 0.7489348958333333 0.6310509259259259 0.035479166666666666 0.1223564814814815
0 0.6536328124999999 0.5465324074074074 0.031091145833333333 0.10704166666666667
0 0.6666796875000001 0.46817592592592594 0.018330729166666667 0.07370833333333333
0 0.6651718750000001 0.4782638888888889 0.0278125 0.06801388888888889
0 0.7725260416666667 0.5983796296296297 0.03616927083333333 0.11318055555555555
1 0.6034661458333334 0.5071574074074074 0.00703125 0.01499537037037037
0 0.8931770833333333 0.5611666666666666 0.020700520833333333 0.07685648148148148
0 0.7127369791666667 0.4819351851851852 0.019192708333333332 0.07546296296296297
0 0.7239921875 0.5161574074074075 0.018963541666666663 0.09028240740740741
0 0.7033020833333333 0.45080555555555557 0.016213541666666668 0.0665462962962963
0 0.6265703125000001 0.5480601851851852 0.033317708333333335 0.07548148148148148
