0 0.6123255208333334 0.4376851851851852 0.0161015625 0.08692592592592592
0 0.7256874999999999 0.4546296296296296 0.013140625 0.06272222222222222
0 0.7423203125000001 0.475462962962963 0.015153645833333333 0.07030092592592592
0 0.7276406249999999 0.5863842592592592 0.03812239583333333 0.08966203703703703
0 0.7386510416666667 0.5535509259259259 0.038596354166666666 0.08040277777777777
0 0.7514375 0.5631296296296295 0.031966145833333334 0.09197685185185185
0 0.7750572916666666 0.5720740740740741 0.0323203125 0.0930324074074074
0 0.7778984375 0.5604953703703704 0.02071875 0.09808333333333334
0 0.7912161458333333 0.5221898148148149 0.031018229166666668 0.10102777777777777
0 0.8337786458333334 0.5493425925925925 0.0230859375 0.07913888888888888
0 0.8694166666666666 0.548287037037037 0.017640625 0.08713888888888889
1 0.8756901041666667 0.5065092592592593 0.005091145833333334 0.010314814814814815
0 0.9368984375 0.6120648148148148 0.01787760416666667 0.09850462962962964
