1 0.20720572916666666 0.6061157407407407 0.013565104166666668 0.019180555555555555
0 0.6267161458333333 0.6352916666666667 0.03995833333333333 0.129875
0 0.20604947916666666 0.45402314814814815 0.024080729166666665 0.0720462962962963
0 0.11322395833333333 0.5594722222222223 0.026971354166666666 0.08105092592592593
0 0.16298958333333333 0.5369444444444444 0.0223984375 0.09768518518518518
0 0.262515625 0.494875 0.022713541666666667 0.09954166666666667
0 0.18675260416666667 0.6196759259259259 0.040484375 0.10425462962962963
0 0.29469270833333333 0.4615 0.028182291666666668 0.09448611111111112
0 0.33428385416666667 0.4615 0.022187500000000002 0.09448611111111112
0 0.3394375 0.44804166666666667 0.030390625 0.09747222222222222
0 0.4163046875 0.4470138888888889 0.026393229166666664 0.10102314814814815
0 0.45347656249999996 0.48253703703703704 0.03028385416666667 0.10477314814814814
0 0.5453802083333333 0.5131990740740741 0.029023437500000002 0.11375925925925925
