1 0.5356901041666667 0.5261574074074075 0.011244791666666667 0.02358333333333333
0 0.4607395833333333 0.4249675925925926 0.016817708333333334 0.07151851851851851
0 0.4956484375 0.474787037037037 0.030312500000000003 0.08249999999999999
0 0.5501119791666667 0.48712962962962963 0.02307552083333333 0.08424537037037037
0 0.5554895833333333 0.4290555555555556 0.022684895833333333 0.07238888888888889
0 0.646328125 0.46452777777777776 0.02425 0.08284259259259259
0 0.607703125 0.6313425925925926 0.044393229166666666 0.13486574074074073
0 0.6643177083333334 0.5567453703703703 0.026205729166666667 0.10874537037037037
0 0.6397760416666666 0.5212731481481482 0.028747395833333335 0.10037962962962962
0 0.5232213541666667 0.5477916666666667 0.029138020833333333 0.11065277777777778
0 0.8923411458333333 0.6417361111111112 0.030507812500000002 0.12019444444444445
0 0.7606328125 0.6369537037037036 0.0369609375 0.12210185185185185
0 0.7497786458333333 0.5765509259259259 0.029333333333333333 0.10872685185185185
