0 0.45536197916666665 0.5028703703703704 0.01873958333333333 0.09977777777777778
0 0.4784557291666667 0.43531018518518516 0.026716145833333333 0.0739675925925926
0 0.5286328125 0.4757268518518518 0.030010416666666664 0.09
0 0.5425390625 0.47500925925925924 0.015223958333333334 0.07997685185185185
0 0.594328125 0.4691296296296297 0.019104166666666665 0.08481481481481482
0 0.7022213541666668 0.6266805555555556 0.03066927083333333 0.1264398148148148
0 0.8007447916666667 0.5430694444444444 0.03359895833333334 0.0911712962962963
0 0.7622057291666666 0.5989120370370371 0.040111979166666666 0.10603703703703703
0 0.7747239583333333 0.532912037037037 0.020640625000000003 0.08491666666666665
0 0.7827369791666666 0.5181388888888889 0.01778645833333333 0.08425462962962964
1 0.7804322916666667 0.5262638888888889 0.009223958333333334 0.016967592592592593
0 0.8637682291666666 0.571574074074074 0.023057291666666667 0.09508796296296296
0 0.7892994791666667 0.6219490740740741 0.042606770833333335 0.11273148148148149
