0 0.8945130208333333 0.5709398148148148 0.01934635416666667 0.08074999999999999
0 0.6111822916666667 0.44902314814814814 0.017249999999999998 0.07587962962962963
1 0.6959921875 0.5078703703703704 0.010489583333333333 0.01676851851851852
0 0.5317864583333333 0.5067824074074074 0.023122395833333333 0.09481944444444444
0 0.7028151041666667 0.4700462962962963 0.022000000000000002 0.058138888888888886
0 0.5873255208333333 0.4819907407407407 0.022997395833333333 0.08349074074074074
0 0.7618046875 0.47474074074074074 0.020885416666666667 0.07628703703703704
0 0.70521875 0.5207962962962963 0.023760416666666666 0.07765740740740741
0 0.7795234375 0.5082777777777778 0.020182291666666668 0.086
0 0.6611145833333333 0.5011851851851852 0.023359375 0.08341203703703703
0 0.7249583333333334 0.5011851851851852 0.019671875000000002 0.0709212962962963
0 0.7115442708333333 0.5508796296296297 0.0271796875 0.11020833333333334
0 0.7259036458333333 0.5143796296296296 0.016377604166666667 0.08950925925925926
