0 0.15609114583333333 0.4558935185185185 0.011354166666666667 0.06756018518518518
0 0.18423697916666668 0.5204722222222222 0.009471354166666666 0.09638888888888889
0 0.1875234375 0.5347962962962963 0.027903645833333334 0.09305092592592593
0 0.26251041666666663 0.5026342592592593 0.012682291666666668 0.08825462962962963
0 0.2939244791666667 0.4990972222222222 0.0200234375 0.09271296296296296
0 0.3601848958333333 0.561675925925926 0.03158072916666667 0.11480092592592593
0 0.3976015625 0.5696944444444444 0.03716927083333333 0.11048148148148147
0 0.43201822916666666 0.4909722222222222 0.029473958333333335 0.081375
0 0.4285338541666667 0.44133796296296296 0.02880989583333333 0.060847222222222226
0 0.4721744791666667 0.4852407407407407 0.0363203125 0.07819444444444444
1 0.4316119791666667 0.4357037037037037 0.005283854166666667 0.009699074074074074
0 0.3826458333333333 0.4588148148148148 0.0206875 0.05832407407407408
0 0.6040885416666666 0.6862638888888889 0.04227864583333333 0.12104629629629629
