0 0.22367708333333333 0.5468379629629629 0.019895833333333335 0.10022222222222221
0 0.23133333333333334 0.47280092592592593 0.020783854166666667 0.07431944444444445
0 0.11216145833333332 0.5702268518518518 0.016166666666666666 0.09914814814814815
0 0.26108333333333333 0.6611851851851852 0.041239583333333336 0.12075462962962963
0 0.3171276041666667 0.5317638888888888 0.016546875 0.10126851851851852
0 0.4003567708333333 0.49325 0.025921875 0.09080555555555556
0 0.17198697916666666 0.5298564814814815 0.015057291666666667 0.07251388888888889
0 0.1817734375 0.4974305555555556 0.015877604166666667 0.08022222222222222
0 0.14840104166666668 0.530611111111111 0.018072916666666668 0.0852037037037037
0 0.15520572916666667 0.5204444444444445 0.018190104166666665 0.08153240740740741
1 0.1664765625 0.4668472222222222 0.0054062500000000005 0.011745370370370371
0 0.17265625 0.4573148148148148 0.012052083333333333 0.06930092592592592
0 0.16294531250000002 0.4943101851851852 0.014023437500000001 0.07375462962962963
