1 0.5277630208333333 0.5197638888888889 0.0071875 0.012425925925925925
0 0.5245390625 0.49831481481481477 0.019609375 0.08096296296296296
0 0.5314973958333333 0.4452268518518519 0.013169270833333333 0.07165277777777779
0 0.5750572916666666 0.5118935185185185 0.020169270833333332 0.08174537037037037
0 0.60384375 0.5900787037037036 0.033875 0.10754166666666666
0 0.6543203125 0.5636157407407408 0.03134375 0.0953611111111111
0 0.701421875 0.5336574074074074 0.02465625 0.08973148148148148
0 0.6831119791666667 0.4743935185185185 0.026239583333333334 0.07101851851851852
0 0.7216432291666667 0.5215324074074074 0.02392447916666667 0.09214351851851851
0 0.7160338541666668 0.48968055555555556 0.012703125000000001 0.08248611111111111
0 0.7138072916666667 0.4695740740740741 0.011591145833333334 0.06664814814814815
0 0.7057578125 0.4594861111111111 0.0110703125 0.06703703703703705
0 0.8962369791666667 0.5715277777777777 0.017666666666666667 0.07540740740740741
