0 0.25066927083333335 0.47887037037037034 0.022190104166666665 0.08812037037037038
0 0.23580208333333333 0.46477314814814813 0.027869791666666664 0.06817592592592592
0 0.2692890625 0.46908796296296296 0.014234374999999999 0.07674537037037038
0 0.26548958333333333 0.4416388888888889 0.017130208333333334 0.05377314814814815
0 0.24977083333333333 0.5566203703703704 0.022309895833333333 0.10664351851851851
0 0.27408072916666665 0.6707685185185185 0.026604166666666665 0.11862500000000001
0 0.30086979166666666 0.5856157407407407 0.030419270833333335 0.11145370370370371
0 0.3261145833333333 0.5012777777777778 0.03355729166666667 0.08299537037037037
0 0.34856770833333334 0.5001805555555556 0.015958333333333335 0.09549537037037037
0 0.1933359375 0.5100370370370371 0.016640625 0.08214814814814815
0 0.2028828125 0.48864814814814816 0.017140625 0.0595787037037037
1 0.22646614583333333 0.44583333333333336 0.006278645833333333 0.012208333333333333
0 0.1509609375 0.4574444444444445 0.010408854166666667 0.06788425925925926
