0 0.5965026041666667 0.4993518518518518 0.019057291666666667 0.0902638888888889
0 0.6113932291666667 0.4373194444444444 0.014809895833333333 0.08822685185185185
0 0.6422578125 0.4501203703703704 0.016111979166666665 0.07315277777777777
0 0.7627890625 0.6327222222222223 0.030127604166666665 0.10355092592592592
0 0.8008541666666668 0.6147962962962963 0.028263020833333333 0.10536111111111111
0 0.8932760416666666 0.566412037037037 0.0171484375 0.07577777777777778
0 0.7263072916666666 0.5502916666666667 0.031125 0.09448611111111112
0 0.7544635416666666 0.49468055555555557 0.019661458333333333 0.0714537037037037
0 0.7688281250000001 0.5192824074074075 0.020130208333333333 0.07922222222222222
0 0.7000078125000001 0.4754490740740741 0.01854427083333333 0.07352314814814814
0 0.6680078125000001 0.5085694444444444 0.024690104166666667 0.0837962962962963
0 0.7365651041666667 0.5279537037037038 0.019395833333333334 0.08191203703703705
1 0.8055546875 0.39813425925925927 0.005361979166666667 0.011078703703703703
