0 0.553515625 0.5006944444444444 0.030078125 0.10486111111111111
0 0.480078125 0.44027777777777777 0.01953125 0.08263888888888889
0 0.43125 0.5798611111111112 0.033203125 0.09236111111111112
1 0.405078125 0.6104166666666667 0.0125 0.024305555555555556
0 0.38203125 0.5423611111111111 0.03125 0.10138888888888889
0 0.398828125 0.5284722222222222 0.030078125 0.08472222222222223
0 0.3171875 0.54375 0.027734375 0.11388888888888889
0 0.28515625 0.4875 0.025 0.09027777777777778
0 0.301171875 0.45 0.021875 0.08125
0 0.378125 0.5006944444444444 0.027734375 0.09305555555555556
0 0.40234375 0.46458333333333335 0.025390625 0.08680555555555555
0 0.216015625 0.4423611111111111 0.023828125 0.07013888888888889
0 0.65078125 0.6138888888888889 0.05 0.13541666666666666
