0 0.5895807291666666 0.4483564814814815 0.022221354166666665 0.08524999999999999
0 0.9029348958333333 0.5870000000000001 0.021825520833333334 0.10385185185185185
1 0.6920286458333333 0.5888888888888889 0.012809895833333333 0.030314814814814815
0 0.6996197916666667 0.6018333333333333 0.027994791666666668 0.10680555555555556
0 0.62615625 0.47887037037037034 0.022458333333333334 0.08722685185185185
0 0.6744739583333333 0.5207731481481481 0.0238828125 0.10355092592592592
0 0.6798515625 0.48364814814814816 0.027361979166666665 0.07429166666666667
0 0.7561223958333334 0.49012037037037043 0.01684375 0.09285185185185185
0 0.7315703125 0.5684398148148148 0.04096354166666667 0.10047222222222223
0 0.7837630208333334 0.5303333333333333 0.031473958333333336 0.10017592592592592
0 0.7237395833333333 0.5123333333333334 0.020877604166666668 0.0922962962962963
0 0.6983567708333334 0.5374351851851852 0.021984375 0.10735185185185185
0 0.6756588541666667 0.4764074074074074 0.0259375 0.08652314814814814
