1 0.8503437500000001 0.6749305555555555 0.007322916666666667 0.014097222222222221
0 0.7702265625 0.5417037037037037 0.019559895833333334 0.08964814814814814
0 0.7944114583333334 0.5557175925925926 0.018304687500000003 0.08693055555555557
0 0.7652265625 0.555412037037037 0.013627604166666666 0.09114814814814814
0 0.7978541666666668 0.5683750000000001 0.019898437499999998 0.09415740740740741
0 0.8202421875 0.5849768518518518 0.03376041666666666 0.0905925925925926
0 0.7691432291666668 0.508550925925926 0.029184895833333332 0.08725000000000001
0 0.8586302083333333 0.6579953703703704 0.031625 0.08990740740740741
0 0.9047473958333333 0.5699953703703704 0.01972916666666667 0.08150925925925925
0 0.7023984375 0.4798796296296296 0.015286458333333334 0.08239814814814814
0 0.705078125 0.466712962962963 0.015151041666666667 0.07113425925925926
0 0.684875 0.4491435185185185 0.012372395833333332 0.07156481481481482
0 0.6121302083333333 0.434087962962963 0.008440104166666665 0.06189814814814814
