0 0.7145520833333333 0.44322222222222224 0.014869791666666667 0.056560185185185186
0 0.8148880208333333 0.614375 0.02578645833333333 0.08494444444444443
0 0.8029062499999999 0.637712962962963 0.032200520833333336 0.11525
0 0.8303463541666667 0.5226944444444445 0.010473958333333333 0.07861111111111112
0 0.8198880208333333 0.5415000000000001 0.022317708333333335 0.0802962962962963
0 0.7656822916666666 0.4954212962962963 0.02587760416666667 0.07595833333333334
0 0.7798125 0.5130370370370371 0.0189921875 0.07969907407407407
0 0.5952890624999999 0.4434953703703704 0.019013020833333335 0.06966203703703704
0 0.6374244791666667 0.5050740740740741 0.026463541666666666 0.07619907407407407
0 0.9199661458333334 0.6028657407407407 0.019401041666666667 0.08218981481481481
0 0.7197447916666667 0.4673333333333334 0.010541666666666666 0.07100000000000001
0 0.7046640624999999 0.5153611111111112 0.018596354166666666 0.07839814814814815
1 0.6477135416666666 0.5019583333333334 0.0056875 0.010587962962962964
