0 0.7391015625 0.5819814814814814 0.029643229166666667 0.09633796296296296
1 0.8258333333333333 0.5775277777777778 0.008513020833333333 0.012347222222222223
0 0.7879244791666667 0.5350324074074074 0.017890625 0.07642592592592592
0 0.7535390625 0.5628101851851852 0.029164062499999997 0.09823611111111111
0 0.6715911458333333 0.4968194444444445 0.014872395833333333 0.0859537037037037
0 0.59475 0.5214768518518519 0.0254765625 0.0905925925925926
0 0.6633359375 0.46185185185185185 0.011986979166666667 0.06438425925925925
0 0.7157421875 0.49295370370370367 0.026791666666666665 0.07497222222222222
0 0.6733281249999999 0.5375555555555555 0.015934895833333334 0.09094444444444444
0 0.6436041666666666 0.4836527777777778 0.028291666666666666 0.07717592592592593
0 0.8935364583333333 0.5667222222222221 0.01769270833333333 0.07578703703703703
0 0.6159348958333334 0.44389814814814815 0.0150859375 0.07252314814814816
0 0.8254583333333334 0.578125 0.024307291666666668 0.08712962962962963
