0 0.7155286458333333 0.44357407407407407 0.0162734375 0.055851851851851854
0 0.73109375 0.5758101851851852 0.02528645833333333 0.09801388888888889
0 0.6973671874999999 0.5957638888888889 0.033234375000000003 0.11526388888888889
0 0.7763541666666666 0.4688657407407407 0.010354166666666666 0.038675925925925926
0 0.7802447916666666 0.48435185185185187 0.012903645833333333 0.04353240740740741
0 0.7155078125000001 0.49106944444444445 0.02707552083333333 0.07210648148148148
0 0.7665859375 0.5048611111111111 0.021734374999999997 0.061078703703703704
0 0.6282213541666667 0.4474212962962963 0.010117187500000001 0.07051851851851852
0 0.7716640625 0.5402314814814815 0.034830729166666664 0.07927777777777778
0 0.9055208333333333 0.5745138888888889 0.0142421875 0.07643981481481482
0 0.7289348958333334 0.47197222222222224 0.0118671875 0.070375
0 0.7747994791666667 0.5227731481481481 0.026583333333333334 0.07689351851851851
1 0.7677994791666667 0.530050925925926 0.005888020833333333 0.011342592592592593
