0 0.680078125 0.6840277777777778 0.059765625 0.16041666666666668
0 0.466015625 0.63125 0.052734375 0.14305555555555555
0 0.510546875 0.5590277777777778 0.0453125 0.12430555555555556
0 0.573828125 0.5284722222222222 0.028125 0.10694444444444444
0 0.405078125 0.48194444444444445 0.025390625 0.08888888888888889
0 0.35546875 0.44513888888888886 0.032421875 0.08472222222222223
0 0.262109375 0.6041666666666666 0.04765625 0.12986111111111112
0 0.281640625 0.46805555555555556 0.0296875 0.07569444444444444
1 0.29375 0.48819444444444443 0.009765625 0.022916666666666665
0 0.258203125 0.4395833333333333 0.02109375 0.07013888888888889
0 0.209765625 0.5263888888888889 0.03515625 0.08958333333333333
0 0.455859375 0.5180555555555556 0.037109375 0.10694444444444444
0 0.524609375 0.49444444444444446 0.026953125 0.10486111111111111
