0 0.3064921875 0.5315138888888888 0.038585937499999994 0.10728703703703704
0 0.38854947916666666 0.6250324074074074 0.04249479166666667 0.13802777777777778
0 0.35020572916666665 0.46825 0.0253984375 0.08669444444444444
1 0.35558333333333336 0.45673148148148146 0.009247395833333333 0.018375
0 0.333453125 0.42936574074074074 0.02840364583333333 0.06652314814814815
0 0.4320104166666667 0.4341851851851852 0.021403645833333332 0.07474537037037036
0 0.45552604166666666 0.46519444444444447 0.017703125 0.07899074074074074
0 0.5433828125000001 0.5252685185185185 0.03210416666666667 0.11246759259259259
0 0.573734375 0.47856944444444444 0.023450520833333332 0.08601388888888889
0 0.6107265625 0.5457824074074075 0.022921874999999998 0.10769907407407407
0 0.609109375 0.6396574074074074 0.035143229166666665 0.13620833333333332
0 0.7903671875 0.6834629629629629 0.037783854166666665 0.14137962962962963
0 0.6326588541666667 0.5670740740740742 0.029924479166666667 0.1171712962962963
