0 0.9004166666666666 0.5918194444444445 0.022723958333333336 0.10191203703703704
0 0.811546875 0.640875 0.03663802083333333 0.1165462962962963
0 0.7991406249999999 0.5926851851851852 0.0219140625 0.1061111111111111
0 0.6928776041666667 0.5618148148148148 0.027479166666666666 0.10744907407407407
0 0.71253125 0.5097685185185185 0.018783854166666666 0.0905462962962963
0 0.7080104166666668 0.4958518518518518 0.0153046875 0.08744444444444444
0 0.6270807291666666 0.5777962962962963 0.0304921875 0.12086111111111111
1 0.6194869791666666 0.5078055555555555 0.008 0.014884259259259259
0 0.5196640625 0.4403472222222222 0.020184895833333334 0.0775787037037037
0 0.6642109375 0.4780509259259259 0.014906250000000001 0.07481944444444445
0 0.6412942708333333 0.4534768518518518 0.019005208333333336 0.06740277777777778
0 0.6759817708333333 0.46291666666666664 0.016458333333333335 0.0717175925925926
0 0.6278541666666667 0.49552314814814813 0.026145833333333333 0.0858287037037037
