0 0.482421875 0.43125 0.0203125 0.07847222222222222
0 0.5484375 0.47152777777777777 0.02421875 0.075
0 0.583203125 0.5486111111111112 0.04140625 0.10625
1 0.591796875 0.5368055555555555 0.009765625 0.01875
0 0.662109375 0.5222222222222223 0.03046875 0.1
0 0.597265625 0.4888888888888889 0.026171875 0.08611111111111111
0 0.66640625 0.4625 0.023046875 0.07847222222222222
0 0.594921875 0.42916666666666664 0.026171875 0.07430555555555556
0 0.667578125 0.64375 0.050390625 0.13194444444444445
0 0.76171875 0.5798611111111112 0.033203125 0.10486111111111111
0 0.6984375 0.5701388888888889 0.025390625 0.11180555555555556
0 0.792578125 0.6409722222222223 0.0296875 0.13194444444444445
0 0.902734375 0.6284722222222222 0.02578125 0.11458333333333333
