0 0.57109375 0.50625 0.028125 0.09722222222222222
0 0.560546875 0.43194444444444446 0.015625 0.07569444444444444
0 0.61640625 0.4638888888888889 0.0203125 0.075
0 0.661328125 0.44305555555555554 0.0171875 0.07083333333333333
0 0.66484375 0.5125 0.021484375 0.09652777777777778
0 0.70859375 0.48680555555555555 0.0265625 0.07569444444444444
0 0.74921875 0.4965277777777778 0.026953125 0.07916666666666666
0 0.817578125 0.5875 0.0265625 0.10555555555555556
0 0.8140625 0.5326388888888889 0.029296875 0.08611111111111111
0 0.814453125 0.5368055555555555 0.0234375 0.09583333333333334
0 0.870703125 0.6472222222222223 0.033984375 0.11458333333333333
0 0.88828125 0.5659722222222222 0.02265625 0.09027777777777778
1 0.8140625 0.4340277777777778 0.008203125 0.019444444444444445
