0 0.5640625 0.50625 0.017578125 0.1
0 0.56015625 0.4340277777777778 0.014453125 0.07777777777777778
0 0.613671875 0.4638888888888889 0.020703125 0.075
0 0.662109375 0.5138888888888888 0.021484375 0.09444444444444444
0 0.662109375 0.4423611111111111 0.016015625 0.07083333333333333
0 0.71015625 0.49583333333333335 0.02421875 0.0798611111111111
0 0.753515625 0.4965277777777778 0.026171875 0.07916666666666666
0 0.8234375 0.5895833333333333 0.028125 0.10625
0 0.87109375 0.6465277777777778 0.034765625 0.11388888888888889
0 0.82578125 0.5368055555555555 0.0171875 0.08680555555555555
0 0.82578125 0.5569444444444445 0.033203125 0.08958333333333333
0 0.8875 0.5673611111111111 0.023046875 0.09513888888888888
1 0.811328125 0.4215277777777778 0.008203125 0.017361111111111112
