1 0.6291614583333334 0.43050925925925926 0.006346354166666667 0.011564814814814814
0 0.6201171875 0.43502314814814813 0.011739583333333333 0.06176388888888889
0 0.660015625 0.4918518518518519 0.03125260416666667 0.10096296296296296
0 0.6262265625 0.48056944444444444 0.02014583333333333 0.09475925925925927
0 0.8941666666666667 0.5667268518518519 0.014434895833333333 0.08488888888888889
0 0.8467317708333333 0.5859027777777778 0.0223671875 0.09391203703703703
0 0.7984270833333333 0.5351388888888889 0.016497395833333334 0.08714351851851851
0 0.7387786458333333 0.5001712962962962 0.022526041666666666 0.07868518518518519
0 0.7235494791666667 0.473375 0.02823697916666667 0.06176388888888889
0 0.769953125 0.5832268518518519 0.025859375 0.1020925925925926
0 0.7740755208333333 0.5541759259259259 0.019513020833333335 0.08630092592592592
0 0.7653515624999999 0.618337962962963 0.0233203125 0.10632407407407407
0 0.7829609375000001 0.562212962962963 0.018559895833333333 0.08770833333333333
