0 0.15744010416666668 0.46478703703703705 0.016356770833333333 0.07004166666666667
0 0.2292473958333333 0.6566157407407407 0.027346354166666666 0.11178703703703705
0 0.2806015625 0.5760694444444444 0.018268229166666667 0.11149537037037037
0 0.2976536458333333 0.46991203703703704 0.017057291666666665 0.07442129629629629
0 0.2471640625 0.48420370370370375 0.025325520833333334 0.08223148148148149
0 0.20745052083333335 0.5457916666666667 0.021861979166666667 0.10197685185185186
0 0.19654166666666667 0.502800925925926 0.013763020833333334 0.10135648148148148
0 0.2295546875 0.4861990740740741 0.026184895833333333 0.10428703703703704
0 0.3385520833333333 0.4560416666666666 0.01608333333333333 0.07021759259259258
0 0.2672838541666666 0.47578240740740746 0.015114583333333332 0.07622222222222222
0 0.22901822916666664 0.48021759259259256 0.022989583333333334 0.08102777777777778
0 0.20633333333333334 0.4813009259259259 0.020460937499999998 0.10343518518518519
1 0.202171875 0.42671296296296296 0.006278645833333333 0.012212962962962962
