0 0.8967682291666667 0.5650601851851852 0.019861979166666665 0.0852037037037037
0 0.5984583333333333 0.4419074074074074 0.015307291666666667 0.07954166666666666
0 0.71196875 0.515800925925926 0.0215703125 0.09913425925925926
1 0.7166171875 0.4776666666666667 0.008729166666666668 0.01612037037037037
0 0.7714609375 0.5972870370370371 0.0346640625 0.12604166666666666
0 0.6749635416666667 0.4862222222222222 0.014611979166666667 0.0917037037037037
0 0.6266692708333333 0.47306018518518517 0.02365625 0.08562499999999999
0 0.6964401041666667 0.4740185185185185 0.025302083333333333 0.08191666666666667
0 0.7262005208333334 0.5034259259259259 0.02346875 0.06988888888888889
0 0.7428385416666666 0.5492592592592593 0.03814322916666667 0.07721296296296297
0 0.7475494791666667 0.4897592592592593 0.021760416666666667 0.0684212962962963
0 0.6646223958333334 0.4895925925925926 0.0261875 0.08045833333333333
0 0.7374296875 0.5265416666666667 0.021760416666666667 0.08575462962962963
