0 0.26565364583333334 0.6595694444444444 0.0313828125 0.11415740740740742
0 0.13847916666666665 0.5294722222222222 0.021617187500000003 0.06522685185185184
0 0.24137239583333334 0.569625 0.024177083333333335 0.10968518518518518
0 0.3477630208333334 0.49047685185185186 0.020364583333333335 0.08696296296296296
0 0.34896354166666665 0.4472685185185185 0.012950520833333333 0.07256018518518519
0 0.1828619791666667 0.509986111111111 0.0168125 0.08693055555555557
0 0.25533854166666664 0.5167129629629629 0.016604166666666666 0.09185185185185185
0 0.23356510416666668 0.45275000000000004 0.014411458333333333 0.06939351851851851
0 0.16819010416666666 0.5250694444444445 0.023289062500000002 0.07625925925925926
0 0.18033072916666668 0.519962962962963 0.0237578125 0.08981481481481482
0 0.16672916666666668 0.5100277777777779 0.018692708333333332 0.08183333333333333
0 0.16959895833333333 0.4582222222222222 0.014203125 0.06847685185185184
