0 0.24278906249999999 0.6537870370370371 0.024119791666666668 0.12050925925925926
0 0.22835677083333333 0.5665601851851851 0.02625 0.11311574074074075
0 0.15428125 0.5074861111111112 0.02475 0.08867592592592592
0 0.19246875000000002 0.5134722222222222 0.024796875 0.0834212962962963
0 0.34398958333333335 0.4895462962962963 0.011768229166666666 0.08581481481481482
0 0.3432395833333333 0.44377777777777777 0.0153046875 0.07351388888888888
0 0.2531067708333333 0.5127499999999999 0.021794270833333334 0.08848148148148148
0 0.23508854166666668 0.4534212962962963 0.015981770833333332 0.06868981481481481
0 0.189515625 0.5221388888888888 0.037971354166666665 0.08933796296296297
0 0.16762239583333333 0.5198564814814816 0.02247135416666667 0.08201851851851852
0 0.17154687500000002 0.5090462962962963 0.019276041666666667 0.08968518518518519
0 0.16994791666666667 0.457125 0.0143359375 0.06644907407407408
1 0.1404296875 0.47168055555555555 0.006247395833333333 0.012537037037037036
