0 0.4453125 0.6666666666666666 0.05859375 0.15902777777777777
0 0.47890625 0.5034722222222222 0.033203125 0.1076388888888889
0 0.368359375 0.5631944444444444 0.04296875 0.12291666666666666
0 0.35546875 0.48819444444444443 0.05078125 0.08819444444444445
0 0.321875 0.4895833333333333 0.040234375 0.09652777777777778
0 0.1625 0.5527777777777778 0.024609375 0.10486111111111111
0 0.2046875 0.47152777777777777 0.028515625 0.08055555555555556
0 0.2625 0.5590277777777778 0.021875 0.11458333333333333
0 0.25625 0.5368055555555555 0.02734375 0.10208333333333333
1 0.103125 0.5083333333333333 0.009765625 0.019444444444444445
0 0.108984375 0.5291666666666667 0.019921875 0.08680555555555555
0 0.162109375 0.46319444444444446 0.020703125 0.07222222222222222
0 0.249609375 0.47708333333333336 0.019921875 0.08958333333333333
