0 0.390953125 0.4721990740740741 0.0283125 0.07320833333333333
0 0.4545833333333333 0.4800324074074074 0.020554687500000002 0.0844074074074074
0 0.4945026041666667 0.4113935185185185 0.018072916666666668 0.07361574074074073
0 0.08303645833333334 0.5342083333333334 0.015502604166666666 0.08205555555555556
0 0.3296927083333333 0.4724074074074074 0.015255208333333332 0.07996296296296296
0 0.18270052083333335 0.5624907407407408 0.0189140625 0.10114351851851852
0 0.2649036458333333 0.5125324074074074 0.015783854166666667 0.09072685185185185
0 0.2888203125 0.5103935185185186 0.016825520833333333 0.09670833333333333
0 0.3013177083333333 0.48268981481481477 0.014260416666666666 0.08574074074074074
1 0.44347135416666666 0.37933333333333336 0.005645833333333333 0.010425925925925925
0 0.41725520833333335 0.4127962962962963 0.013971354166666667 0.063
0 0.40685937499999997 0.4296435185185185 0.019479166666666665 0.05766203703703703
