0 0.6321041666666667 0.5511759259259259 0.023817708333333333 0.10376388888888889
0 0.59221875 0.5293425925925926 0.0251328125 0.10193518518518518
0 0.6066744791666667 0.4426851851851852 0.017247395833333335 0.07417592592592592
0 0.78290625 0.6409953703703704 0.03191666666666667 0.12063425925925926
0 0.7170130208333333 0.5217453703703704 0.02635677083333333 0.08787037037037038
0 0.7574192708333333 0.5063194444444444 0.020153645833333334 0.07842592592592593
0 0.7703203125000001 0.5142685185185185 0.021348958333333334 0.06966666666666667
0 0.7945703125 0.5533842592592593 0.026265625 0.09283796296296297
1 0.8326927083333333 0.43412962962962964 0.00703125 0.01499537037037037
0 0.8947890624999999 0.5674212962962963 0.0186484375 0.07685648148148148
0 0.7114609375000001 0.46514814814814814 0.013796874999999998 0.07288425925925926
0 0.7197161458333333 0.5057453703703704 0.026236979166666667 0.08752777777777777
0 0.6911119791666667 0.4448888888888889 0.018677083333333334 0.06924074074074074
