0 0.6783723958333333 0.6175879629629629 0.03283072916666666 0.11746296296296296
0 0.5199609375 0.5668842592592592 0.030369791666666666 0.10797685185185185
0 0.5735182291666666 0.48006481481481483 0.0192890625 0.08025462962962962
0 0.5269375000000001 0.43628703703703703 0.025445312499999997 0.06566203703703705
0 0.47317708333333336 0.46364814814814814 0.019697916666666666 0.07806481481481482
0 0.37837760416666666 0.5139861111111111 0.030369791666666666 0.09557407407407408
0 0.32174479166666664 0.5176342592592592 0.022981770833333335 0.09703240740740741
0 0.3338515625 0.46072685185185186 0.020929687500000002 0.07514814814814814
0 0.2778333333333334 0.43774537037037037 0.016416666666666666 0.055449074074074074
0 0.23802604166666666 0.4921018518518519 0.018057291666666666 0.08098148148148147
0 0.22448177083333334 0.4760509259259259 0.018057291666666666 0.07076851851851852
1 0.240859375 0.5070277777777779 0.0060859375 0.011592592592592592
0 0.18194791666666665 0.6250925925925926 0.036520833333333336 0.11787037037037036
