0 0.8943281249999999 0.5651574074074074 0.0186171875 0.07898611111111112
0 0.7756692708333334 0.593912037037037 0.0246796875 0.11203703703703703
0 0.7164088541666668 0.5047037037037038 0.01923958333333333 0.09529166666666668
0 0.7283645833333333 0.46412037037037035 0.01671875 0.07018055555555555
0 0.6862395833333333 0.5074120370370371 0.023911458333333333 0.090125
0 0.5142552083333334 0.43969444444444444 0.016825520833333333 0.0775138888888889
0 0.6161770833333333 0.4534074074074074 0.02546875 0.06340740740740741
0 0.6441953125000001 0.4628055555555555 0.0223671875 0.06861111111111111
0 0.5404765625 0.5093055555555556 0.022424479166666667 0.0957824074074074
0 0.6152682291666667 0.5255740740740741 0.020614583333333332 0.09250925925925925
0 0.7645598958333333 0.553087962962963 0.030153645833333336 0.09242129629629629
0 0.7421119791666667 0.4767638888888889 0.018604166666666665 0.07484259259259259
1 0.5492473958333334 0.5117962962962963 0.008346354166666665 0.015222222222222224
