0 0.5890677083333333 0.4790277777777778 0.012981770833333333 0.08686574074074074
0 0.5459895833333334 0.4364351851851852 0.022190104166666665 0.064625
0 0.5285208333333333 0.5698842592592592 0.027854166666666666 0.09987499999999999
0 0.7000130208333334 0.6154166666666666 0.035643229166666665 0.11036574074074074
0 0.3414505208333333 0.5126018518518519 0.0328125 0.0944212962962963
0 0.40305989583333335 0.511550925925926 0.02714583333333333 0.08896759259259258
0 0.47517447916666666 0.47294444444444445 0.02029947916666667 0.07973148148148149
0 0.23558072916666667 0.47776851851851854 0.010385416666666668 0.06840277777777778
0 0.2549375 0.48742129629629627 0.0264375 0.0826712962962963
0 0.20513020833333334 0.6275833333333333 0.024549479166666666 0.11875925925925924
0 0.3521901041666667 0.4530092592592593 0.03115885416666667 0.06924074074074074
0 0.2872760416666667 0.4353842592592592 0.013690104166666666 0.05665277777777778
1 0.24375260416666666 0.48361111111111105 0.0047786458333333335 0.011800925925925925
