0 0.607953125 0.5237037037037037 0.02675 0.08264351851851852
0 0.6268463541666667 0.44445833333333334 0.013843749999999998 0.07040277777777777
0 0.647578125 0.46291666666666664 0.015770833333333335 0.05971296296296296
0 0.7039375 0.49967129629629625 0.0223671875 0.08177777777777777
0 0.6758776041666666 0.5355972222222223 0.02090104166666667 0.09119444444444444
0 0.7423593749999999 0.49563888888888885 0.021828124999999997 0.0654212962962963
0 0.724984375 0.5255 0.018783854166666666 0.09414814814814816
0 0.6783489583333334 0.4686203703703704 0.009932291666666667 0.06776388888888889
0 0.75203125 0.5367824074074075 0.02547395833333333 0.0821851851851852
0 0.8123151041666666 0.5469583333333333 0.030151041666666666 0.1067638888888889
1 0.8161119791666667 0.5595092592592592 0.005643229166666667 0.012791666666666666
0 0.8210989583333334 0.5712777777777778 0.01680729166666667 0.0969212962962963
0 0.8937083333333333 0.5663472222222222 0.016966145833333335 0.0750787037037037
