0 0.2960598958333333 0.6184351851851851 0.04307291666666667 0.12217129629629629
0 0.29469791666666667 0.49662500000000004 0.030533854166666666 0.0830787037037037
0 0.30185677083333334 0.4555324074074074 0.019973958333333333 0.06813425925925926
0 0.3331276041666667 0.5461342592592593 0.040276041666666665 0.10567129629629629
0 0.36607552083333333 0.46105092592592595 0.03426822916666667 0.07454166666666666
0 0.3997578125 0.4651666666666667 0.028184895833333334 0.07721759259259259
0 0.497234375 0.5693425925925926 0.035994791666666665 0.11131481481481481
0 0.5320520833333333 0.4516759259259259 0.02950520833333333 0.07429166666666667
0 0.6178671875 0.4938101851851852 0.021552083333333336 0.08400462962962962
0 0.6033411458333333 0.6108333333333333 0.03711197916666666 0.11607407407407408
1 0.6181432291666666 0.6078333333333333 0.010122395833333332 0.017046296296296296
0 0.6202083333333334 0.5772916666666666 0.027885416666666666 0.10113888888888889
0 0.6896197916666666 0.7034537037037037 0.04752083333333333 0.1200787037037037
