0 0.36007552083333333 0.4962453703703704 0.019757812500000003 0.08302777777777778
0 0.35911458333333335 0.458712962962963 0.0171328125 0.07323611111111111
0 0.39823437500000003 0.6225185185185186 0.04047395833333333 0.12234722222222222
0 0.4128776041666667 0.5506388888888889 0.036015625 0.09981018518518518
0 0.43879687500000003 0.46205555555555555 0.022815104166666666 0.08178703703703703
0 0.47013541666666664 0.4661712962962963 0.027098958333333333 0.07945370370370371
0 0.6085625 0.5685092592592592 0.02928645833333333 0.09887962962962964
0 0.5974166666666666 0.4630648148148148 0.019580729166666665 0.07012962962962963
0 0.6705052083333333 0.5002592592592592 0.019546875000000002 0.084375
0 0.6701223958333333 0.5909722222222222 0.04095052083333333 0.10893981481481482
1 0.652921875 0.5830138888888888 0.008190104166666667 0.016333333333333335
0 0.6891223958333333 0.5718935185185186 0.0203125 0.08456944444444443
0 0.7826848958333333 0.6975046296296296 0.03322135416666667 0.11744907407407407
