1 0.37736458333333334 0.526625 0.0070078125 0.013101851851851852
0 0.3543619791666667 0.4921018518518519 0.02530729166666667 0.08642129629629629
0 0.3509088541666667 0.44104629629629627 0.014109375 0.07137037037037038
0 0.4904296875 0.49805555555555553 0.029513020833333334 0.08563425925925926
0 0.5135416666666667 0.44357407407407407 0.030236979166666667 0.074375
0 0.643703125 0.47934722222222226 0.020072916666666666 0.08200925925925925
0 0.6527083333333333 0.5647685185185186 0.0219296875 0.09949537037037037
0 0.6956796875 0.5538148148148149 0.014216145833333334 0.09795370370370371
0 0.7098385416666667 0.48447685185185185 0.015169270833333333 0.08055092592592593
0 0.6867968750000001 0.4756111111111111 0.020197916666666666 0.08215740740740742
0 0.7910833333333334 0.5744814814814815 0.016322916666666666 0.08300462962962962
0 0.8253984375000001 0.5201574074074073 0.015705729166666668 0.06926851851851852
0 0.7894973958333333 0.5781620370370371 0.022716145833333333 0.1008287037037037
