0 0.6069791666666667 0.48806481481481484 0.017440104166666668 0.08172685185185186
0 0.8121796875 0.517162037037037 0.0209609375 0.07633333333333334
0 0.9094036458333333 0.6073009259259259 0.014770833333333334 0.085125
0 0.5911119791666667 0.4521203703703704 0.024708333333333332 0.07136574074074074
0 0.7991666666666667 0.5223935185185185 0.0104296875 0.08201388888888889
0 0.7878072916666666 0.5476574074074074 0.021190104166666668 0.08531481481481482
0 0.7949531249999999 0.6267592592592592 0.023794270833333336 0.11807407407407407
0 0.7537734374999999 0.516875 0.020268229166666665 0.07605555555555556
0 0.6937682291666667 0.5256342592592592 0.018187500000000002 0.09585648148148149
1 0.8168489583333333 0.48029629629629633 0.0057552083333333335 0.011194444444444444
0 0.8579166666666667 0.5887222222222223 0.020356770833333333 0.08915740740740741
0 0.7069739583333334 0.4794814814814815 0.013348958333333332 0.07436111111111111
0 0.7647734375 0.5024212962962963 0.014635416666666668 0.08297685185185184
