0 0.2392421875 0.6525648148148148 0.025015625 0.11748148148148148
0 0.35477604166666665 0.48984259259259255 0.015182291666666665 0.07377777777777779
0 0.30423958333333334 0.4389398148148148 0.011856770833333334 0.06915277777777779
0 0.21234635416666667 0.598837962962963 0.033692708333333335 0.10205555555555555
0 0.19651041666666666 0.5723611111111111 0.022268229166666667 0.10359722222222223
0 0.23902343750000002 0.46272222222222226 0.020244791666666664 0.07352314814814814
0 0.2239140625 0.5798148148148149 0.03542708333333333 0.09588425925925927
0 0.19853645833333333 0.5358564814814815 0.04569270833333334 0.07840740740740741
0 0.21740625 0.48380092592592594 0.01952083333333333 0.08071759259259259
0 0.2737994791666667 0.4632361111111111 0.012869791666666667 0.07043518518518518
0 0.3050338541666667 0.48791203703703706 0.01952083333333333 0.08380555555555556
0 0.16354166666666667 0.4532083333333333 0.012723958333333334 0.06632407407407406
1 0.20771875 0.5781435185185185 0.008531249999999999 0.015939814814814816
