0 0.18636458333333333 0.49491666666666667 0.018721354166666666 0.08231944444444445
0 0.21691145833333333 0.4535925925925926 0.015205729166666666 0.07082870370370371
0 0.3246588541666667 0.43218518518518517 0.015270833333333334 0.06382407407407407
0 0.32787760416666667 0.4474212962962963 0.021546875 0.06824074074074074
0 0.30284895833333336 0.5095092592592593 0.036432291666666665 0.09456944444444446
0 0.3548880208333333 0.5159907407407407 0.029119791666666665 0.09198611111111112
0 0.5822526041666667 0.49141203703703706 0.015776041666666667 0.09296759259259259
0 0.712375 0.5496435185185186 0.026078125 0.09531018518518519
0 0.4265494791666667 0.4304814814814815 0.011911458333333335 0.06345833333333332
0 0.4143854166666667 0.45680092592592597 0.032640625 0.08116203703703703
0 0.7288333333333333 0.656712962962963 0.041882812500000005 0.10977777777777778
1 0.19498958333333333 0.49057870370370377 0.0080859375 0.013962962962962963
0 0.1492109375 0.5316111111111111 0.020700520833333333 0.07085185185185185
