0 0.5913203125000001 0.5520833333333334 0.022630208333333336 0.10422222222222223
0 0.5804791666666667 0.4405648148148148 0.017984375 0.07053703703703704
0 0.6341796875 0.48005092592592596 0.014002604166666667 0.06495370370370371
0 0.6626666666666666 0.4887962962962963 0.0213125 0.0685925925925926
0 0.6847317708333333 0.47985648148148147 0.01922916666666667 0.07229629629629629
0 0.6720026041666666 0.541587962962963 0.014911458333333332 0.10002777777777778
0 0.6889322916666667 0.49304166666666666 0.03956510416666667 0.07941203703703703
0 0.7183437500000001 0.4616851851851852 0.01787760416666667 0.06418981481481481
0 0.7251354166666667 0.46899537037037037 0.019546875000000002 0.06427314814814815
0 0.7641380208333334 0.5338101851851852 0.012026041666666666 0.0924537037037037
0 0.7641875 0.6233148148148148 0.0327109375 0.1165925925925926
0 0.8912916666666667 0.5629027777777778 0.015557291666666667 0.07508333333333334
