0 0.4266484375 0.5336944444444445 0.018229166666666668 0.10031018518518518
0 0.28052604166666667 0.6509768518518518 0.041377604166666665 0.11471296296296296
0 0.36762239583333334 0.5046296296296297 0.025174479166666666 0.09568055555555555
0 0.3611119791666667 0.47376388888888893 0.010994791666666667 0.08333333333333333
0 0.32740104166666667 0.4423888888888889 0.017072916666666667 0.06790277777777777
0 0.206453125 0.5064305555555556 0.024015625 0.0859074074074074
0 0.15060677083333335 0.503087962962963 0.0147578125 0.08024537037037037
0 0.176359375 0.4945972222222222 0.0147578125 0.07664814814814815
0 0.22858854166666667 0.4552453703703704 0.010994791666666667 0.06893055555555555
0 0.20240104166666667 0.4845694444444445 0.017651041666666666 0.07716203703703703
0 0.2926796875 0.49074074074074076 0.022859375 0.07818981481481481
0 0.1792526041666667 0.4524166666666667 0.011283854166666666 0.06738888888888889
1 0.1410598958333333 0.47556481481481483 0.004919270833333334 0.011833333333333333
