0 0.47476822916666667 0.4427083333333333 0.023677083333333335 0.09082407407407407
0 0.3795598958333333 0.44628240740740743 0.022002604166666665 0.08208796296296296
0 0.391453125 0.4276157407407407 0.0223359375 0.0685787037037037
0 0.2816666666666666 0.5169814814814815 0.028367187500000002 0.11229166666666668
0 0.24241145833333333 0.5161851851851852 0.02468229166666667 0.10276388888888889
0 0.5774635416666667 0.4209629629629629 0.02468229166666667 0.07711574074074073
1 0.5833828125 0.41341666666666665 0.010385416666666668 0.022305555555555554
0 0.6274427083333334 0.48550462962962965 0.0230078125 0.09898148148148149
0 0.6574843749999999 0.5145972222222223 0.022783854166666666 0.09958333333333333
0 0.67675 0.5289953703703704 0.02468229166666667 0.10256481481481482
0 0.6704401041666667 0.4930509259259259 0.02725 0.10612962962962963
0 0.6269947916666666 0.4224537037037037 0.022559895833333333 0.08208333333333334
0 0.07158854166666666 0.5407083333333333 0.022559895833333333 0.09224537037037037
