0 0.5748411458333333 0.44616203703703705 0.026505208333333332 0.0691712962962963
0 0.5944973958333333 0.4935324074074074 0.0212890625 0.08243055555555556
0 0.6779505208333333 0.5266157407407407 0.029067708333333334 0.09294907407407407
0 0.713421875 0.47878703703703707 0.013927083333333333 0.07479629629629629
0 0.7364088541666667 0.5190324074074074 0.0211484375 0.07943518518518519
0 0.7531796875 0.5046666666666666 0.022080729166666667 0.07422222222222222
0 0.7824557291666667 0.5527453703703704 0.016348958333333333 0.0922037037037037
0 0.7577135416666666 0.6274444444444445 0.03833854166666666 0.11746296296296296
0 0.84259375 0.5986296296296296 0.023013020833333335 0.09849537037037037
0 0.9071041666666667 0.6099120370370371 0.016286458333333333 0.08401388888888889
0 0.8212499999999999 0.521875 0.017549479166666666 0.07338888888888889
1 0.8298229166666666 0.5183009259259259 0.0056171875 0.01175925925925926
0 0.7969869791666666 0.5204351851851853 0.014466145833333333 0.08370370370370371
