0 0.8843046875 0.6479305555555556 0.018893229166666668 0.0969212962962963
0 0.7783125 0.5992500000000001 0.031403645833333334 0.09522222222222222
1 0.7725026041666666 0.6054537037037037 0.007208333333333333 0.014263888888888888
0 0.7732421875 0.5510555555555555 0.016640625 0.08530092592592593
0 0.7491328125 0.5340416666666666 0.019455729166666665 0.08512962962962962
0 0.6614505208333333 0.5817916666666667 0.026796875 0.10205555555555555
0 0.602046875 0.476962962962963 0.024304687499999998 0.07419444444444444
0 0.6218177083333334 0.45533796296296297 0.013544270833333334 0.06677777777777778
0 0.4411171875 0.49126388888888894 0.027903645833333334 0.08767592592592592
0 0.38819270833333336 0.4927361111111111 0.022093750000000002 0.08700462962962963
0 0.21227864583333333 0.5022592592592593 0.017731770833333334 0.09158333333333334
0 0.19342708333333333 0.5147314814814814 0.016846354166666667 0.08643055555555555
0 0.17263541666666665 0.4490648148148148 0.010919270833333333 0.06572222222222222
