0 0.2615572916666667 0.6650277777777778 0.02884375 0.11653703703703704
0 0.31971354166666666 0.5608101851851851 0.025309895833333332 0.1099212962962963
0 0.36023697916666664 0.4937731481481481 0.01740625 0.0913888888888889
0 0.28492447916666663 0.460787037037037 0.023692708333333333 0.07441203703703703
0 0.22339583333333335 0.5542685185185185 0.019583333333333335 0.09848148148148148
0 0.2185 0.48861574074074077 0.016078125000000002 0.06645833333333334
0 0.1351484375 0.546212962962963 0.014505208333333333 0.0965462962962963
0 0.1558203125 0.5171990740740741 0.014023437500000001 0.08794907407407407
0 0.19365625 0.5001111111111111 0.023210937499999997 0.08128703703703705
0 0.09448958333333332 0.5443055555555556 0.014278645833333332 0.08001851851851852
0 0.16745052083333334 0.5144351851851852 0.0174140625 0.07168055555555557
0 0.16555989583333333 0.4566574074074074 0.010502604166666667 0.06635648148148149
1 0.16713802083333332 0.5071851851851852 0.004934895833333333 0.009666666666666665
