0 0.6093333333333334 0.526912037037037 0.023265625 0.0923287037037037
0 0.5994609375 0.44049074074074074 0.012596354166666665 0.06945833333333333
0 0.6211510416666666 0.4607962962962963 0.0180703125 0.05311574074074074
0 0.6447265625 0.4659305555555555 0.015729166666666666 0.07256481481481482
0 0.6540338541666666 0.5324537037037037 0.020296875 0.08562962962962964
0 0.6518072916666667 0.4683981481481482 0.020528645833333335 0.06570833333333334
0 0.6700182291666666 0.48285185185185187 0.028080729166666665 0.06965277777777777
0 0.7379791666666667 0.5971527777777778 0.025572916666666667 0.09797222222222222
1 0.7288046875 0.6204074074074074 0.0038932291666666664 0.01087962962962963
0 0.7608046875 0.5625694444444445 0.0239609375 0.08136574074074074
0 0.7604270833333333 0.5063703703703704 0.022427083333333334 0.07646759259259259
0 0.7882005208333334 0.5292083333333333 0.022578125 0.07913888888888888
0 0.8919609375 0.565199074074074 0.016700520833333333 0.07685648148148148
