0 0.24751041666666668 0.5618055555555556 0.0270546875 0.10806944444444445
0 0.298125 0.5872731481481481 0.036205729166666666 0.11074074074074074
0 0.32638541666666665 0.4990601851851852 0.0331171875 0.08821296296296297
0 0.34847395833333333 0.4963379629629629 0.015408854166666668 0.10369444444444444
0 0.2669166666666667 0.46888888888888886 0.018596354166666666 0.07715277777777778
0 0.22877083333333334 0.4679675925925926 0.019190104166666666 0.06687499999999999
0 0.21941666666666665 0.48537962962962966 0.020223958333333333 0.06558333333333333
0 0.20133072916666667 0.4996435185185185 0.016328125000000002 0.07757407407407407
0 0.1527109375 0.4554583333333333 0.012869791666666667 0.06547222222222222
0 0.27414583333333337 0.6702777777777778 0.026979166666666665 0.11846296296296296
1 0.27083854166666665 0.4264305555555556 0.006505208333333333 0.012148148148148148
0 0.25225 0.4459537037037037 0.018494791666666666 0.06199074074074074
0 0.2529401041666667 0.47537037037037033 0.015510416666666667 0.07492592592592592
