0 0.758671875 0.6025416666666666 0.03247135416666667 0.11025925925925925
0 0.5286432291666666 0.5960555555555556 0.026268229166666667 0.10118055555555557
0 0.6278776041666667 0.4819027777777778 0.017513020833333334 0.08561574074074074
0 0.46838281249999997 0.48436111111111113 0.014236979166666667 0.08731944444444445
0 0.47897135416666664 0.49654166666666666 0.03719270833333333 0.08067592592592591
0 0.6022968750000001 0.43848611111111113 0.014059895833333334 0.0639074074074074
0 0.2889140625 0.6376435185185185 0.022244791666666666 0.12559722222222222
0 0.3195234375 0.4799305555555556 0.0368359375 0.0892175925925926
0 0.2699609375 0.48040740740740745 0.022778645833333333 0.07624537037037037
1 0.2691614583333333 0.4745509259259259 0.006583333333333333 0.010125
0 0.4166875 0.4479768518518519 0.021888020833333334 0.07656018518518519
0 0.41045833333333337 0.5050833333333333 0.03149739583333334 0.0958611111111111
0 0.3169427083333333 0.42868055555555556 0.017083333333333332 0.053148148148148146
