0 0.24821875 0.5152916666666667 0.027361979166666665 0.10295833333333333
0 0.27261979166666667 0.5170787037037038 0.0321640625 0.11050462962962963
0 0.32120312500000003 0.45105092592592594 0.022559895833333333 0.07573611111111112
0 0.3315911458333333 0.4328796296296296 0.025911458333333335 0.07712037037037038
0 0.4433307291666667 0.4450925925925926 0.03115885416666667 0.07970370370370371
0 0.5441822916666667 0.4924537037037037 0.042997395833333334 0.08508333333333333
0 0.49459375 0.49523611111111115 0.024234375 0.10652777777777778
1 0.4964921875 0.4620694444444445 0.01440625 0.028277777777777777
0 0.565234375 0.42811574074074077 0.021442708333333334 0.07552777777777778
0 0.6187864583333333 0.48550462962962965 0.017981770833333334 0.09898148148148149
0 0.6491640625 0.5045694444444444 0.03294791666666667 0.10533796296296297
0 0.6223046875 0.43437037037037035 0.021666666666666667 0.07414351851851853
0 0.0891171875 0.5265092592592593 0.022794270833333335 0.09958796296296298
