0 0.6302604166666667 0.6086018518518518 0.0362578125 0.13370833333333335
0 0.5998411458333333 0.43926851851851856 0.021351562499999997 0.07417592592592592
0 0.8113255208333333 0.6427731481481482 0.035625000000000004 0.12505555555555556
0 0.6577031249999999 0.5359490740740741 0.024950520833333333 0.09396759259259259
0 0.6523385416666667 0.4479074074074074 0.017841145833333336 0.06763425925925926
0 0.7999739583333334 0.5910092592592592 0.024203125 0.10308333333333333
0 0.9004609375 0.5660694444444445 0.020700520833333333 0.0851574074074074
0 0.7128671875 0.5200462962962963 0.021013020833333333 0.09028240740740741
0 0.6787734375 0.45356944444444447 0.016213541666666668 0.0665462962962963
0 0.68175 0.5916250000000001 0.036848958333333334 0.10081944444444445
1 0.6519427083333333 0.5312175925925926 0.010153645833333334 0.02028240740740741
0 0.6980234375 0.47871296296296295 0.020223958333333333 0.07735185185185185
0 0.6926744791666667 0.4746712962962963 0.0164609375 0.07610185185185185
