0 0.396484375 0.5041666666666667 0.030859375 0.10138888888888889
0 0.464453125 0.4638888888888889 0.032421875 0.08402777777777778
0 0.40390625 0.43125 0.03125 0.07152777777777777
0 0.5125 0.4895833333333333 0.02890625 0.0875
0 0.54453125 0.4840277777777778 0.023046875 0.09375
0 0.581640625 0.5923611111111111 0.046875 0.13333333333333333
0 0.709765625 0.4888888888888889 0.025 0.08958333333333333
0 0.668359375 0.6048611111111111 0.04296875 0.11319444444444444
0 0.66796875 0.5826388888888889 0.047265625 0.1076388888888889
0 0.753515625 0.55 0.03046875 0.08611111111111111
1 0.73828125 0.5638888888888889 0.01171875 0.02013888888888889
0 0.7640625 0.5333333333333333 0.02734375 0.08541666666666667
0 0.834765625 0.5854166666666667 0.02890625 0.09722222222222222
