1 0.6784374999999999 0.5303101851851852 0.011388020833333333 0.017550925925925925
0 0.5194817708333334 0.5052824074074075 0.0173984375 0.091625
0 0.5556510416666666 0.48533796296296294 0.018770833333333334 0.08836111111111111
0 0.6756354166666667 0.5838425925925925 0.040690104166666664 0.11443981481481481
0 0.7447395833333333 0.4987685185185185 0.023807291666666668 0.08266666666666667
0 0.8103541666666667 0.49699074074074073 0.017111979166666666 0.07808796296296296
0 0.6064713541666666 0.44346296296296295 0.0196875 0.07277777777777777
0 0.6449296875 0.47882407407407407 0.023348958333333333 0.07329629629629629
0 0.6379765625 0.5278240740740741 0.04320833333333333 0.09905555555555556
0 0.7742421875000001 0.5463935185185186 0.030731770833333335 0.09041203703703703
