1 0.2836432291666667 0.44531944444444443 0.005526041666666666 0.011416666666666667
0 0.522265625 0.4552777777777778 0.020755208333333334 0.0743287037037037
0 0.4705989583333333 0.48885648148148153 0.0183671875 0.0825601851851852
0 0.43923958333333335 0.4806296296296297 0.0356875 0.08362037037037037
0 0.6537473958333333 0.5464629629629629 0.016127604166666667 0.09955092592592593
0 0.7644713541666667 0.6422962962962963 0.037182291666666666 0.10273611111111111
0 0.25370312500000003 0.5331898148148149 0.027476562500000003 0.08893055555555555
0 0.255046875 0.6168148148148148 0.03076041666666667 0.11654166666666667
0 0.2869296875 0.44213425925925925 0.017471354166666668 0.06291666666666666
0 0.5493671875 0.6018148148148148 0.0250859375 0.11627314814814815
0 0.33707291666666667 0.5029953703703703 0.0367421875 0.08362499999999999
0 0.48738020833333334 0.5284814814814814 0.03618489583333333 0.10094444444444443
0 0.2878072916666667 0.47553240740740743 0.01836979166666667 0.07323611111111111
