0 0.37693750000000004 0.5706898148148148 0.039945312499999996 0.11473611111111112
0 0.600640625 0.508611111111111 0.020468749999999997 0.09788425925925927
0 0.49770833333333336 0.4296481481481481 0.021359375 0.07366203703703704
0 0.6286145833333333 0.4706064814814815 0.0240546875 0.08818055555555555
0 0.3148984375 0.4449861111111111 0.020052083333333335 0.07564814814814814
0 0.605359375 0.43678703703703703 0.016140625 0.06836111111111111
0 0.28102604166666667 0.4964444444444444 0.025872395833333332 0.08887962962962963
0 0.6193463541666666 0.5223333333333333 0.017528645833333335 0.09639814814814815
0 0.6543984374999999 0.5069212962962963 0.023234374999999998 0.09773611111111112
0 0.5314895833333334 0.44260185185185186 0.021526041666666666 0.07594907407407409
1 0.2880989583333333 0.4826712962962963 0.008346354166666665 0.015222222222222224
0 0.6031015624999999 0.47199537037037037 0.026770833333333334 0.07968981481481481
0 0.8759427083333333 0.6169907407407408 0.026789062500000002 0.09522685185185185
