0 0.8728125 0.6572777777777777 0.04061979166666666 0.12289351851851851
0 0.7240156249999999 0.6368796296296296 0.03772916666666667 0.1346712962962963
0 0.638953125 0.5548194444444445 0.03586197916666667 0.11014351851851852
0 0.7248671874999999 0.5755231481481482 0.0435078125 0.10985648148148147
0 0.5374036458333333 0.6315925925925926 0.042828125 0.13315740740740742
0 0.45109375 0.5452777777777778 0.046052083333333334 0.11873148148148147
0 0.4477421875 0.4721388888888889 0.019533854166666666 0.08529166666666667
1 0.4548671875 0.4542592592592593 0.011703125 0.022351851851851852
0 0.5087057291666667 0.47708796296296296 0.027083333333333334 0.0780787037037037
0 0.42202604166666663 0.4225601851851852 0.027557291666666664 0.07270833333333333
0 0.5187578125 0.42575 0.016609375 0.07304166666666667
0 0.6138828125 0.5229953703703704 0.0177421875 0.11150462962962962
0 0.6227552083333333 0.4614027777777778 0.019630208333333333 0.08093055555555556
