0 0.7155286458333333 0.44357407407407407 0.0162734375 0.055851851851851854
0 0.7391041666666667 0.5811712962962963 0.018955729166666668 0.0992685185185185
0 0.7074166666666667 0.597412037037037 0.025161458333333334 0.11615277777777777
0 0.7781848958333334 0.4718333333333333 0.009325520833333333 0.038981481481481485
0 0.7833749999999999 0.4895416666666667 0.013500000000000002 0.04945833333333333
0 0.7161197916666667 0.48589814814814813 0.026744791666666667 0.07458796296296297
0 0.7676822916666667 0.49154166666666665 0.020940104166666664 0.03412037037037037
0 0.6272916666666667 0.4472453703703704 0.008552083333333333 0.07158333333333333
0 0.7691380208333333 0.5400972222222222 0.0355390625 0.07815277777777778
0 0.9057604166666666 0.5750509259259259 0.0142421875 0.07516666666666667
0 0.7247317708333333 0.4717037037037037 0.010619791666666666 0.07069907407407408
0 0.7787343750000001 0.5338611111111111 0.020294270833333336 0.07175925925925926
1 0.7740078125000001 0.530912037037037 0.006127604166666667 0.012615740740740742
