0 0.41231249999999997 0.43434259259259256 0.016877604166666667 0.06892592592592592
0 0.7287682291666666 0.47320833333333334 0.019752604166666667 0.0710462962962963
0 0.7016223958333333 0.4792407407407408 0.011776041666666666 0.06802777777777777
1 0.7004427083333333 0.47208333333333335 0.006229166666666667 0.011439814814814816
0 0.7825833333333333 0.5322546296296297 0.014307291666666666 0.07102777777777777
0 0.8406015625 0.628375 0.019552083333333335 0.09206481481481482
0 0.639453125 0.5558055555555556 0.02815625 0.10056481481481482
0 0.5907734375 0.47023148148148153 0.015276041666666665 0.08038425925925925
0 0.5317395833333334 0.5746342592592593 0.040713541666666665 0.1054675925925926
0 0.5475572916666667 0.5467361111111111 0.021177083333333332 0.09986574074074074
0 0.5136458333333334 0.5023657407407407 0.0258671875 0.09175
0 0.4898046875 0.4863564814814815 0.019281250000000003 0.08743981481481482
0 0.487890625 0.4923888888888889 0.0350078125 0.09064351851851851
