1 0.6338984375 0.5396435185185186 0.006020833333333334 0.01148611111111111
0 0.635 0.5088379629629629 0.022322916666666668 0.08667592592592592
0 0.6644453124999999 0.44513425925925926 0.013950520833333334 0.06526851851851852
0 0.6866197916666666 0.46693518518518523 0.015125 0.0644861111111111
0 0.6855182291666666 0.566662037037037 0.024671875 0.10417129629629629
0 0.7125390625 0.555699074074074 0.023497395833333334 0.09476851851851852
0 0.7292083333333333 0.5622268518518518 0.02188020833333333 0.09894907407407406
0 0.6891901041666666 0.5118379629629629 0.026434895833333336 0.08432870370370371
0 0.7376536458333334 0.472287037037037 0.022908854166666666 0.06422685185185184
0 0.7484453125 0.49982870370370375 0.01718229166666667 0.07962962962962963
0 0.5780208333333333 0.4309027777777778 0.014684895833333333 0.05926388888888889
0 0.9054348958333333 0.5776296296296296 0.019236979166666668 0.0832824074074074
0 0.7234999999999999 0.5336759259259259 0.037804687499999996 0.07568055555555556
