0 0.25858593750000003 0.6332777777777778 0.024078125 0.11000462962962963
0 0.29289583333333336 0.5637222222222222 0.027687499999999997 0.10786574074074075
0 0.15108333333333332 0.5930416666666667 0.028651041666666665 0.10487037037037038
0 0.31721354166666665 0.4419444444444445 0.0132421875 0.06976851851851851
0 0.19309635416666668 0.49502314814814813 0.017817708333333335 0.09288425925925926
0 0.17010416666666667 0.4984490740740741 0.013723958333333335 0.11428703703703705
0 0.18719791666666669 0.530337962962963 0.0267265625 0.09160185185185186
0 0.24690885416666666 0.5459583333333333 0.017575520833333334 0.09545370370370371
0 0.24353906250000001 0.4734074074074074 0.0146875 0.07362037037037038
0 0.16348177083333332 0.5050833333333333 0.02070572916666667 0.08047222222222222
0 0.1782890625 0.49673611111111116 0.0132421875 0.10829166666666666
1 0.1812994791666667 0.4042777777777778 0.0067421875 0.014125
0 0.17034375 0.44943518518518516 0.011796875 0.055643518518518516
