1 0.469390625 0.5124074074074074 0.0068203125 0.012837962962962962
0 0.45554947916666666 0.49343518518518514 0.02657291666666667 0.09268055555555556
0 0.4308255208333333 0.443662037037037 0.018859375 0.07661574074074075
0 0.53490625 0.5066712962962964 0.023361979166666665 0.0774074074074074
0 0.61709375 0.4502962962962963 0.024833333333333332 0.07365740740740741
0 0.6824296875000001 0.47815277777777776 0.020330729166666665 0.08311574074074074
0 0.676546875 0.47030092592592593 0.012484374999999999 0.07564814814814814
0 0.7068854166666667 0.4846435185185185 0.015026041666666667 0.08025462962962962
0 0.7020104166666666 0.5628796296296296 0.022755208333333332 0.08966666666666667
0 0.7278828125000001 0.5467638888888889 0.025278645833333332 0.09233796296296296
0 0.812796875 0.5738981481481481 0.019804687499999998 0.09363888888888888
0 0.7950026041666667 0.5631018518518518 0.023450520833333332 0.08661574074074074
0 0.8552552083333332 0.5451527777777778 0.016630208333333334 0.07416203703703704
