0 0.5477317708333334 0.43106481481481485 0.018789062500000002 0.061504629629629624
0 0.6174453124999999 0.5341944444444444 0.03772916666666667 0.0869537037037037
0 0.6412317708333333 0.517888888888889 0.02266666666666667 0.08562962962962964
0 0.6269895833333333 0.4611574074074074 0.017744791666666666 0.06866203703703704
1 0.6252734375000001 0.4475046296296296 0.0047708333333333335 0.009013888888888889
0 0.6797786458333334 0.48581018518518515 0.01595572916666667 0.07343518518518519
0 0.6971510416666666 0.44339351851851855 0.019088541666666667 0.057
0 0.7157916666666666 0.49946296296296294 0.024755208333333334 0.08324537037037037
0 0.719296875 0.47361574074074075 0.0138671875 0.06972222222222221
0 0.7283932291666667 0.4765324074074074 0.017447916666666667 0.07025462962962963
0 0.7878203125 0.6112083333333334 0.0274375 0.09199074074074073
0 0.8037760416666667 0.6475277777777778 0.036684895833333335 0.11532407407407406
0 0.9004817708333334 0.5675972222222222 0.015359375 0.08589351851851852
