0 0.4037239583333333 0.44277314814814817 0.019002604166666666 0.07573148148148148
0 0.42260156249999997 0.4921851851851851 0.030708333333333334 0.08784722222222222
0 0.5255260416666666 0.5040879629629629 0.016611979166666666 0.08529166666666667
0 0.5870703125 0.44922222222222224 0.027744791666666668 0.07337500000000001
0 0.6663515624999999 0.47544444444444445 0.016153645833333334 0.07662962962962963
0 0.6824348958333334 0.4805509259259259 0.019958333333333335 0.07966666666666668
0 0.7065546875000001 0.4844861111111111 0.017890625 0.07999537037037037
0 0.7168671875 0.548287037037037 0.02790625 0.09289351851851853
0 0.6881796875 0.5612824074074073 0.029223958333333334 0.09474537037037037
0 0.7979661458333334 0.5820231481481482 0.031820312499999996 0.08989814814814816
0 0.788671875 0.5721342592592592 0.024442708333333334 0.0730462962962963
0 0.8438046875 0.5373703703703704 0.018221354166666665 0.07266203703703702
1 0.4249296875 0.4819351851851852 0.007914062500000001 0.012935185185185185
