1 0.7900364583333332 0.39256018518518515 0.006697916666666666 0.013111111111111112
0 0.61265625 0.42555092592592597 0.010078125 0.07076851851851852
0 0.6138854166666667 0.4834305555555556 0.041515624999999994 0.07530092592592592
0 0.5905729166666667 0.47194444444444444 0.020221354166666667 0.08336111111111111
0 0.6794479166666666 0.5740462962962963 0.021700520833333334 0.10097222222222221
0 0.7786223958333333 0.5447824074074075 0.030385416666666668 0.08660185185185185
0 0.8535598958333334 0.6148796296296297 0.014638020833333333 0.10487037037037038
0 0.8080963541666667 0.5611851851851852 0.02355208333333333 0.09581481481481482
0 0.7903411458333333 0.539087962962963 0.024033854166666667 0.07469907407407407
0 0.7074713541666667 0.5574675925925926 0.029731770833333334 0.09970370370370371
0 0.7576901041666667 0.49537037037037035 0.015463541666666667 0.080625
0 0.8939427083333332 0.5728518518518518 0.02186979166666667 0.08209722222222222
0 0.7653515624999999 0.4870694444444444 0.02332291666666667 0.07393981481481482
