0 0.5611875000000001 0.5036898148148148 0.022458333333333334 0.09011574074074075
0 0.5932265624999999 0.4418611111111111 0.014203125 0.07275
0 0.6268229166666667 0.4557546296296296 0.019190104166666666 0.07396296296296295
0 0.6945520833333333 0.505912037037037 0.013841145833333334 0.08621759259259258
0 0.7238489583333333 0.48257407407407404 0.028072916666666666 0.06931481481481482
0 0.7706640625 0.4803518518518518 0.012723958333333334 0.08030092592592591
0 0.7753593750000001 0.5003611111111111 0.017296875 0.08345833333333334
0 0.7770078125000001 0.547787037037037 0.026557291666666667 0.09488425925925925
0 0.7985052083333334 0.5520092592592593 0.017429687500000002 0.09415740740740741
0 0.8075182291666666 0.638175925925926 0.023921875 0.11975000000000001
0 0.6782682291666667 0.6424305555555556 0.026520833333333334 0.12680555555555553
0 0.894234375 0.5713935185185185 0.016190104166666667 0.07443518518518519
