0 0.5563697916666667 0.5378425925925926 0.02206770833333333 0.08255092592592593
1 0.562390625 0.5330787037037037 0.007307291666666666 0.012611111111111111
0 0.6032864583333333 0.534537037037037 0.017531249999999998 0.09290277777777778
0 0.5515130208333333 0.4417407407407407 0.015763020833333332 0.0737962962962963
0 0.6720026041666666 0.587537037037037 0.028416666666666666 0.08481018518518518
0 0.6937890625 0.5671574074074074 0.030231770833333334 0.08980555555555556
0 0.6709088541666667 0.47741666666666666 0.0212421875 0.07573611111111112
0 0.7007890625000001 0.4855555555555555 0.017445312499999997 0.07882407407407407
0 0.7039296875000001 0.45525462962962965 0.020046875000000002 0.062310185185185184
0 0.7089322916666667 0.45974537037037033 0.010877604166666667 0.06549074074074074
0 0.757265625 0.5767453703703703 0.02034375 0.10306481481481482
0 0.772640625 0.5503888888888888 0.014114583333333335 0.09549537037037037
0 0.8914479166666667 0.565037037037037 0.0160859375 0.07436574074074073
