1 0.538578125 0.5323425925925925 0.007971354166666667 0.016101851851851853
0 0.5473932291666667 0.5350462962962963 0.027356770833333332 0.10070833333333333
0 0.6114791666666667 0.5368657407407408 0.0338046875 0.09499537037037037
0 0.7140911458333333 0.5905324074074074 0.02715885416666667 0.10317592592592593
0 0.652734375 0.4638009259259259 0.0195 0.07669907407407407
0 0.6106223958333333 0.4418240740740741 0.021921875 0.07702777777777778
0 0.6915937499999999 0.48637499999999995 0.015841145833333334 0.08693055555555557
0 0.702234375 0.4846805555555556 0.015020833333333334 0.07855092592592593
0 0.7224296875 0.5827916666666666 0.018580729166666664 0.10390277777777777
0 0.8143541666666666 0.5942731481481482 0.026351562499999998 0.08994444444444445
0 0.8250807291666666 0.6061157407407407 0.028471354166666667 0.10860648148148148
0 0.9038072916666666 0.569787037037037 0.0173671875 0.07702314814814815
0 0.4989557291666667 0.44933796296296297 0.020367187499999998 0.07756481481481481
