0 0.39658072916666665 0.5042129629629629 0.03098177083333333 0.10121296296296296
0 0.46456250000000004 0.46393981481481483 0.032440104166666664 0.08385185185185186
0 0.4040989583333333 0.43096296296296294 0.03125520833333333 0.07135648148148148
0 0.5125859375 0.489625 0.028979166666666667 0.08759259259259258
0 0.54434375 0.48436111111111113 0.0230546875 0.09358796296296297
0 0.581703125 0.5925925925925926 0.046929687500000004 0.1331435185185185
0 0.7098281249999999 0.489037037037037 0.024877604166666668 0.08933333333333333
0 0.6681822916666668 0.6048842592592593 0.043101562499999996 0.11300925925925925
0 0.6679557291666666 0.5824398148148148 0.047203125 0.10797222222222222
0 0.7536588541666667 0.550287037037037 0.030606770833333335 0.0863425925925926
1 0.7382864583333333 0.5640694444444445 0.011598958333333333 0.019995370370370368
0 0.7642109375 0.5332592592592592 0.027393229166666665 0.0855925925925926
0 0.8349296875000001 0.5857037037037036 0.028791666666666667 0.0975462962962963
