0 0.8854713541666667 0.5652824074074074 0.021497395833333332 0.09335648148148148
0 0.7406874999999999 0.5121481481481481 0.025580729166666667 0.08083796296296297
0 0.8091562499999999 0.5408148148148149 0.022786458333333332 0.09231481481481482
0 0.8249192708333334 0.6456666666666667 0.032388020833333336 0.10329166666666667
0 0.8731458333333334 0.6245138888888889 0.023072916666666665 0.10225925925925926
0 0.8257447916666667 0.6016435185185185 0.023289062500000002 0.1000787037037037
0 0.8487109375 0.5443101851851851 0.029236979166666666 0.07713425925925926
1 0.8098723958333333 0.5136527777777777 0.007023437499999999 0.013523148148148149
0 0.5195052083333334 0.5050092592592592 0.024924479166666666 0.10336574074074074
0 0.6178203124999999 0.503375 0.03270833333333333 0.08015277777777778
0 0.5814791666666667 0.46500462962962963 0.018171875 0.07448148148148148
0 0.645078125 0.45525 0.019989583333333335 0.071125
0 0.5433177083333334 0.430912037037037 0.019533854166666666 0.07413425925925926
