0 0.5395859375000001 0.5050509259259259 0.027828125 0.097125
0 0.5948151041666667 0.46314814814814814 0.014343749999999999 0.07682407407407407
0 0.5559739583333333 0.4332407407407407 0.0205859375 0.07131944444444445
0 0.6426901041666666 0.5090694444444444 0.0205859375 0.0929212962962963
0 0.6551692708333333 0.45230555555555557 0.019294270833333335 0.06661574074074074
0 0.7293697916666667 0.5052407407407407 0.023096354166666666 0.0806712962962963
0 0.7940286458333333 0.516337962962963 0.0190078125 0.09139351851851851
1 0.80546875 0.4857175925925926 0.007890625 0.017912037037037035
0 0.8505859375 0.5382685185185185 0.017213541666666665 0.08016666666666666
0 0.8348046875 0.5992222222222222 0.020369791666666668 0.10874074074074074
0 0.8759765625 0.6096805555555556 0.02237760416666667 0.08681018518518518
0 0.8514817708333333 0.6480648148148148 0.030052083333333333 0.10619444444444444
0 0.886984375 0.5657962962962962 0.022018229166666667 0.09161111111111112
