0 0.7407005208333334 0.6675833333333333 0.04086979166666667 0.10758333333333334
0 0.6146953125 0.5230231481481482 0.020916666666666663 0.08779629629629629
0 0.5421015625 0.5569120370370371 0.021903645833333332 0.10083796296296296
0 0.5365468750000001 0.5344305555555555 0.022877604166666666 0.0976712962962963
0 0.5043098958333333 0.5398564814814815 0.025450520833333334 0.0979212962962963
0 0.3851223958333333 0.4735185185185185 0.020828125 0.058249999999999996
0 0.46580468750000004 0.4419537037037037 0.0261953125 0.06516203703703703
1 0.6087916666666667 0.4898842592592593 0.0023229166666666667 0.00886574074074074
0 0.3394479166666667 0.5061388888888889 0.021020833333333332 0.09612037037037037
0 0.29654166666666665 0.5068657407407408 0.028408854166666667 0.0902175925925926
0 0.18963802083333334 0.5284722222222222 0.012927083333333334 0.09987499999999999
0 0.18572395833333333 0.5424629629629629 0.020822916666666667 0.09401388888888888
0 0.1628828125 0.4502777777777778 0.014705729166666666 0.06444444444444444
