0 0.8946666666666666 0.5633564814814814 0.01778645833333333 0.08137962962962964
0 0.8053385416666666 0.5913842592592593 0.026526041666666667 0.10788888888888888
0 0.7239479166666667 0.5130324074074074 0.017736979166666667 0.09286111111111112
0 0.7655937500000001 0.6143333333333334 0.03220833333333333 0.12168055555555554
0 0.7638385416666666 0.5674537037037037 0.025627604166666665 0.09426851851851852
0 0.6320208333333334 0.5107638888888889 0.0281015625 0.10514351851851853
0 0.5893802083333333 0.446875 0.027893229166666665 0.07431018518518519
1 0.6419505208333334 0.4476064814814815 0.007875 0.01375925925925926
0 0.6396276041666666 0.4538472222222222 0.018786458333333332 0.05498611111111111
0 0.66040625 0.4668333333333333 0.02412239583333333 0.07156944444444445
0 0.7169375 0.4651898148148148 0.019630208333333333 0.06530092592592593
0 0.7190546875 0.47368055555555555 0.019182291666666667 0.07414814814814814
0 0.7817473958333333 0.5346851851851853 0.018291666666666664 0.08561111111111111
