1 0.16719010416666666 0.42480555555555555 0.006104166666666667 0.011657407407407408
0 0.16320572916666667 0.46182870370370366 0.0145625 0.06835185185185184
0 0.18827864583333334 0.5433842592592593 0.018526041666666666 0.09688425925925927
0 0.211390625 0.49543518518518526 0.027609375 0.07843055555555556
0 0.19577083333333334 0.5114166666666667 0.021604166666666664 0.08119907407407406
0 0.19427604166666665 0.5018657407407408 0.016950520833333333 0.07225
0 0.1822578125 0.476375 0.014578124999999999 0.03650462962962963
0 0.19952343749999998 0.4840277777777778 0.019825520833333332 0.06620370370370371
0 0.30812239583333334 0.4842453703703704 0.014921875 0.0856851851851852
0 0.34083593749999996 0.4552685185185185 0.014408854166666667 0.0725925925925926
0 0.27973437500000004 0.5750509259259259 0.027893229166666665 0.11070370370370371
0 0.29471614583333333 0.47693981481481484 0.021911458333333335 0.07826851851851852
0 0.23270052083333334 0.6559259259259259 0.030000000000000002 0.1133287037037037
