0 0.7219401041666667 0.613912037037037 0.035619791666666664 0.12293518518518519
1 0.7873020833333333 0.3949814814814815 0.0115390625 0.016342592592592593
0 0.6795130208333333 0.5087175925925925 0.02529947916666667 0.0845462962962963
0 0.6222161458333333 0.48425 0.018919270833333335 0.09167592592592592
0 0.628953125 0.4449398148148148 0.020927083333333332 0.07548148148148148
0 0.8954817708333334 0.5648472222222222 0.022216145833333333 0.08341666666666667
0 0.6646796875 0.48609722222222224 0.025729166666666668 0.08900000000000001
0 0.6994739583333334 0.5021574074074074 0.032966145833333335 0.10073148148148149
0 0.7179270833333333 0.492087962962963 0.0189921875 0.08824074074074074
0 0.7316874999999999 0.4734814814814815 0.020710937500000002 0.06631481481481481
0 0.7392473958333333 0.4895370370370371 0.0293828125 0.07804629629629631
0 0.7746875000000001 0.5094814814814815 0.021859375 0.0748611111111111
0 0.7870494791666667 0.541787037037037 0.0326796875 0.09589814814814814
