1 0.6322552083333334 0.45363425925925926 0.006268229166666667 0.012861111111111111
0 0.6203619791666667 0.4996388888888889 0.03134375 0.0951574074074074
0 0.6032421874999999 0.4430601851851852 0.01768229166666667 0.07286574074074073
0 0.7142317708333333 0.4420601851851852 0.013661458333333333 0.05943518518518518
0 0.8450703125000001 0.6476620370370371 0.03230729166666667 0.11058796296296297
0 0.9323515625 0.6133703703703705 0.019770833333333335 0.09743981481481481
0 0.7628541666666667 0.529787037037037 0.028932291666666665 0.08000925925925925
0 0.8270677083333333 0.5372175925925926 0.0204140625 0.07372222222222223
0 0.7839921875000001 0.5195 0.02684375 0.08000925925925925
0 0.8568854166666667 0.5482175925925926 0.022825520833333335 0.07915277777777778
0 0.7968489583333334 0.5215000000000001 0.019770833333333335 0.08743981481481482
0 0.8414557291666667 0.6159398148148149 0.020252604166666667 0.07458333333333333
0 0.7215442708333334 0.4590648148148148 0.012536458333333333 0.06772222222222223
