1 0.760671875 0.5883657407407407 0.007307291666666666 0.014347222222222221
0 0.7717291666666667 0.5884675925925925 0.022588541666666666 0.0960462962962963
0 0.78890625 0.5783148148148148 0.03702864583333333 0.09204166666666667
0 0.749984375 0.5048055555555556 0.021002604166666668 0.07685185185185185
0 0.8081406250000001 0.5604351851851852 0.024075520833333332 0.07760648148148148
0 0.7988880208333333 0.5347962962962963 0.0165703125 0.0719074074074074
0 0.8137369791666667 0.5441805555555556 0.013869791666666666 0.07693518518518519
0 0.8168098958333334 0.5869722222222222 0.020606770833333333 0.0826574074074074
0 0.6568046875 0.5037499999999999 0.023083333333333334 0.08424537037037037
0 0.67953125 0.44345833333333334 0.0120625 0.06850462962962962
0 0.6128671874999999 0.43506944444444445 0.010403645833333334 0.06097685185185186
0 0.7163125 0.4684490740740741 0.01875 0.06871296296296296
0 0.9109661458333334 0.5811157407407408 0.017510416666666664 0.08749537037037038
