0 0.3987994791666667 0.6666296296296297 0.039403645833333334 0.11992592592592594
0 0.41253124999999996 0.44352777777777774 0.024815104166666668 0.06102777777777778
0 0.3522161458333333 0.45361574074074074 0.01668489583333333 0.07111111111111111
1 0.4035078125 0.43416666666666665 0.005138020833333334 0.009162037037037036
0 0.3327734375 0.49400925925925926 0.03765885416666667 0.07933796296296297
0 0.31081510416666663 0.49454166666666666 0.03199479166666667 0.08817129629629629
0 0.2335703125 0.6087824074074074 0.03133072916666667 0.11448611111111111
0 0.25347395833333336 0.5482731481481481 0.020640625000000003 0.09941203703703703
0 0.28387760416666663 0.4741527777777778 0.014736979166666667 0.07777314814814815
0 0.29424218750000003 0.4640416666666667 0.012023437500000001 0.07915277777777778
0 0.282671875 0.4466157407407408 0.015166666666666667 0.060689814814814814
0 0.27801822916666663 0.441712962962963 0.010169270833333332 0.06114814814814815
0 0.15438281250000002 0.4593611111111111 0.009161458333333334 0.06927314814814814
