0 0.2761510416666667 0.5018194444444445 0.017072916666666667 0.0857824074074074
0 0.16416145833333334 0.4766435185185185 0.021486979166666666 0.10925462962962963
0 0.35188281250000003 0.6530601851851852 0.03443489583333333 0.11798148148148148
0 0.17312239583333333 0.4485648148148148 0.0101640625 0.06193518518518518
0 0.3441432291666667 0.45214351851851853 0.013151041666666667 0.07666203703703704
0 0.18178385416666665 0.5131712962962963 0.019388020833333335 0.0811851851851852
0 0.28305208333333337 0.457337962962963 0.016182291666666668 0.07320833333333333
0 0.2030546875 0.5561851851851851 0.022513020833333335 0.09770833333333334
1 0.17376822916666665 0.40505555555555556 0.0057005208333333335 0.011291666666666667
0 0.14560677083333334 0.45372685185185185 0.0115703125 0.05871759259259259
0 0.219375 0.47227314814814814 0.0190859375 0.07260185185185185
