0 0.32241145833333335 0.44602314814814814 0.022458333333333334 0.053953703703703705
0 0.36203385416666667 0.49839814814814815 0.03453125 0.09288425925925926
1 0.34820572916666664 0.46967592592592594 0.005455729166666667 0.009180555555555555
0 0.3024192708333333 0.4560416666666666 0.0130234375 0.065
0 0.3220104166666667 0.5070601851851851 0.02469270833333333 0.08214814814814815
0 0.27443229166666666 0.47085648148148146 0.02139322916666667 0.07628703703703704
0 0.261421875 0.4800787037037037 0.016416666666666666 0.08825462962962963
0 0.23027083333333334 0.462875 0.012786458333333334 0.07255092592592594
0 0.21991145833333334 0.44293055555555555 0.013109375000000001 0.06467592592592591
0 0.19731770833333334 0.5459305555555556 0.029432291666666666 0.07931481481481481
0 0.23886197916666668 0.5513796296296296 0.03078125 0.09165277777777778
0 0.1564375 0.45286574074074076 0.010799479166666666 0.06548148148148147
0 0.30375 0.6717592592592593 0.024388020833333336 0.12055092592592592
