0 0.6218932291666667 0.44595833333333335 0.027591145833333334 0.08262037037037037
0 0.894765625 0.5630648148148149 0.023651041666666664 0.08494907407407408
0 0.7407526041666667 0.6052453703703703 0.03239322916666667 0.1412824074074074
0 0.7030572916666666 0.5022824074074075 0.03726822916666667 0.09333796296296297
1 0.755875 0.3744675925925926 0.012471354166666667 0.01862962962962963
0 0.6283437500000001 0.4817685185185185 0.02042447916666667 0.095625
0 0.6659322916666667 0.4905601851851851 0.023221354166666666 0.08518055555555556
0 0.7783072916666666 0.5494953703703704 0.044434895833333335 0.10494907407407407
0 0.7367760416666667 0.4877546296296296 0.026588541666666667 0.08976851851851853
0 0.7051692708333334 0.47017129629629634 0.027877604166666667 0.09537037037037037
0 0.6822005208333334 0.4885185185185185 0.031390625 0.09129629629629629
0 0.7588489583333333 0.5010694444444445 0.02959895833333333 0.07944907407407407
0 0.7138072916666667 0.5152638888888889 0.0186328125 0.10493518518518519
