0 0.5353411458333334 0.6122546296296296 0.033703124999999994 0.12538888888888888
0 0.4756328125 0.5326944444444444 0.028830729166666666 0.10238888888888889
0 0.5419244791666666 0.439625 0.023690104166666667 0.07655555555555556
0 0.6905026041666668 0.6119953703703704 0.034565104166666666 0.11699074074074074
0 0.6973307291666667 0.5416296296296297 0.025986979166666667 0.10055555555555555
0 0.7243359374999999 0.5115185185185186 0.024377604166666667 0.08303703703703705
0 0.7747578125000001 0.5693796296296296 0.030419270833333335 0.10048148148148148
0 0.8902213541666666 0.6070787037037036 0.028283854166666667 0.10480092592592592
1 0.9125416666666666 0.5590740740740741 0.00703125 0.01499537037037037
0 0.8948567708333334 0.5778703703703704 0.018385416666666664 0.08225
0 0.6886484374999999 0.44968981481481485 0.015255208333333332 0.07064351851851852
0 0.6940260416666667 0.48750925925925925 0.0225546875 0.08758796296296296
0 0.6643802083333333 0.4512361111111111 0.019934895833333334 0.07308333333333333
