0 0.1839765625 0.4831944444444445 0.019364583333333334 0.07993518518518518
0 0.25013541666666667 0.4886203703703704 0.020919270833333333 0.08289351851851852
0 0.21033854166666668 0.43106944444444445 0.0174609375 0.0649074074074074
0 0.17797395833333332 0.45110185185185186 0.014872395833333333 0.08009259259259259
1 0.18069010416666667 0.44095370370370374 0.003934895833333333 0.01073148148148148
0 0.43066145833333336 0.4373842592592593 0.020479166666666666 0.0802175925925926
0 0.3727395833333333 0.5989907407407407 0.03546614583333333 0.12829166666666666
0 0.43190885416666663 0.5657777777777777 0.020580729166666666 0.11008333333333334
0 0.46097916666666666 0.5987361111111111 0.03244791666666667 0.1221111111111111
0 0.4379817708333333 0.5245462962962962 0.029533854166666665 0.09703240740740741
0 0.581671875 0.4666296296296296 0.02373697916666667 0.08126851851851852
0 0.6669244791666666 0.497087962962963 0.025114583333333333 0.09042129629629629
0 0.8145520833333334 0.6048564814814815 0.026395833333333334 0.09605092592592593
