0 0.7373125 0.4845046296296296 0.025513020833333334 0.07689351851851851
0 0.8891770833333333 0.5644675925925926 0.018203125 0.09030092592592594
0 0.5810416666666666 0.44200925925925927 0.017557291666666665 0.07726388888888888
0 0.6505598958333334 0.4966111111111111 0.0189921875 0.08326851851851852
0 0.6401328125 0.45086574074074076 0.023221354166666666 0.07586574074074075
0 0.6995807291666666 0.5956898148148149 0.033898437499999996 0.1094212962962963
0 0.7410390625000001 0.549050925925926 0.027234374999999998 0.09768518518518518
0 0.7224791666666667 0.46902314814814816 0.023078125 0.08033333333333334
0 0.7575234375 0.5328657407407408 0.03440104166666667 0.09844444444444443
1 0.6924114583333334 0.5877962962962964 0.012549479166666665 0.019416666666666665
0 0.7404453125 0.5791712962962963 0.026380208333333332 0.1035787037037037
0 0.6798880208333333 0.5124537037037038 0.026286458333333332 0.08759722222222223
0 0.6702395833333333 0.4705324074074074 0.020010416666666666 0.07812037037037037
