0 0.797640625 0.5594675925925926 0.02440625 0.08694444444444445
0 0.79640625 0.5560925925925926 0.0246328125 0.08672685185185186
0 0.7800625 0.5517453703703704 0.034276041666666666 0.07802777777777778
0 0.8017395833333333 0.5695648148148148 0.0247734375 0.09154166666666666
1 0.8166744791666667 0.640925925925926 0.007177083333333333 0.0145
0 0.8305390625 0.6421481481481481 0.03490885416666667 0.10470833333333333
0 0.8346796875 0.6133981481481482 0.029239583333333333 0.08782407407407407
0 0.9119583333333333 0.5811944444444445 0.020348958333333333 0.08698611111111111
0 0.7577552083333334 0.5052916666666667 0.023184895833333333 0.07914814814814815
0 0.7174557291666667 0.4698703703703703 0.015497395833333334 0.07212962962962964
0 0.6865729166666666 0.44374074074074077 0.014906250000000001 0.06827314814814815
0 0.6634296875000001 0.4959351851851852 0.028322916666666666 0.08220370370370371
0 0.6127187500000001 0.43402314814814813 0.009604166666666667 0.06204166666666666
