1 0.3650234375 0.4936481481481481 0.006817708333333334 0.012541666666666666
0 0.35067968749999995 0.5066018518518518 0.023276041666666667 0.09028703703703704
0 0.4635390625 0.46793981481481484 0.018104166666666664 0.08150925925925925
0 0.4886953125 0.6462129629629629 0.04820052083333334 0.1345925925925926
0 0.5003333333333333 0.5093194444444445 0.018809895833333333 0.0907037037037037
0 0.5437135416666667 0.4953194444444445 0.025158854166666668 0.09195833333333334
0 0.6213020833333334 0.49636111111111114 0.021395833333333333 0.08150925925925925
0 0.5318411458333333 0.43930555555555556 0.024453125000000003 0.07106018518518518
0 0.602140625 0.6075509259259259 0.028213541666666668 0.11243981481481481
0 0.6832578125000001 0.4777638888888889 0.014578124999999999 0.07691203703703703
0 0.6823177083333333 0.4409814814814815 0.011755208333333333 0.06269907407407407
0 0.8404348958333333 0.5807962962962963 0.0223359375 0.09822685185185184
0 0.39229687500000004 0.4278148148148148 0.016223958333333333 0.05893518518518518
