0 0.37259635416666664 0.6629212962962964 0.035934895833333334 0.1160462962962963
0 0.3704401041666667 0.49548148148148147 0.029520833333333333 0.08400462962962962
1 0.3785807291666667 0.4578333333333333 0.006601562500000001 0.0115
0 0.3976380208333333 0.4424722222222222 0.021020833333333332 0.0695
0 0.35215104166666666 0.4517962962962963 0.017690104166666668 0.07512962962962963
0 0.3261484375 0.48906481481481484 0.014544270833333334 0.08206944444444444
0 0.24031510416666665 0.6164305555555556 0.03430729166666667 0.10866666666666666
0 0.2532421875 0.5494490740740741 0.02500520833333333 0.09576851851851853
0 0.2859661458333333 0.47414351851851855 0.0176953125 0.07763425925925926
0 0.2959088541666667 0.4659444444444445 0.011247395833333333 0.08056944444444444
0 0.2669921875 0.4463796296296296 0.013005208333333332 0.06398611111111112
0 0.26533854166666665 0.4375648148148148 0.01503125 0.0637962962962963
0 0.16065885416666664 0.4568101851851852 0.013986979166666667 0.06616203703703703
