0 0.55390625 0.50625 0.026953125 0.10486111111111111
0 0.560546875 0.43333333333333335 0.015234375 0.075
0 0.6046875 0.4625 0.020703125 0.07222222222222222
0 0.654296875 0.5138888888888888 0.028125 0.09444444444444444
0 0.659765625 0.4444444444444444 0.018359375 0.06805555555555555
0 0.716015625 0.4986111111111111 0.018359375 0.08125
0 0.76875 0.5138888888888888 0.0359375 0.07916666666666666
0 0.84296875 0.5361111111111111 0.014453125 0.08263888888888889
0 0.828125 0.5951388888888889 0.03203125 0.10625
0 0.867578125 0.6465277777777778 0.0234375 0.11527777777777778
0 0.85625 0.5833333333333334 0.033203125 0.08472222222222223
0 0.8875 0.5659722222222222 0.02265625 0.09305555555555556
1 0.805859375 0.4361111111111111 0.0078125 0.017361111111111112
