0 0.44397135416666667 0.446 0.022072916666666668 0.0735462962962963
1 0.48142708333333334 0.48343981481481485 0.006213541666666667 0.010587962962962964
0 0.4705625 0.4906435185185185 0.0180859375 0.0851574074074074
0 0.5396015625 0.5060277777777777 0.020861979166666666 0.07772685185185184
0 0.6296614583333333 0.45310648148148147 0.013408854166666668 0.07033796296296296
0 0.7039270833333333 0.5662916666666666 0.028468749999999998 0.09106944444444445
0 0.7307578125 0.5461018518518518 0.026638020833333335 0.09431018518518519
0 0.7060260416666666 0.48436574074074074 0.016924479166666666 0.07861111111111112
0 0.6837604166666666 0.47497222222222224 0.016541666666666666 0.08243981481481481
0 0.6801848958333333 0.4715648148148148 0.018223958333333335 0.07211111111111111
0 0.7986197916666666 0.5635925925925925 0.021390625 0.08777314814814816
0 0.8175 0.563824074074074 0.0246953125 0.08824537037037038
0 0.8581197916666666 0.549412037037037 0.0189921875 0.07500462962962963
