0 0.3581119791666667 0.6539583333333333 0.02558854166666667 0.12333796296296297
0 0.3319479166666667 0.4527731481481482 0.014458333333333333 0.07215740740740742
0 0.2619270833333333 0.47026388888888887 0.0174609375 0.0759212962962963
0 0.22732552083333332 0.5125185185185185 0.025708333333333333 0.0868425925925926
0 0.229953125 0.4612824074074074 0.022231770833333334 0.0608287037037037
0 0.18338802083333333 0.5549861111111111 0.022231770833333334 0.09934722222222223
0 0.1595 0.5089212962962962 0.018755208333333332 0.0790787037037037
0 0.17575 0.5333564814814815 0.012934895833333333 0.0920138888888889
0 0.17979166666666666 0.5287546296296296 0.02328125 0.0868425925925926
0 0.1881796875 0.48841666666666667 0.021906250000000002 0.07939351851851852
1 0.184625 0.44775462962962964 0.006117187499999999 0.010712962962962964
0 0.173984375 0.4512407407407407 0.016625 0.06043518518518518
0 0.14745312500000002 0.46016203703703706 0.009567708333333334 0.06656944444444444
