0 0.6123828125 0.4877731481481481 0.017541666666666667 0.08146759259259259
0 0.7990703124999999 0.5069537037037037 0.014104166666666666 0.07655092592592593
0 0.9100572916666666 0.6103518518518518 0.016075520833333332 0.08487962962962962
0 0.6013697916666667 0.4499768518518519 0.022104166666666664 0.07294444444444445
0 0.78471875 0.5151388888888889 0.028200520833333336 0.07043518518518518
0 0.7852395833333333 0.5458611111111111 0.02234635416666667 0.0915787037037037
0 0.8076536458333333 0.6311018518518519 0.030604166666666665 0.11764814814814815
0 0.7550963541666668 0.5162361111111111 0.014260416666666666 0.08445833333333333
0 0.7048619791666667 0.5283425925925926 0.024677083333333336 0.09727777777777778
1 0.8003177083333333 0.4590601851851852 0.005484375 0.012356481481481482
0 0.85653125 0.5707129629629629 0.01646875 0.06826388888888889
0 0.6938229166666667 0.47825 0.018690104166666666 0.07119907407407407
0 0.768578125 0.5057592592592592 0.015130208333333334 0.07137037037037038
