0 0.16827343749999998 0.554412037037037 0.0260078125 0.10147222222222223
1 0.16901041666666666 0.5303333333333333 0.0021458333333333334 0.009078703703703703
0 0.2905833333333333 0.5735 0.03553385416666666 0.10255555555555557
0 0.2654609375 0.6590601851851852 0.0313359375 0.1198611111111111
0 0.16834635416666668 0.4585694444444444 0.008640625 0.06691203703703703
0 0.19223697916666668 0.5160833333333333 0.019744791666666664 0.0832037037037037
0 0.2132890625 0.49545370370370373 0.014651041666666666 0.0855787037037037
0 0.17596354166666667 0.5222361111111111 0.015864583333333335 0.08391666666666667
0 0.29254687500000004 0.4936990740740741 0.0171484375 0.08603240740740742
0 0.345296875 0.4646666666666666 0.015544270833333334 0.07771296296296297
0 0.3309765625 0.47460648148148155 0.013596354166666666 0.08465277777777777
0 0.17502864583333333 0.4932037037037037 0.017619791666666666 0.06575925925925925
0 0.17891666666666667 0.49020370370370364 0.014690104166666666 0.07618518518518519
