0 0.8946666666666666 0.5633564814814814 0.01778645833333333 0.08137962962962964
0 0.7777708333333333 0.5871203703703703 0.027106770833333335 0.10912962962962963
0 0.72196875 0.514 0.019966145833333334 0.09277314814814815
0 0.7443958333333334 0.46894907407407405 0.019515624999999998 0.07499074074074073
0 0.7036874999999999 0.537375 0.025278645833333332 0.10677314814814814
0 0.5343697916666666 0.44243055555555555 0.018828124999999998 0.07475462962962963
0 0.6251458333333333 0.460375 0.016653645833333335 0.07574074074074073
0 0.6385885416666667 0.4664814814814815 0.023703125 0.07743518518518518
0 0.5663098958333334 0.515324074074074 0.020885416666666667 0.0957824074074074
0 0.6195078125 0.529625 0.022559895833333333 0.09452777777777778
0 0.7778880208333334 0.5558333333333333 0.024763020833333333 0.09519444444444444
0 0.7519557291666668 0.4831851851851852 0.01970572916666667 0.07484259259259259
1 0.5727760416666666 0.5453518518518519 0.008346354166666665 0.015222222222222224
