0 0.5531536458333334 0.44199074074074074 0.01797395833333333 0.0707175925925926
0 0.5934322916666667 0.5678518518518518 0.032 0.09802777777777778
0 0.5978437499999999 0.5055555555555555 0.019372395833333333 0.08577777777777777
1 0.5914479166666666 0.48995370370370367 0.006127604166666667 0.011115740740740742
0 0.6271510416666667 0.528087962962963 0.023283854166666666 0.08527314814814815
0 0.6535937500000001 0.4781944444444445 0.02353125 0.0770787037037037
0 0.6745546875 0.5611435185185185 0.017559895833333335 0.09535648148148149
0 0.6965494791666667 0.48724074074074075 0.015611979166666668 0.0761388888888889
0 0.730390625 0.4708333333333333 0.019114583333333334 0.06939351851851851
0 0.732140625 0.46435185185185185 0.008825520833333333 0.06980092592592593
0 0.7541484374999999 0.5973148148148149 0.022315104166666665 0.1103611111111111
0 0.7687057291666667 0.5542546296296297 0.013203125000000001 0.09374537037037037
0 0.8919713541666667 0.5638333333333334 0.01646875 0.07343518518518519
