1 0.8083697916666667 0.4578333333333333 0.009205729166666668 0.01653240740740741
0 0.5566744791666667 0.5006203703703703 0.023294270833333335 0.0897037037037037
0 0.653859375 0.5979027777777778 0.050981770833333336 0.12929166666666667
0 0.5664739583333334 0.479787037037037 0.02266666666666667 0.09763425925925925
0 0.7660026041666667 0.5197777777777778 0.026989583333333334 0.09702777777777778
0 0.8032083333333334 0.4887129629629629 0.018411458333333335 0.07581481481481481
0 0.7702213541666667 0.4903888888888889 0.023572916666666666 0.08040277777777777
0 0.8887135416666666 0.5731018518518519 0.022039062499999998 0.10448148148148148
0 0.5960078125 0.4380601851851852 0.026640624999999998 0.07493055555555556
0 0.6144895833333333 0.5104166666666666 0.0315234375 0.09689814814814815
0 0.6276718750000001 0.46013425925925927 0.020223958333333333 0.08931944444444445
0 0.7892604166666667 0.5144444444444445 0.018411458333333335 0.0888425925925926
0 0.7970364583333333 0.5322268518518518 0.029500000000000002 0.08264814814814815
