0 0.854515625 0.6384768518518518 0.03415625 0.11367592592592592
0 0.7948255208333334 0.5565462962962964 0.024307291666666668 0.10206481481481482
0 0.6577968750000001 0.6256712962962964 0.053203125000000004 0.12877314814814814
0 0.6499869791666666 0.4492037037037037 0.015507812499999999 0.06818055555555556
0 0.6930234375000001 0.44549074074074074 0.018744791666666667 0.07151388888888889
0 0.6314817708333333 0.5185740740740741 0.0234375 0.09239814814814816
0 0.6867161458333333 0.5906990740740741 0.04192447916666667 0.10146759259259258
0 0.7231979166666667 0.47583796296296293 0.016729166666666666 0.07625462962962963
0 0.6812682291666667 0.46542129629629625 0.021419270833333334 0.08087962962962962
0 0.699484375 0.5128333333333334 0.022414062499999998 0.08296296296296296
0 0.89475 0.5622314814814815 0.019171875 0.08681944444444445
0 0.598546875 0.44190277777777776 0.02011197916666667 0.07262037037037038
1 0.6345651041666667 0.5460879629629629 0.008169270833333334 0.01562962962962963
