0 0.6289192708333334 0.489 0.0324921875 0.08013888888888888
0 0.61259375 0.48158333333333336 0.0161171875 0.0838425925925926
0 0.6186458333333333 0.4265879629629629 0.012361979166666667 0.07329629629629629
1 0.7436875000000001 0.3360648148148148 0.007927083333333333 0.012342592592592593
0 0.7496848958333333 0.49744907407407407 0.022010416666666664 0.08085185185185184
0 0.7012864583333334 0.588787037037037 0.02284375 0.10402314814814814
0 0.7268932291666667 0.5663055555555556 0.02899739583333333 0.09983796296296296
0 0.8057526041666667 0.5483240740740741 0.019401041666666667 0.09129629629629629
0 0.8587447916666666 0.6106342592592593 0.0213828125 0.10390277777777777
0 0.7951927083333333 0.554462962962963 0.02175 0.09014814814814814
0 0.7896380208333333 0.5463009259259259 0.0198203125 0.07679629629629629
0 0.8949401041666667 0.5705601851851853 0.018880208333333332 0.08391666666666667
0 0.7673411458333333 0.49130555555555555 0.019036458333333332 0.06996296296296296
