0 0.5894166666666667 0.5729861111111112 0.03834114583333333 0.09443055555555556
0 0.2732734375 0.5040462962962963 0.016518229166666665 0.07967592592592593
0 0.6582994791666666 0.7090046296296296 0.046471354166666666 0.12466666666666665
0 0.2885963541666667 0.45784722222222224 0.016375 0.07207407407407408
0 0.5925572916666667 0.48893518518518514 0.02646875 0.08252777777777777
0 0.46068749999999997 0.5682314814814815 0.03526302083333333 0.10934722222222222
0 0.26746875 0.6096666666666667 0.03244791666666667 0.11522685185185184
0 0.5109427083333333 0.44708333333333333 0.020109375 0.07263888888888889
0 0.30977083333333333 0.5479259259259259 0.018666666666666668 0.10226388888888888
1 0.5759765625 0.6235324074074073 0.009393229166666666 0.015828703703703702
0 0.5624765625 0.6132314814814814 0.042377604166666666 0.11843518518518519
0 0.37927083333333333 0.46040740740740743 0.022841145833333333 0.07418518518518519
0 0.3423880208333333 0.4660324074074074 0.016315104166666667 0.07277777777777777
