0 0.26340104166666667 0.6296388888888889 0.020223958333333333 0.11385648148148149
0 0.12363541666666666 0.5819120370370371 0.02335416666666667 0.09716203703703703
0 0.2644869791666667 0.5814861111111111 0.027687499999999997 0.10058796296296296
0 0.25605989583333333 0.4385231481481482 0.021429687500000003 0.051791666666666666
0 0.21488802083333333 0.45949537037037036 0.017575520833333334 0.07062500000000001
0 0.173234375 0.512787037037037 0.01709375 0.07961574074074074
0 0.24365885416666666 0.542537037037037 0.015890625000000002 0.10058796296296296
0 0.23727864583333333 0.4890324074074074 0.022390625 0.07405092592592592
0 0.158546875 0.5530231481481481 0.01709375 0.10358333333333333
0 0.14963802083333333 0.5380416666666668 0.013723958333333335 0.10358333333333333
0 0.18382812499999998 0.5001574074074073 0.0238359375 0.07233796296296297
0 0.16757552083333332 0.45478703703703705 0.014927083333333334 0.06463425925925927
1 0.1669739583333333 0.5085046296296296 0.005536458333333333 0.01112962962962963
