0 0.363734375 0.6622592592592592 0.020721354166666664 0.11752314814814814
0 0.2510442708333333 0.6183564814814815 0.04778645833333333 0.10628240740740741
0 0.2576822916666667 0.553949074074074 0.027778645833333334 0.09281018518518519
0 0.377328125 0.493837962962963 0.016104166666666666 0.08766203703703704
0 0.33886458333333336 0.4949074074074074 0.018333333333333333 0.08235648148148147
0 0.349578125 0.45018055555555553 0.016559895833333334 0.07814814814814815
0 0.3906119791666667 0.44277777777777777 0.018924479166666668 0.0704675925925926
1 0.37913020833333333 0.45781944444444445 0.005614583333333333 0.009518518518518518
0 0.29793749999999997 0.4665462962962963 0.013427083333333334 0.08099537037037037
0 0.2872161458333334 0.47405092592592596 0.019783854166666667 0.0774537037037037
0 0.2612734375 0.44615740740740745 0.014713541666666666 0.06958333333333334
0 0.2609973958333333 0.4336851851851852 0.013372395833333333 0.06114814814814815
0 0.1612890625 0.45621296296296293 0.0129296875 0.06637962962962962
