0 0.3224427083333333 0.6721388888888888 0.03561197916666667 0.11939814814814814
0 0.15515885416666667 0.45410185185185187 0.011401041666666667 0.06573611111111112
0 0.1958984375 0.5313518518518519 0.014375 0.09616203703703705
0 0.21859114583333333 0.5434537037037036 0.0258828125 0.09036574074074075
0 0.23744270833333334 0.4538564814814815 0.012158854166666667 0.07129166666666667
0 0.22654166666666667 0.4404074074074074 0.012669270833333333 0.059884259259259255
0 0.3411067708333333 0.4404768518518518 0.019755208333333333 0.06534259259259259
0 0.31450520833333334 0.45249074074074075 0.0167578125 0.06929166666666665
0 0.31869791666666664 0.5042361111111111 0.022963541666666667 0.07772222222222222
0 0.3633098958333333 0.4996203703703704 0.0305546875 0.09219907407407407
0 0.25695833333333334 0.4788472222222222 0.019372395833333333 0.08668981481481482
0 0.2618723958333333 0.47171296296296295 0.016783854166666667 0.07774074074074074
1 0.3594817708333334 0.47429166666666667 0.007111979166666667 0.01275462962962963
