0 0.6111145833333332 0.4801296296296296 0.015463541666666667 0.08443981481481481
0 0.5825338541666666 0.4364351851851852 0.020158854166666667 0.06775
0 0.7446328125 0.6102268518518518 0.024578125 0.10996759259259259
0 0.528546875 0.5859259259259259 0.02375 0.09573148148148149
0 0.45481510416666665 0.5049212962962963 0.019330729166666668 0.08493055555555555
0 0.4712473958333333 0.475462962962963 0.01573958333333333 0.08689351851851852
0 0.38674479166666664 0.5078657407407408 0.027890625 0.08983796296296297
0 0.39433854166666665 0.45018055555555553 0.02871875 0.07363888888888889
0 0.25640364583333336 0.48037499999999994 0.01353125 0.07118518518518518
0 0.2972682291666667 0.4855231481481482 0.019330729166666668 0.08640277777777777
0 0.26109895833333335 0.6303518518518518 0.038385416666666665 0.12371296296296297
1 0.25494791666666666 0.4755833333333333 0.0060026041666666665 0.011337962962962963
0 0.3087317708333333 0.43094907407407407 0.0153828125 0.05638425925925926
