0 0.5674791666666666 0.48427777777777775 0.024838541666666665 0.10317592592592593
0 0.521640625 0.5063564814814815 0.027299479166666665 0.09713425925925925
1 0.7064427083333332 0.5407268518518519 0.011513020833333333 0.01911574074074074
0 0.6983333333333334 0.5386111111111112 0.027299479166666665 0.09856018518518518
0 0.7228437499999999 0.4838240740740741 0.023463541666666664 0.08038888888888888
0 0.7868229166666667 0.4809907407407408 0.018901041666666667 0.06956944444444445
0 0.6049166666666667 0.44455092592592593 0.017161458333333334 0.0765138888888889
0 0.8905937500000001 0.5720231481481481 0.0193359375 0.08427777777777777
0 0.6598437500000001 0.4902638888888889 0.022013020833333334 0.09326388888888888
0 0.6826901041666668 0.5458842592592592 0.024984375 0.10152314814814814
0 0.7678151041666667 0.5131157407407407 0.0250546875 0.0784675925925926
0 0.7386302083333334 0.5384814814814814 0.0260703125 0.10087499999999999
0 0.7851223958333333 0.5084166666666667 0.014773437499999998 0.0909537037037037
