0 0.5923567708333334 0.694574074074074 0.041875 0.14315277777777777
0 0.4807734375 0.5519444444444445 0.0309375 0.10505555555555555
0 0.505390625 0.49756944444444445 0.02694791666666667 0.1002037037037037
0 0.4072760416666667 0.5634398148148148 0.04059375 0.12489351851851851
0 0.311640625 0.5392962962962964 0.033609375000000004 0.11200462962962963
0 0.2694713541666667 0.4790509259259259 0.020515625 0.08574074074074074
0 0.159109375 0.5083564814814815 0.031067708333333333 0.06374537037037037
0 0.121765625 0.5160370370370371 0.01775 0.09131944444444444
1 0.133734375 0.4556898148148148 0.010088541666666668 0.015407407407407408
0 0.15703645833333332 0.4626435185185185 0.023260416666666665 0.06839351851851852
0 0.17869791666666668 0.5098425925925926 0.019869791666666668 0.08381944444444445
0 0.20828385416666664 0.4902453703703704 0.02225 0.08776851851851852
0 0.1899817708333333 0.49539814814814814 0.01816145833333333 0.08016666666666666
