0 0.3048359375 0.6392916666666666 0.038861979166666664 0.11086111111111112
0 0.3349296875 0.554462962962963 0.027473958333333333 0.10764814814814816
0 0.3623125 0.49887037037037035 0.0186171875 0.08065277777777778
0 0.3438776041666667 0.45388425925925924 0.028739583333333332 0.06201851851851852
0 0.2767291666666667 0.48585648148148153 0.027473958333333333 0.0649074074074074
0 0.29606770833333335 0.487462962962963 0.024942708333333334 0.08418981481481481
0 0.27157812499999995 0.46850462962962963 0.026208333333333333 0.06683796296296296
0 0.3294166666666667 0.5186342592592592 0.02078645833333333 0.08290277777777777
0 0.236421875 0.5130092592592592 0.023859375000000002 0.08772222222222222
0 0.21590625000000002 0.5086712962962963 0.017533854166666665 0.08997222222222222
0 0.2008125 0.5001574074074073 0.0144609375 0.08258333333333333
0 0.17975520833333333 0.4578981481481481 0.01825520833333333 0.07133796296296296
