0 0.6218776041666667 0.5825138888888889 0.03147135416666667 0.13661574074074073
1 0.614703125 0.48498148148148146 0.013171875 0.024787037037037038
0 0.591015625 0.47705555555555557 0.019950520833333332 0.08193518518518518
0 0.5610026041666667 0.45086574074074076 0.014080729166666667 0.07890740740740741
0 0.660578125 0.589212962962963 0.0321484375 0.09284722222222223
0 0.8566197916666667 0.6076666666666667 0.023713541666666667 0.09566203703703703
0 0.8070338541666667 0.5573888888888889 0.025515625 0.08436111111111111
0 0.913515625 0.5772638888888889 0.01565625 0.08800000000000001
0 0.7618802083333333 0.5116481481481482 0.02264583333333333 0.09090740740740741
0 0.7854010416666667 0.5166435185185185 0.02061197916666667 0.08911574074074075
0 0.6746015624999999 0.5005092592592593 0.0251484375 0.08635648148148148
0 0.6547734374999999 0.48568981481481477 0.018328124999999997 0.07835648148148149
0 0.6603489583333333 0.4951805555555555 0.021591145833333332 0.0745462962962963
