0 0.7127031250000001 0.4423842592592592 0.014763020833333333 0.0592037037037037
0 0.645296875 0.571324074074074 0.023401041666666667 0.11031481481481481
0 0.7904453124999999 0.5029027777777778 0.017374999999999998 0.07634722222222222
0 0.7819192708333333 0.5093472222222223 0.02421875 0.076625
0 0.7515468750000001 0.5062916666666666 0.0143671875 0.0531574074074074
0 0.7356171875 0.5078564814814815 0.019677083333333335 0.09959722222222223
0 0.6289374999999999 0.44661111111111107 0.011203125000000001 0.07276388888888888
0 0.7328125 0.5196851851851851 0.02850520833333333 0.08305555555555556
0 0.9058359374999999 0.5744212962962963 0.015080729166666666 0.076625
0 0.7166015625 0.46661574074074075 0.011507812499999999 0.0699537037037037
0 0.7455104166666667 0.523712962962963 0.018291666666666664 0.08510185185185185
1 0.7481302083333333 0.5332638888888889 0.005888020833333333 0.011342592592592593
0 0.7084088541666667 0.5577546296296296 0.022994791666666667 0.09884259259259259
