0 0.24677604166666667 0.5185462962962962 0.03235677083333333 0.08194444444444444
0 0.20039583333333333 0.5247268518518519 0.018229166666666668 0.11606481481481482
0 0.3683411458333333 0.612212962962963 0.024359375000000003 0.10836574074074073
0 0.15189322916666667 0.4662824074074074 0.016036458333333333 0.06846296296296296
0 0.32930208333333333 0.4515185185185185 0.012986979166666666 0.07248611111111111
0 0.18341927083333334 0.5338333333333333 0.017888020833333334 0.09303703703703704
0 0.20850260416666666 0.49579629629629635 0.026039062499999998 0.09827777777777778
0 0.2611380208333333 0.49394444444444446 0.024596354166666667 0.07235185185185185
0 0.14593229166666666 0.5838888888888889 0.028440104166666664 0.10696296296296295
1 0.18734114583333333 0.39699537037037036 0.006135416666666667 0.012546296296296297
0 0.096921875 0.6125740740740742 0.017671875 0.09672222222222222
