0 0.26462760416666664 0.49749999999999994 0.01923177083333333 0.0834212962962963
1 0.27617447916666665 0.5146203703703703 0.0092265625 0.011569444444444443
0 0.30095052083333335 0.42363425925925924 0.023174479166666664 0.07031018518518518
0 0.303765625 0.43440277777777775 0.019776041666666667 0.07401388888888889
0 0.37319791666666663 0.49081481481481487 0.020729166666666667 0.08788425925925926
0 0.3858020833333333 0.44801851851851854 0.028385416666666666 0.06558796296296296
0 0.5691145833333333 0.6232916666666667 0.0344375 0.12637962962962965
0 0.5955520833333333 0.5804675925925926 0.023619791666666667 0.11651388888888889
0 0.8730651041666667 0.5784675925925926 0.0254921875 0.0866574074074074
0 0.6344427083333334 0.6098564814814814 0.027177083333333334 0.12537037037037038
0 0.5542005208333334 0.45686574074074077 0.019151041666666667 0.08239351851851852
0 0.6921614583333333 0.49971759259259263 0.019804687499999998 0.09766203703703703
0 0.6403619791666666 0.5440277777777778 0.021466145833333335 0.10337037037037038
