0 0.8911171875 0.5709907407407407 0.01778385416666667 0.10274537037037038
1 0.813390625 0.46949074074074076 0.008091145833333334 0.02000462962962963
0 0.5725052083333334 0.5008055555555556 0.031244791666666667 0.08139814814814815
0 0.5700286458333333 0.479787037037037 0.025593750000000002 0.09267592592592593
0 0.6448619791666667 0.591949074074074 0.03159375 0.13226388888888888
0 0.6189869791666667 0.5060138888888889 0.028664062499999997 0.09677314814814815
0 0.5949635416666667 0.4391111111111111 0.020364583333333335 0.07083796296296296
0 0.6282994791666667 0.46564814814814814 0.017296875 0.08424074074074074
0 0.7670130208333333 0.4891481481481481 0.022734374999999998 0.0878425925925926
0 0.7671875 0.520212962962963 0.025177083333333336 0.08921296296296295
0 0.8012213541666667 0.5317407407407407 0.037869791666666666 0.07508333333333334
0 0.8025130208333333 0.49249537037037033 0.028174479166666665 0.07718055555555556
0 0.78734375 0.5112222222222222 0.016669270833333336 0.09231018518518518
