0 0.26328125 0.6302824074074075 0.02335416666666667 0.11428703703703705
0 0.12315364583333334 0.5870509259259259 0.028651041666666665 0.10401388888888888
0 0.26845833333333335 0.5831990740740741 0.023114583333333334 0.10572685185185185
0 0.2806171875 0.4348842592592593 0.019020833333333334 0.06334722222222222
0 0.20862760416666667 0.46805555555555556 0.015651041666666667 0.06634722222222222
0 0.16504687499999998 0.48624999999999996 0.02479947916666667 0.09416666666666666
0 0.23595572916666668 0.5521666666666667 0.023596354166666667 0.10101851851851851
0 0.1581848958333333 0.5451018518518519 0.023596354166666667 0.09887499999999999
0 0.157703125 0.49437962962962956 0.019260416666666665 0.10700925925925925
0 0.1656484375 0.47832870370370373 0.011075520833333333 0.08518055555555556
0 0.23390885416666668 0.483037037037037 0.02479947916666667 0.07405092592592592
1 0.1581848958333333 0.42718055555555556 0.0057786458333333336 0.012842592592592591
0 0.16829687499999998 0.4530740740740741 0.0144453125 0.06549074074074074
