0 0.4001744791666667 0.4569768518518519 0.01871875 0.07793518518518519
0 0.40404687499999997 0.49370370370370376 0.023260416666666665 0.08719907407407407
0 0.4742526041666667 0.559375 0.034567708333333336 0.11156944444444444
0 0.4714609375 0.6266064814814815 0.041953125 0.1271574074074074
0 0.8246875 0.6898842592592593 0.029591145833333332 0.11763425925925926
0 0.6616197916666666 0.572425925925926 0.022427083333333334 0.09074537037037037
0 0.6896875 0.5697453703703704 0.030346354166666666 0.088375
1 0.6807630208333334 0.5775694444444445 0.007013020833333333 0.01411574074074074
0 0.69646875 0.5038611111111111 0.019776041666666667 0.07408333333333333
0 0.6149296875 0.47267592592592594 0.0144453125 0.07889814814814815
0 0.48669531250000003 0.4615185185185185 0.02871875 0.08104166666666668
0 0.5175286458333334 0.46900462962962963 0.030869791666666667 0.07952314814814815
0 0.7137057291666667 0.5628564814814815 0.0188203125 0.09144907407407407
