0 0.09634895833333333 0.5279212962962962 0.029697916666666668 0.09230555555555556
0 0.2596822916666667 0.5273287037037037 0.025156249999999998 0.10302314814814816
0 0.25090104166666666 0.5140925925925927 0.025455729166666666 0.08713888888888889
0 0.29909375 0.4622175925925926 0.025083333333333332 0.07468981481481482
0 0.3172161458333333 0.4355509259259259 0.017416666666666667 0.07295833333333333
0 0.42230989583333334 0.4497777777777778 0.034088541666666666 0.08156481481481481
0 0.48226302083333333 0.4921944444444445 0.03565104166666667 0.08568055555555555
1 0.424765625 0.48907870370370377 0.010718749999999999 0.025203703703703704
0 0.43600520833333334 0.49623148148148144 0.04361458333333333 0.08713888888888889
0 0.5550937499999999 0.43271296296296297 0.02215625 0.07305555555555555
0 0.61071875 0.4844444444444445 0.028453125000000003 0.0956712962962963
0 0.6388828125 0.5011388888888889 0.02600520833333333 0.10210185185185185
0 0.6184166666666666 0.43125925925925923 0.015859375 0.06600462962962962
