1 0.31345052083333336 0.48194444444444445 0.0064375 0.011555555555555557
0 0.300296875 0.4874861111111111 0.021934895833333336 0.08194444444444444
0 0.3109791666666667 0.43787499999999996 0.013645833333333333 0.07086574074074074
0 0.42827604166666666 0.44382407407407404 0.027703125 0.07635648148148148
0 0.4519114583333333 0.4906018518518519 0.021213541666666665 0.08532407407407408
0 0.6119609374999999 0.5634259259259259 0.026036458333333335 0.10245370370370371
0 0.6207864583333333 0.4776712962962963 0.0133515625 0.07961574074074074
0 0.6716536458333333 0.5471388888888888 0.022145833333333333 0.09987962962962964
0 0.7082604166666666 0.48329629629629633 0.013070312499999999 0.0834212962962963
0 0.688796875 0.46935185185185185 0.017708333333333333 0.07903703703703703
0 0.7853880208333333 0.5881712962962963 0.022588541666666666 0.10459259259259258
0 0.7850260416666667 0.5837592592592593 0.020895833333333332 0.0883148148148148
0 0.8033020833333333 0.5061759259259259 0.0173984375 0.06745833333333334
