0 0.39881770833333335 0.5346157407407407 0.016335937499999998 0.10411111111111111
0 0.2523255208333333 0.6470694444444445 0.023981770833333336 0.11276388888888889
0 0.35459114583333334 0.46974074074074074 0.017552083333333336 0.07816203703703704
0 0.3097578125 0.43560185185185185 0.012338541666666668 0.0679675925925926
0 0.29533333333333334 0.504337962962963 0.0234609375 0.09051851851851853
0 0.2957682291666667 0.4930648148148148 0.025023437500000002 0.08156018518518518
0 0.18837500000000001 0.5074305555555555 0.018768229166666664 0.0800138888888889
0 0.22929947916666665 0.45506481481481487 0.011989583333333333 0.06734722222222222
0 0.17108333333333334 0.5031064814814815 0.020330729166666665 0.08557407407407408
0 0.1955 0.4893564814814815 0.013554687499999999 0.08897222222222223
0 0.18203125 0.4916759259259259 0.018247395833333332 0.09855092592592593
0 0.17169270833333333 0.4538287037037037 0.01425 0.064875
1 0.16717447916666667 0.416912037037037 0.006255208333333333 0.011430555555555557
