0 0.8103854166666667 0.6239074074074075 0.028947916666666667 0.1013425925925926
0 0.6340885416666667 0.6034675925925926 0.0426640625 0.11764814814814815
0 0.5759036458333333 0.5133657407407407 0.025908854166666665 0.10532407407407407
0 0.5472838541666667 0.5694027777777778 0.038195312499999995 0.11408796296296296
0 0.4788776041666667 0.5935277777777778 0.0425078125 0.11806481481481482
0 0.43985416666666666 0.46158333333333335 0.027763020833333332 0.09214814814814815
0 0.4754479166666667 0.4930833333333333 0.0315 0.09058333333333334
0 0.35597395833333334 0.49359722222222224 0.032260416666666666 0.09161111111111112
0 0.2152734375 0.5139351851851851 0.0237734375 0.08062962962962963
0 0.2817630208333333 0.44816666666666666 0.02911197916666667 0.07084722222222223
1 0.2132890625 0.5148657407407407 0.0078515625 0.015865740740740743
0 0.2772760416666667 0.4973657407407407 0.034499999999999996 0.08786574074074073
0 0.2300208333333333 0.49614814814814817 0.021156249999999998 0.08436574074074074
