0 0.67265625 0.6131944444444445 0.029296875 0.12708333333333333
0 0.5734375 0.5048611111111111 0.0328125 0.09722222222222222
0 0.498046875 0.44027777777777777 0.030078125 0.0798611111111111
0 0.47578125 0.5659722222222222 0.0359375 0.08472222222222223
1 0.458203125 0.5604166666666667 0.011328125 0.020833333333333332
0 0.42109375 0.5305555555555556 0.03828125 0.09027777777777778
0 0.397265625 0.5444444444444444 0.033984375 0.11041666666666666
0 0.38828125 0.5027777777777778 0.017578125 0.09930555555555555
0 0.409765625 0.4701388888888889 0.0203125 0.08819444444444445
0 0.22578125 0.4409722222222222 0.017578125 0.06875
0 0.33515625 0.5513888888888889 0.035546875 0.1125
0 0.29140625 0.48819444444444443 0.02109375 0.09305555555555556
0 0.31328125 0.45 0.026953125 0.07708333333333334
