0 0.53359375 0.4340277777777778 0.026171875 0.07291666666666667
0 0.610546875 0.5527777777777778 0.03203125 0.1111111111111111
0 0.672265625 0.5347222222222222 0.0234375 0.09930555555555555
0 0.776171875 0.6270833333333333 0.034765625 0.12222222222222222
0 0.72109375 0.5013888888888889 0.022265625 0.09027777777777778
0 0.7734375 0.58125 0.04296875 0.10138888888888889
0 0.7109375 0.4840277777777778 0.015625 0.07708333333333334
0 0.62421875 0.48680555555555555 0.03671875 0.06875
0 0.657421875 0.4798611111111111 0.021484375 0.06736111111111111
0 0.63984375 0.46319444444444446 0.013671875 0.07916666666666666
0 0.88984375 0.5729166666666666 0.025 0.09583333333333334
0 0.663671875 0.4701388888888889 0.01484375 0.07291666666666667
1 0.621875 0.5048611111111111 0.00703125 0.013888888888888888
