0 0.609765625 0.6201388888888889 0.045703125 0.14166666666666666
0 0.513671875 0.5013888888888889 0.034765625 0.10208333333333333
0 0.44765625 0.43680555555555556 0.0203125 0.0798611111111111
0 0.383984375 0.45694444444444443 0.023046875 0.07291666666666667
0 0.341796875 0.5888888888888889 0.040625 0.10555555555555556
1 0.329296875 0.5770833333333333 0.011328125 0.022222222222222223
0 0.26796875 0.4861111111111111 0.028125 0.07708333333333334
0 0.283984375 0.45069444444444445 0.026171875 0.07222222222222222
0 0.353515625 0.5381944444444444 0.030078125 0.1
0 0.362109375 0.4986111111111111 0.020703125 0.09513888888888888
0 0.19765625 0.44722222222222224 0.01953125 0.06875
0 0.29140625 0.5354166666666667 0.03359375 0.09513888888888888
0 0.343359375 0.5263888888888889 0.035546875 0.09375
