0 0.27475520833333333 0.6239212962962963 0.022088541666666666 0.14855555555555555
0 0.2525598958333333 0.5250509259259258 0.01756770833333333 0.08650462962962963
0 0.23534635416666666 0.48656944444444444 0.01784375 0.07432407407407407
0 0.2300390625 0.43828703703703703 0.018919270833333335 0.056032407407407406
0 0.19229166666666667 0.5137361111111112 0.022427083333333334 0.08398148148148149
0 0.16215885416666667 0.4819398148148148 0.016859375 0.06280555555555556
1 0.151390625 0.47135185185185186 0.005169270833333334 0.010143518518518519
0 0.21218229166666666 0.5307685185185186 0.022643229166666667 0.08875
0 0.23134635416666666 0.5042175925925926 0.023072916666666665 0.07238425925925926
0 0.21416666666666667 0.47985185185185186 0.0202109375 0.06697685185185184
0 0.16660416666666666 0.48928703703703696 0.031656250000000004 0.07709722222222222
0 0.22879427083333334 0.44748611111111114 0.014028645833333332 0.06170833333333333
0 0.1865859375 0.4359953703703704 0.018458333333333334 0.08030555555555556
