0 0.2503359375 0.6534074074074073 0.023377604166666666 0.11352777777777778
0 0.150546875 0.5969212962962962 0.024947916666666667 0.10655555555555556
0 0.20593229166666666 0.5553611111111111 0.029341145833333335 0.09762962962962962
0 0.35475260416666665 0.48953240740740744 0.0244765625 0.08702777777777777
0 0.30077864583333336 0.43793055555555555 0.019143229166666668 0.05523148148148148
0 0.21385677083333335 0.4797685185185185 0.012552083333333333 0.08535648148148148
0 0.16074479166666666 0.5588472222222222 0.020554687500000002 0.08786574074074073
0 0.22813541666666665 0.5105925925925926 0.022593750000000003 0.08061111111111112
0 0.21071874999999998 0.49162500000000003 0.013494791666666667 0.07670833333333334
0 0.3148229166666667 0.5020833333333333 0.018984375 0.0792175925925926
0 0.3071328125 0.4691712962962963 0.02871354166666667 0.06192592592592592
0 0.16084375 0.45622685185185186 0.017591145833333332 0.0668287037037037
