0 0.893578125 0.6060277777777777 0.019888020833333336 0.09172222222222222
0 0.5060208333333333 0.5927314814814815 0.035726562499999996 0.12246296296296295
0 0.6702239583333333 0.5018194444444445 0.024182291666666668 0.09118981481481482
0 0.5586979166666667 0.4316805555555555 0.022372395833333333 0.07366203703703704
0 0.6682291666666667 0.474699074074074 0.01971614583333333 0.08105555555555556
0 0.3569973958333333 0.4389166666666666 0.0168984375 0.07564814814814814
0 0.6682447916666666 0.4416990740740741 0.019604166666666666 0.06415740740740741
0 0.3353776041666666 0.5038287037037037 0.029984375 0.1000462962962963
0 0.5794322916666667 0.5251296296296296 0.027190104166666666 0.09639814814814815
0 0.6765703125000001 0.5354398148148148 0.021911458333333335 0.10124074074074074
0 0.6027473958333334 0.4523518518518519 0.017479166666666667 0.07349537037037036
1 0.3426692708333333 0.4936990740740741 0.008346354166666665 0.015222222222222224
0 0.6697317708333334 0.47088425925925925 0.013466145833333333 0.07312962962962963
