0 0.2529895833333333 0.6562314814814815 0.023184895833333333 0.11413888888888889
0 0.240171875 0.568875 0.025950520833333334 0.10839351851851851
0 0.1440390625 0.5177685185185186 0.018328124999999997 0.06746296296296296
1 0.13385677083333333 0.5636388888888889 0.006109375 0.012490740740740741
0 0.1826015625 0.5077037037037038 0.014203125 0.08704166666666666
0 0.34682291666666665 0.49034259259259266 0.016919270833333333 0.08388888888888889
0 0.34734635416666665 0.44800462962962967 0.012739583333333334 0.07164814814814814
0 0.2554192708333333 0.5134583333333333 0.016760416666666667 0.09000925925925925
0 0.23455729166666667 0.45242592592592595 0.012427083333333333 0.06893055555555555
0 0.17805989583333334 0.5231712962962963 0.017023437500000002 0.0900787037037037
0 0.1666484375 0.524287037037037 0.022609374999999998 0.08227777777777778
0 0.16845052083333334 0.5091064814814815 0.0161875 0.08534722222222221
0 0.16991406250000002 0.45860185185185187 0.014515625 0.06939351851851851
