0 0.5360755208333334 0.4414166666666667 0.019744791666666664 0.0662824074074074
0 0.5581744791666666 0.49018518518518517 0.025638020833333334 0.08454166666666667
0 0.6428645833333333 0.5219537037037038 0.014557291666666666 0.09684722222222222
0 0.6754322916666666 0.5184953703703704 0.024888020833333333 0.08425462962962964
0 0.6966119791666666 0.4895231481481481 0.018153645833333332 0.0790787037037037
0 0.7169973958333333 0.4716712962962963 0.010989583333333334 0.0726064814814815
0 0.7486979166666666 0.5602453703703704 0.0238828125 0.093125
0 0.7596354166666667 0.6005324074074074 0.0216796875 0.1079212962962963
0 0.7751067708333333 0.4908981481481481 0.022744791666666667 0.07206481481481482
0 0.8309531250000001 0.5267499999999999 0.014682291666666668 0.07530092592592592
1 0.830296875 0.5228518518518518 0.0058359375 0.010662037037037038
0 0.89390625 0.6147638888888889 0.021955729166666667 0.0829212962962963
0 0.6938802083333333 0.6005694444444445 0.033937499999999995 0.12172222222222223
