0 0.6474375 0.5497731481481481 0.023817708333333333 0.10376388888888889
0 0.6217005208333333 0.5351527777777778 0.0251328125 0.10193518518518518
0 0.6097213541666666 0.44147222222222227 0.0213984375 0.07417592592592592
0 0.8020312500000001 0.6375509259259259 0.02500520833333333 0.12063425925925926
0 0.7073828125 0.5196851851851851 0.028106770833333336 0.09789814814814815
0 0.7621223958333334 0.502800925925926 0.021335937500000002 0.08303703703703705
0 0.7760260416666667 0.5081944444444445 0.027234374999999998 0.07625925925925926
0 0.8005520833333333 0.5564166666666667 0.019791666666666666 0.09283796296296297
1 0.8056484375 0.41908333333333336 0.00703125 0.01499537037037037
0 0.8947890624999999 0.5631712962962964 0.0186484375 0.07685648148148148
0 0.7114192708333333 0.4607685185185185 0.013796874999999998 0.06504166666666666
0 0.7247317708333333 0.5164305555555556 0.018453125 0.08752777777777777
0 0.6990078125 0.4445648148148148 0.018677083333333334 0.06924074074074074
