0 0.5725104166666667 0.4641435185185185 0.019533854166666666 0.07763888888888888
0 0.12802083333333333 0.49425462962962957 0.015973958333333333 0.08755092592592593
0 0.16530989583333333 0.5802731481481482 0.032130208333333334 0.11678703703703704
0 0.19597916666666665 0.5466759259259258 0.01971614583333333 0.09178240740740741
0 0.2156484375 0.4862314814814815 0.0205390625 0.06987962962962962
0 0.20766145833333333 0.5036805555555556 0.021906250000000002 0.08692592592592592
0 0.22386458333333334 0.4977546296296297 0.022364583333333334 0.08968518518518519
0 0.27899739583333333 0.45466203703703706 0.015791666666666666 0.07327777777777778
0 0.286984375 0.43380555555555556 0.021723958333333335 0.06564351851851852
1 0.22201041666666665 0.4836666666666667 0.020559895833333335 0.024439814814814814
0 0.4752239583333333 0.44307407407407406 0.024166666666666666 0.08818055555555555
0 0.49639583333333337 0.49316203703703704 0.031453125 0.09986574074074074
0 0.5454114583333334 0.5084537037037037 0.026359375 0.10233796296296296
