0 0.5503515625 0.4479490740740741 0.0236953125 0.07760185185185185
0 0.592578125 0.5103564814814814 0.02169270833333333 0.0827037037037037
0 0.6139973958333333 0.5096898148148148 0.023255208333333333 0.08831944444444445
0 0.6888333333333333 0.5621111111111111 0.039117187500000004 0.09584722222222222
0 0.7290755208333334 0.5864953703703704 0.0305390625 0.09595833333333334
0 0.8337239583333333 0.623199074074074 0.03216666666666666 0.09444907407407407
0 0.8201380208333333 0.5897037037037037 0.02411197916666667 0.08383796296296296
0 0.898703125 0.5640509259259259 0.017453125 0.08196759259259259
0 0.7426484375 0.49496759259259265 0.013802083333333333 0.08745833333333333
0 0.7187421875 0.4857685185185185 0.0198671875 0.08141666666666668
0 0.7078125 0.45920833333333333 0.019291666666666665 0.06536574074074074
0 0.7187083333333334 0.4624583333333333 0.0139453125 0.06668055555555556
