0 0.8867291666666667 0.5566574074074074 0.017731770833333334 0.08498148148148148
0 0.594421875 0.44260648148148146 0.018807291666666667 0.07897685185185185
0 0.7125677083333334 0.5500925925925926 0.020015625 0.11722685185185186
0 0.7358750000000001 0.6129675925925926 0.024986979166666666 0.11760185185185186
0 0.6042291666666666 0.5075138888888889 0.022299479166666667 0.0905787037037037
0 0.6242109374999999 0.46732870370370366 0.017263020833333333 0.08782407407407407
0 0.7328515625 0.47108796296296296 0.022971354166666666 0.07743518518518518
0 0.7552187499999999 0.5611944444444444 0.030895833333333334 0.10361574074074074
0 0.7331536458333333 0.528412037037037 0.02021614583333333 0.09178240740740741
0 0.7365130208333334 0.48124074074074075 0.021559895833333335 0.06668981481481483
0 0.65896875 0.48225462962962967 0.020283854166666667 0.07230092592592592
0 0.6545026041666666 0.5078703703703704 0.025455729166666666 0.08413425925925926
1 0.601609375 0.4833240740740741 0.01034375 0.024291666666666666
