0 0.498046875 0.5055555555555555 0.02890625 0.09930555555555555
0 0.526171875 0.4361111111111111 0.0296875 0.06875
0 0.563671875 0.4708333333333333 0.017578125 0.07777777777777778
0 0.5859375 0.4895833333333333 0.026953125 0.07847222222222222
0 0.625390625 0.4638888888888889 0.019921875 0.07083333333333333
0 0.7546875 0.5208333333333334 0.029296875 0.08125
0 0.785546875 0.6395833333333333 0.0375 0.11180555555555556
0 0.8515625 0.63125 0.03046875 0.10208333333333333
0 0.809765625 0.6055555555555555 0.028125 0.09930555555555555
0 0.81640625 0.5472222222222223 0.01796875 0.09652777777777778
1 0.810546875 0.5083333333333333 0.009765625 0.015277777777777777
0 0.830859375 0.5375 0.025390625 0.0875
0 0.879296875 0.56875 0.01796875 0.09305555555555556
