0 0.5054479166666667 0.44289814814814815 0.018283854166666665 0.0787962962962963
1 0.6180130208333333 0.5135879629629629 0.009471354166666666 0.020449074074074074
0 0.6295052083333333 0.5283518518518519 0.029372395833333335 0.09854166666666667
0 0.683328125 0.4887222222222223 0.019825520833333332 0.08272222222222222
0 0.6960677083333333 0.47272685185185187 0.021072916666666667 0.08597685185185186
0 0.6465416666666666 0.47468518518518515 0.018505208333333335 0.0726574074074074
0 0.6527447916666667 0.44308333333333333 0.022541666666666668 0.06115277777777778
0 0.7901666666666666 0.5961481481481482 0.03216145833333333 0.11194444444444444
0 0.8246067708333332 0.6449861111111111 0.021734374999999997 0.12659722222222222
0 0.9025130208333334 0.6046990740740741 0.026875 0.10476851851851852
0 0.7071927083333333 0.5793703703703704 0.030986979166666664 0.1105
0 0.7081484375 0.5236296296296297 0.01835677083333333 0.09693055555555556
0 0.6509479166666666 0.6057546296296297 0.03833072916666667 0.13037500000000002
