0 0.563796875 0.44111111111111106 0.017265625 0.07200925925925926
0 0.5891848958333333 0.5620833333333333 0.025643229166666667 0.10356018518518519
1 0.6100416666666667 0.49556018518518524 0.004177083333333333 0.008277777777777778
0 0.6157369791666666 0.4908888888888889 0.016591145833333334 0.07869444444444444
0 0.6509869791666667 0.514712962962963 0.0182578125 0.08977314814814814
0 0.6535494791666667 0.48258333333333336 0.025611979166666667 0.07654166666666667
0 0.6721822916666667 0.5508564814814815 0.013934895833333332 0.1036712962962963
0 0.6913645833333334 0.48605555555555563 0.016677083333333335 0.07575462962962963
0 0.7385598958333334 0.47124074074074074 0.02245052083333333 0.06434722222222222
0 0.7401770833333334 0.4735925925925926 0.01670572916666667 0.0697824074074074
0 0.7539895833333333 0.601625 0.025791666666666668 0.11487037037037037
0 0.7663567708333333 0.5365324074074075 0.012588541666666668 0.09068055555555556
0 0.8915416666666667 0.5634814814814815 0.0159296875 0.07512962962962963
