0 0.15578645833333335 0.4550462962962963 0.015778645833333334 0.06649074074074074
0 0.24522395833333333 0.565712962962963 0.03133854166666667 0.10404166666666666
0 0.23295572916666665 0.47481481481481475 0.021135416666666667 0.05698611111111111
0 0.21553385416666665 0.49010648148148156 0.020606770833333333 0.07136111111111111
0 0.24140364583333335 0.44739814814814816 0.013276041666666665 0.06045370370370371
0 0.2675703125 0.4679814814814815 0.018479166666666665 0.07846296296296296
1 0.3195442708333333 0.42591203703703706 0.006674479166666666 0.012467592592592593
0 0.32117708333333334 0.4880972222222222 0.029270833333333336 0.11637037037037037
0 0.34858854166666664 0.4943240740740741 0.029799479166666667 0.1075925925925926
0 0.28841927083333335 0.5858842592592592 0.028468749999999998 0.11002777777777778
0 0.2797630208333333 0.6704027777777778 0.0317890625 0.11921759259259258
0 0.220765625 0.47058796296296296 0.0148828125 0.07575925925925925
0 0.25523697916666666 0.4778333333333333 0.0147421875 0.08852314814814816
