0 0.6972161458333334 0.6609351851851851 0.028203125 0.11069907407407407
0 0.5642552083333333 0.607537037037037 0.03259895833333334 0.11720833333333333
0 0.6034479166666666 0.5323287037037037 0.02893489583333333 0.10093055555555555
0 0.20346875 0.5746527777777778 0.020877604166666668 0.10744444444444445
0 0.21573958333333335 0.49260648148148145 0.018315104166666665 0.07097685185185185
0 0.1918671875 0.4973657407407407 0.02429947916666667 0.085875
0 0.2544921875 0.5059351851851852 0.020471354166666667 0.0874074074074074
1 0.20786458333333335 0.47607407407407404 0.005598958333333333 0.009643518518518518
0 0.22159895833333335 0.4527453703703703 0.014171875 0.06314351851851852
0 0.347265625 0.4857685185185185 0.04029166666666666 0.08465277777777777
0 0.46690625 0.4572546296296296 0.0162734375 0.07340740740740741
0 0.39473177083333333 0.5208657407407407 0.043041666666666666 0.09984722222222221
0 0.39928125 0.48633796296296294 0.027994791666666668 0.0675
