0 0.48244010416666666 0.4309675925925926 0.020341145833333334 0.07812962962962963
0 0.5485052083333334 0.47154166666666664 0.024166666666666666 0.07490740740740741
0 0.5831875 0.5483425925925927 0.041377604166666665 0.10611574074074075
1 0.5917942708333332 0.5371250000000001 0.009908854166666667 0.019083333333333334
0 0.6622916666666666 0.5220648148148148 0.030598958333333332 0.09991666666666667
0 0.5973124999999999 0.48913888888888885 0.026338541666666666 0.08599074074074074
0 0.6665078125 0.4626851851851852 0.022861979166666668 0.07818518518518518
0 0.5948359375 0.42894444444444446 0.026078125 0.07408796296296297
0 0.6674192708333333 0.6438472222222222 0.0502421875 0.13208333333333333
0 0.7616041666666666 0.5800046296296296 0.03311979166666667 0.10453240740740741
0 0.698453125 0.570037037037037 0.025208333333333333 0.11148148148148149
0 0.7924192708333333 0.6410648148148148 0.0295546875 0.13207870370370373
0 0.9027291666666667 0.6287685185185186 0.025903645833333332 0.11489814814814815
