0 0.62115625 0.6785972222222222 0.042140625 0.12253703703703704
0 0.6642760416666668 0.567675925925926 0.028419270833333333 0.09930555555555555
0 0.5692161458333334 0.5113425925925926 0.017966145833333332 0.0935
0 0.3714192708333333 0.4497824074074074 0.0124140625 0.0725925925925926
0 0.26237499999999997 0.47332407407407406 0.025609375 0.07872685185185185
0 0.24416927083333334 0.43704166666666666 0.014005208333333333 0.06592592592592593
0 0.21882552083333331 0.4785416666666667 0.01640625 0.07446296296296297
0 0.2327630208333333 0.48636574074074074 0.023210937499999997 0.08299537037037037
0 0.17240624999999998 0.506287037037037 0.016940104166666668 0.08157407407407406
0 0.13785677083333334 0.5074722222222222 0.0180078125 0.0682962962962963
1 0.1375234375 0.4793703703703704 0.0048020833333333336 0.008773148148148148
0 0.17113802083333332 0.45304629629629634 0.0109375 0.05667592592592593
0 0.15706510416666666 0.5378240740740741 0.01747395833333333 0.08157407407407406
