0 0.8946666666666666 0.5633564814814814 0.01778645833333333 0.08137962962962964
0 0.7777708333333333 0.5871203703703703 0.027106770833333335 0.10912962962962963
0 0.7215598958333334 0.5125416666666667 0.019966145833333334 0.09277314814814815
0 0.7405 0.4674907407407407 0.019515624999999998 0.07499074074074073
0 0.70040625 0.5366481481481482 0.025278645833333332 0.10677314814814814
0 0.5327291666666667 0.44243055555555555 0.022109375 0.07475462962962963
0 0.6223776041666667 0.45381481481481484 0.016859375 0.0699074074074074
0 0.6367421875 0.462837962962963 0.0196015625 0.07451851851851853
0 0.5623098958333334 0.515324074074074 0.0288828125 0.0957824074074074
0 0.6195078125 0.5276203703703705 0.022559895833333333 0.08978703703703704
0 0.7755286458333334 0.5521898148148148 0.020046875000000002 0.08790277777777777
0 0.74990625 0.48100000000000004 0.01970572916666667 0.07484259259259259
1 0.5692890625 0.5223888888888888 0.008346354166666665 0.015222222222222224
