1 0.8376354166666666 0.6471990740740741 0.007330729166666666 0.014930555555555556
0 0.8523411458333333 0.6474166666666668 0.025265625 0.10597685185185185
0 0.9005833333333333 0.5691064814814815 0.02265885416666667 0.0833425925925926
0 0.813296875 0.5706481481481481 0.018458333333333334 0.08952314814814814
0 0.7954192708333333 0.5685370370370371 0.015385416666666667 0.0925138888888889
0 0.7834505208333333 0.5560833333333334 0.030046874999999997 0.07415277777777778
0 0.7662682291666666 0.5437916666666667 0.01787760416666667 0.07843055555555556
0 0.758953125 0.5487870370370371 0.016169270833333336 0.0925462962962963
0 0.767515625 0.5006574074074075 0.031205729166666665 0.07637962962962963
0 0.7078828125 0.48100925925925925 0.019036458333333332 0.07780092592592593
0 0.6984661458333333 0.46643055555555557 0.022804687499999997 0.06925462962962962
0 0.6815598958333333 0.45037962962962963 0.014023437500000001 0.07168055555555557
0 0.6082942708333333 0.4334814814814815 0.014226562500000001 0.06159259259259259
