0 0.8153125 0.6440555555555556 0.042203125 0.11842592592592593
1 0.5351744791666667 0.5775879629629629 0.023677083333333335 0.03225462962962963
0 0.2778359375 0.5994259259259259 0.03496875 0.1305
0 0.33714062499999997 0.5192175925925926 0.03562760416666667 0.10065277777777777
0 0.5989739583333333 0.46291203703703704 0.03376302083333334 0.08549074074074074
0 0.38033333333333336 0.5689490740740741 0.04724739583333334 0.1338611111111111
0 0.35846354166666666 0.44975462962962964 0.043848958333333334 0.08061574074074074
0 0.48156770833333334 0.4848425925925926 0.0379296875 0.10401388888888888
0 0.5452578124999999 0.49225 0.040341145833333335 0.09543981481481481
0 0.4803072916666667 0.4440092592592592 0.034312499999999996 0.09055555555555556
0 0.6376145833333333 0.5632962962962963 0.04790364583333333 0.10306481481481482
0 0.6220494791666666 0.49800000000000005 0.026419270833333335 0.1010925925925926
0 0.5217447916666667 0.613 0.042643229166666664 0.12062037037037038
