0 0.8526953125 0.5521805555555556 0.014375 0.07348148148148148
0 0.8114192708333333 0.5330324074074073 0.018473958333333332 0.08257407407407408
0 0.7965390625000001 0.6057638888888889 0.021875 0.09220833333333332
0 0.9154479166666667 0.6369722222222222 0.021208333333333333 0.08525925925925926
0 0.7252578125 0.49675462962962963 0.029851562499999998 0.06695833333333333
0 0.7136458333333333 0.4796944444444445 0.014752604166666666 0.06288425925925926
0 0.629734375 0.573925925925926 0.019901041666666668 0.11089351851851852
0 0.4745807291666667 0.4855555555555555 0.020908854166666668 0.09050925925925926
0 0.42135416666666664 0.4908935185185185 0.017848958333333335 0.08759722222222223
0 0.224578125 0.500662037037037 0.021445312499999997 0.09094907407407407
0 0.21386458333333333 0.5051574074074074 0.017249999999999998 0.08752314814814816
0 0.18072395833333335 0.45196296296296296 0.015091145833333335 0.06654166666666667
