0 0.39149999999999996 0.49756944444444445 0.019874999999999997 0.07626851851851853
0 0.42563802083333335 0.48974999999999996 0.020533854166666664 0.08356944444444445
0 0.49366927083333334 0.4598055555555555 0.014294270833333334 0.07168055555555557
0 0.11722135416666667 0.5044259259259259 0.01648697916666667 0.08171296296296296
0 0.2992890625 0.4502361111111111 0.012822916666666666 0.07226851851851851
0 0.17324479166666668 0.5531990740740741 0.018041666666666668 0.09822685185185184
0 0.18158333333333332 0.5422962962962963 0.016744791666666665 0.09329166666666666
0 0.31016927083333334 0.5175879629629629 0.021390625 0.09343518518518518
0 0.27968489583333334 0.4641064814814815 0.027401041666666667 0.07477314814814814
1 0.4324505208333333 0.4818888888888889 0.0064062500000000005 0.011291666666666667
0 0.28753124999999996 0.44256944444444446 0.0206328125 0.05214351851851852
0 0.3121770833333333 0.45170370370370366 0.022348958333333332 0.05959259259259259
