0 0.26547916666666665 0.6655462962962962 0.020617187500000002 0.11956018518518519
0 0.22155989583333333 0.5529537037037038 0.022028645833333336 0.09922685185185186
0 0.32062239583333335 0.5524537037037037 0.02216927083333333 0.10324074074074074
0 0.3675729166666667 0.4940833333333333 0.02908854166666667 0.08993518518518519
0 0.2803046875 0.4605694444444445 0.02033333333333333 0.07362037037037038
0 0.21845572916666667 0.4928287037037037 0.01835677083333333 0.08190277777777778
0 0.1546328125 0.5100648148148148 0.011973958333333333 0.07591203703703704
0 0.18439583333333334 0.5023101851851852 0.011119791666666667 0.08594444444444443
0 0.16429687499999998 0.5232916666666666 0.01727604166666667 0.0743888888888889
0 0.13880989583333334 0.5416898148148148 0.018986979166666664 0.09324537037037037
0 0.10413020833333334 0.5435925925925926 0.022494791666666666 0.07849537037037038
0 0.16784635416666666 0.45737962962962964 0.011546875000000002 0.06693981481481481
1 0.15748958333333332 0.5070277777777779 0.0063828125000000005 0.012004629629629629
