1 0.43583072916666665 0.5125740740740741 0.007356770833333333 0.01375
0 0.4262109375 0.5258194444444444 0.020559895833333335 0.09188425925925926
0 0.4422447916666667 0.4263888888888889 0.011505208333333333 0.06002777777777778
0 0.539578125 0.5281666666666667 0.030747395833333333 0.0885324074074074
0 0.5487265625000001 0.4694814814814815 0.03282291666666667 0.08249537037037037
0 0.5949401041666668 0.4393009259259259 0.022257812499999998 0.06841203703703704
0 0.6142760416666667 0.4932916666666667 0.03187760416666666 0.07913888888888888
0 0.6189921875 0.6524120370370371 0.039802083333333335 0.13179166666666667
0 0.6795416666666667 0.6245787037037037 0.039046875 0.10563425925925925
0 0.6835026041666666 0.4899351851851852 0.025841145833333336 0.07377777777777779
0 0.7054791666666667 0.4731712962962963 0.013958333333333333 0.07444444444444445
0 0.7066770833333333 0.441912037037037 0.01727604166666667 0.05787037037037037
0 0.8658750000000001 0.5684212962962962 0.015596354166666666 0.09184722222222222
