0 0.35933072916666664 0.6543472222222223 0.023187500000000003 0.12056944444444445
0 0.3397395833333333 0.4518287037037037 0.015263020833333333 0.07295370370370372
0 0.27236458333333335 0.4628842592592593 0.017947916666666668 0.07734722222222222
0 0.26305729166666664 0.5048287037037037 0.0238671875 0.0841712962962963
0 0.22501822916666667 0.46585648148148145 0.020065104166666667 0.07031018518518518
0 0.19650520833333335 0.5532407407407407 0.01926302083333333 0.09791203703703705
0 0.18942447916666666 0.5316944444444445 0.0199140625 0.09738425925925925
0 0.16659895833333332 0.5081018518518519 0.016864583333333336 0.07500462962962963
0 0.1801640625 0.5145648148148149 0.011515625 0.08868055555555555
0 0.182734375 0.4938518518518519 0.015372395833333333 0.08172685185185186
1 0.18179166666666668 0.45533796296296297 0.0062109375 0.01174074074074074
0 0.14380989583333334 0.45525925925925925 0.0092734375 0.05605092592592592
0 0.1747734375 0.4484537037037037 0.011653645833333334 0.06421759259259259
