0 0.545703125 0.6305555555555555 0.0375 0.14097222222222222
0 0.44609375 0.4979166666666667 0.030859375 0.10138888888888889
0 0.405859375 0.43333333333333335 0.025 0.07569444444444444
0 0.35078125 0.45208333333333334 0.02890625 0.07222222222222222
0 0.3359375 0.49930555555555556 0.0265625 0.09375
0 0.25390625 0.4513888888888889 0.025390625 0.06875
0 0.1734375 0.4534722222222222 0.016796875 0.07083333333333333
0 0.228515625 0.49583333333333335 0.026953125 0.0798611111111111
0 0.219921875 0.5701388888888889 0.038671875 0.08125
1 0.206640625 0.5743055555555555 0.01015625 0.02013888888888889
0 0.235546875 0.5555555555555556 0.036328125 0.09375
0 0.2953125 0.5215277777777778 0.026953125 0.09097222222222222
0 0.305859375 0.5347222222222222 0.0296875 0.10694444444444444
