0 0.1655625 0.4490092592592593 0.009536458333333333 0.06267592592592593
0 0.1794921875 0.5398657407407407 0.019510416666666665 0.09750462962962964
0 0.19848958333333336 0.5204583333333334 0.021807291666666666 0.0981851851851852
0 0.31965625000000003 0.5025925925925926 0.02415625 0.08747222222222222
0 0.3703046875 0.5051435185185185 0.030713541666666667 0.09523611111111112
0 0.41575520833333335 0.4662268518518518 0.015059895833333333 0.07309259259259258
0 0.5041848958333334 0.44326851851851856 0.027348958333333333 0.06936111111111111
0 0.5744296875 0.5593009259259258 0.018796875 0.10971296296296296
0 0.6082291666666666 0.5537222222222222 0.019752604166666667 0.10151388888888889
0 0.58175 0.5318703703703703 0.014447916666666666 0.09299537037037037
0 0.6792421875 0.5568333333333333 0.026789062500000002 0.09397685185185185
0 0.7970416666666666 0.6632314814814815 0.024104166666666666 0.09884722222222221
