0 0.5260546875 0.44094444444444447 0.026708333333333334 0.06589351851851852
0 0.6829114583333333 0.44883333333333336 0.021424479166666666 0.04774074074074074
0 0.6791953125 0.48241203703703706 0.027593749999999997 0.07010648148148148
0 0.4989635416666667 0.567787037037037 0.025890625 0.11049537037037037
0 0.6315052083333333 0.5996944444444444 0.029664062499999998 0.10206481481481482
0 0.5991458333333333 0.5093148148148148 0.031609375 0.07824537037037037
0 0.7225598958333334 0.5356620370370371 0.018026041666666666 0.08819907407407407
0 0.5949348958333334 0.4642777777777778 0.032875 0.05913425925925926
0 0.7210416666666667 0.4947129629629629 0.012744791666666666 0.06839814814814815
1 0.7242135416666666 0.6312268518518519 0.0069609375 0.013828703703703704
0 0.901015625 0.5952962962962962 0.015916666666666666 0.0714074074074074
0 0.7758906250000001 0.5459722222222222 0.018296875 0.07980555555555556
0 0.7444947916666667 0.6087268518518518 0.030895833333333334 0.09746296296296297
