0 0.8951666666666667 0.5640231481481481 0.0167890625 0.08270833333333334
0 0.7883723958333333 0.5811851851851851 0.026526041666666667 0.10788888888888888
0 0.7379192708333334 0.5203518518518518 0.019234375 0.09774074074074074
0 0.7828098958333333 0.615662037037037 0.02821614583333333 0.12168055555555554
0 0.7739427083333333 0.5698935185185185 0.026875 0.097375
0 0.6401380208333334 0.5163055555555556 0.0353203125 0.09494444444444446
0 0.5934973958333334 0.446875 0.019658854166666666 0.07431018518518519
1 0.6419505208333334 0.4476064814814815 0.007875 0.01375925925925926
0 0.6396276041666666 0.4538472222222222 0.018786458333333332 0.05498611111111111
0 0.6634010416666667 0.4677222222222222 0.02412239583333333 0.07156944444444445
0 0.7024661458333333 0.46452314814814816 0.016635416666666666 0.06308333333333332
0 0.7064557291666667 0.4710185185185185 0.022424479166666667 0.0759212962962963
0 0.7817473958333333 0.5346851851851853 0.018291666666666664 0.08561111111111111
