0 0.2706875 0.6421157407407407 0.035359375 0.11268981481481481
0 0.31796875 0.4838564814814815 0.022848958333333332 0.07673148148148148
0 0.2578203125 0.4317962962962963 0.017010416666666663 0.0623287037037037
0 0.15231770833333333 0.517087962962963 0.025838541666666666 0.09291666666666666
0 0.17287760416666667 0.4696388888888889 0.01246875 0.06673148148148147
0 0.24938802083333333 0.48581018518518515 0.020541666666666666 0.08115277777777777
0 0.24950520833333334 0.506462962962963 0.025377604166666668 0.08547222222222223
0 0.20920833333333333 0.48778703703703696 0.023463541666666664 0.0791712962962963
0 0.228703125 0.44885185185185184 0.011458333333333333 0.06805092592592593
0 0.16181510416666667 0.5086481481481482 0.010322916666666666 0.10140277777777777
0 0.15483333333333332 0.49769907407407404 0.020765625 0.07950462962962962
1 0.14443229166666666 0.4732824074074074 0.005591145833333333 0.010152777777777778
0 0.19329427083333334 0.44198611111111114 0.016971354166666668 0.06649537037037037
