0 0.6747317708333332 0.5250462962962963 0.019971354166666667 0.0937962962962963
0 0.2849947916666667 0.5178379629629629 0.029812500000000002 0.11269907407407408
0 0.24907552083333334 0.5165740740740741 0.022919270833333335 0.0956388888888889
0 0.4764375 0.44333796296296296 0.015611979166666668 0.07864814814814815
0 0.6595651041666667 0.5133055555555556 0.025817708333333335 0.08591666666666667
0 0.5764348958333334 0.4218796296296296 0.014869791666666667 0.06682407407407408
0 0.6709244791666666 0.49568055555555557 0.013424479166666666 0.08885648148148148
0 0.39798958333333334 0.42573611111111115 0.020653645833333335 0.07380092592592592
0 0.6268151041666666 0.48438425925925926 0.019908854166666667 0.10218518518518518
0 0.38164322916666665 0.43871296296296297 0.01766145833333333 0.08163425925925927
1 0.580234375 0.4154074074074074 0.006294270833333334 0.013805555555555555
0 0.6252473958333333 0.42156481481481484 0.014059895833333334 0.07312037037037036
0 0.075140625 0.539587962962963 0.02129947916666667 0.08835185185185185
