0 0.5355416666666667 0.5163287037037037 0.02775 0.10573148148148148
0 0.13244791666666667 0.486625 0.024828125 0.08202777777777778
1 0.16786458333333334 0.3979212962962963 0.011684895833333332 0.016592592592592593
0 0.14070833333333335 0.5633101851851852 0.020171875 0.09746759259259259
0 0.2426223958333333 0.46381944444444445 0.016979166666666667 0.08348148148148148
0 0.37429427083333333 0.49417129629629636 0.03477864583333334 0.10848611111111112
0 0.19789583333333333 0.4876805555555556 0.022455729166666667 0.08251388888888889
0 0.17297656250000001 0.4936064814814815 0.021906250000000002 0.09923611111111111
0 0.18155729166666665 0.5346666666666667 0.04271875 0.10671296296296297
0 0.17402604166666666 0.4767222222222222 0.024919270833333333 0.08494907407407408
0 0.29383072916666664 0.43525462962962963 0.018986979166666664 0.07828240740740741
0 0.3964765625 0.4560324074074074 0.022546875 0.09386574074074074
0 0.486296875 0.5081296296296296 0.029848958333333335 0.11043518518518518
