0 0.8941119791666666 0.5581712962962964 0.015705729166666668 0.10197685185185186
0 0.6202161458333334 0.4348657407407407 0.011593750000000002 0.06179166666666667
1 0.6154192708333334 0.4915277777777778 0.005661458333333333 0.010657407407407407
0 0.637875 0.4789259259259259 0.02413541666666667 0.05538425925925926
0 0.6478750000000001 0.48371759259259256 0.025830729166666667 0.077625
0 0.6214010416666667 0.4781111111111111 0.01844010416666667 0.06641666666666667
0 0.7033645833333334 0.5527407407407408 0.041625 0.08419907407407408
0 0.7206354166666666 0.5483425925925927 0.0236953125 0.07781481481481482
0 0.8022083333333333 0.5496388888888889 0.0168125 0.08100925925925925
0 0.8058541666666666 0.5640138888888889 0.027763020833333332 0.09275462962962963
0 0.7192447916666667 0.4994907407407408 0.02335416666666667 0.07283333333333333
0 0.7837682291666667 0.5264907407407408 0.013286458333333334 0.08463425925925926
0 0.8663255208333334 0.6136666666666667 0.014880208333333334 0.09540740740740741
