0 0.65484375 0.6787129629629629 0.0485546875 0.11698611111111111
0 0.522703125 0.4938888888888889 0.026783854166666666 0.07894907407407407
0 0.46807031250000003 0.4974351851851852 0.0276484375 0.08285185185185186
0 0.4364453125 0.43356944444444445 0.023013020833333335 0.07265277777777777
1 0.44747135416666667 0.4103981481481482 0.0051041666666666674 0.01011111111111111
0 0.3848463541666666 0.4612638888888889 0.02235677083333333 0.0632638888888889
0 0.40602343750000003 0.5556527777777778 0.038119791666666666 0.10656481481481482
0 0.4491354166666667 0.5695648148148148 0.030625 0.11374999999999999
0 0.3068515625 0.5043703703703704 0.0260625 0.09566203703703703
0 0.2732005208333333 0.50575 0.021708333333333333 0.08765277777777779
0 0.18659375 0.5251527777777777 0.016778645833333335 0.09477777777777778
0 0.17729687500000002 0.5401064814814815 0.018880208333333332 0.09249537037037037
0 0.15752083333333333 0.45416666666666666 0.011231770833333333 0.06547685185185186
