0 0.8579713541666667 0.5956481481481481 0.02685416666666667 0.0970138888888889
0 0.7157604166666667 0.6200509259259259 0.031138020833333332 0.13008796296296296
0 0.6284192708333334 0.5189861111111111 0.030119791666666666 0.10297222222222221
0 0.58003125 0.5718425925925926 0.018518229166666667 0.09659722222222222
0 0.5985859375 0.6112638888888888 0.0379296875 0.120375
0 0.5639635416666666 0.48862500000000003 0.032841145833333335 0.0992824074074074
0 0.5165911458333333 0.4471851851851852 0.024374999999999997 0.08719444444444445
0 0.48397395833333334 0.4804398148148148 0.023296874999999998 0.08290740740740742
1 0.3125546875 0.5269166666666667 0.012302083333333333 0.030342592592592595
0 0.3315703125 0.5110694444444445 0.027104166666666665 0.09697222222222222
0 0.35707031250000004 0.48360648148148144 0.022796875 0.07548148148148148
0 0.38754427083333337 0.49398148148148147 0.02512239583333333 0.08639351851851852
0 0.3714791666666667 0.44052777777777774 0.017322916666666667 0.06011574074074074
