0 0.2666328125 0.641949074074074 0.024828125 0.11331481481481481
0 0.3419921875 0.47130555555555553 0.026502604166666666 0.06979629629629629
0 0.26510416666666664 0.4325277777777778 0.014067708333333335 0.06548148148148147
0 0.24404427083333333 0.494125 0.026877604166666666 0.07254166666666667
0 0.1539453125 0.5259675925925925 0.020263020833333333 0.07434722222222222
1 0.153359375 0.558513888888889 0.006028645833333333 0.01149537037037037
0 0.18409114583333333 0.46661574074074075 0.016580729166666665 0.06577777777777778
0 0.2621953125 0.49594907407407407 0.015700520833333332 0.0875
0 0.22838541666666667 0.4514768518518519 0.0133984375 0.07000925925925926
0 0.20284635416666666 0.4926990740740741 0.020934895833333335 0.07687962962962963
0 0.15708593750000002 0.5080277777777777 0.014486979166666667 0.09980555555555556
0 0.15905468749999999 0.49883796296296296 0.024786458333333334 0.08320833333333333
0 0.19145833333333334 0.44260648148148146 0.010216145833333332 0.06541203703703703
