0 0.40917447916666666 0.48818518518518517 0.015473958333333334 0.07965740740740741
0 0.45676822916666665 0.47677777777777774 0.0165 0.08995833333333333
0 0.490640625 0.42969907407407404 0.010234374999999999 0.056157407407407406
0 0.09566145833333332 0.5256481481481482 0.016091145833333334 0.08205555555555556
0 0.18805729166666665 0.5559305555555555 0.01794010416666667 0.09859259259259259
0 0.19688541666666665 0.5435092592592593 0.01946875 0.0974212962962963
0 0.28665625 0.5129583333333333 0.014421875 0.09443055555555556
0 0.3016380208333333 0.5121759259259259 0.017466145833333332 0.09628240740740741
0 0.28950000000000004 0.4532083333333333 0.013700520833333334 0.05355555555555556
1 0.4532447916666667 0.4309722222222222 0.0062968749999999995 0.010231481481481482
0 0.3872291666666667 0.4257916666666667 0.024981770833333337 0.05675
0 0.35840625 0.4355324074074074 0.019874999999999997 0.066625
