1 0.7720729166666668 0.37593055555555555 0.010463541666666666 0.022833333333333334
0 0.8967734375 0.5667592592592593 0.0190625 0.08469444444444445
0 0.7382083333333332 0.49170370370370364 0.030744791666666667 0.07982870370370371
0 0.6256901041666667 0.44315740740740744 0.025156249999999998 0.08210648148148147
0 0.6646432291666666 0.48762962962962964 0.026372395833333333 0.09715740740740741
0 0.7260260416666667 0.6153148148148148 0.045221354166666665 0.12318981481481481
0 0.6900130208333334 0.5090370370370371 0.028380208333333334 0.09410648148148149
0 0.7173541666666666 0.4681944444444444 0.023578125000000002 0.07994907407407408
0 0.6971796875 0.48609722222222224 0.028380208333333334 0.08390277777777777
0 0.6256197916666667 0.4801111111111111 0.023578125000000002 0.09486111111111112
0 0.78103125 0.541787037037037 0.0326796875 0.10099537037037037
0 0.7675208333333334 0.5017083333333333 0.023578125000000002 0.08837037037037036
0 0.7036302083333333 0.501837962962963 0.02694791666666667 0.10646296296296297
