0 0.552125 0.441212962962963 0.017395833333333333 0.07322685185185185
0 0.5618932291666667 0.5344861111111111 0.029302083333333333 0.08963888888888889
1 0.5741536458333333 0.5516296296296296 0.007138020833333333 0.013064814814814814
0 0.6056067708333334 0.5421342592592593 0.020658854166666667 0.08585648148148148
0 0.6542734375 0.5781898148148149 0.045265625 0.09635185185185186
0 0.6917213541666667 0.5674351851851852 0.03711197916666666 0.08537962962962962
0 0.6679921875 0.4748611111111111 0.0179375 0.08078703703703703
0 0.6996770833333333 0.48530092592592594 0.0162109375 0.07833796296296297
0 0.714609375 0.46232407407407405 0.019080729166666664 0.06758796296296296
0 0.7137994791666666 0.45859259259259255 0.014471354166666667 0.06012962962962963
0 0.7562994791666667 0.5848333333333333 0.016536458333333334 0.10054166666666665
0 0.7703958333333334 0.5523657407407407 0.016919270833333333 0.09630092592592591
0 0.8919479166666666 0.5638564814814815 0.01634375 0.07313888888888888
