0 0.5977005208333334 0.5342638888888889 0.019257812500000002 0.09950462962962964
0 0.6000182291666667 0.44076388888888884 0.010752604166666667 0.06838425925925927
0 0.6334192708333333 0.46871296296296294 0.019182291666666667 0.08620833333333333
1 0.6377213541666666 0.42383796296296294 0.005325520833333333 0.009550925925925926
0 0.6602864583333333 0.5279722222222223 0.037450520833333334 0.09465740740740741
0 0.6667916666666667 0.47132407407407406 0.0143125 0.07919907407407407
0 0.6753854166666666 0.4516296296296296 0.016190104166666667 0.05884259259259259
0 0.6911770833333333 0.45692592592592596 0.020567708333333334 0.06290277777777778
0 0.7021093749999999 0.487462962962963 0.02565625 0.07992592592592591
0 0.7405989583333333 0.49574537037037036 0.020708333333333332 0.07581481481481481
0 0.7630130208333333 0.5312037037037037 0.016947916666666667 0.08318981481481481
0 0.7627369791666666 0.6254074074074074 0.035934895833333334 0.11274537037037037
0 0.8915338541666666 0.5626111111111111 0.015942708333333333 0.07625925925925926
