0 0.6893515625000001 0.5708703703703704 0.021979166666666668 0.08189814814814815
0 0.36020052083333337 0.49650000000000005 0.019783854166666667 0.08166203703703703
0 0.7827109375 0.6984537037037037 0.03284895833333333 0.11961574074074074
0 0.35903645833333336 0.45081944444444444 0.017674479166666666 0.05802314814814815
0 0.6710963541666667 0.4984259259259259 0.019458333333333334 0.08157407407407406
0 0.6089947916666667 0.5682777777777778 0.029268229166666666 0.09813888888888889
0 0.39853906250000004 0.6230555555555556 0.04013802083333333 0.12206018518518517
0 0.5978671875 0.46381944444444445 0.018986979166666664 0.07078703703703704
0 0.4194895833333333 0.5536944444444445 0.023393229166666665 0.10525462962962963
1 0.6530468749999999 0.5836712962962963 0.007601562500000001 0.014476851851851852
0 0.6699947916666668 0.5918472222222223 0.04126822916666666 0.10987962962962963
0 0.47039322916666665 0.46647222222222223 0.026302083333333334 0.07928240740740741
0 0.4400859375 0.4620740740740741 0.02383072916666667 0.08174537037037037
