0 0.381578125 0.495 0.033190104166666665 0.08474074074074074
0 0.7055234375 0.5772685185185186 0.017981770833333334 0.08982407407407408
0 0.8022708333333333 0.692212962962963 0.04321354166666667 0.11010648148148149
0 0.37634375000000003 0.45337962962962963 0.02450520833333333 0.06916203703703704
0 0.6857526041666666 0.5030092592592592 0.023869791666666664 0.07959722222222222
0 0.6368776041666667 0.5737453703703703 0.05653385416666667 0.08611111111111111
0 0.4339505208333333 0.6290370370370371 0.04590625 0.12262962962962963
0 0.6072421875 0.47279166666666667 0.01690364583333333 0.07392129629629629
0 0.4436848958333333 0.5603888888888889 0.03941666666666667 0.11351388888888889
1 0.6675156250000001 0.5702037037037038 0.0074375 0.01612037037037037
0 0.6810052083333333 0.5885601851851852 0.0207265625 0.11251388888888889
0 0.49447135416666665 0.47051388888888884 0.023434895833333334 0.07612037037037037
0 0.46258072916666665 0.4634814814814815 0.021359375 0.07963425925925925
