0 0.3382369791666667 0.4964398148148148 0.031611979166666665 0.08168518518518518
0 0.6742161458333332 0.5764212962962962 0.028450520833333333 0.0842962962962963
0 0.7529973958333334 0.693625 0.03895052083333333 0.11055092592592593
0 0.3386796875 0.4560925925925926 0.02484375 0.0753888888888889
0 0.5740390625 0.5693287037037037 0.0233203125 0.10387962962962963
0 0.3642890625 0.6261898148148148 0.043101562499999996 0.11807407407407407
0 0.5765963541666667 0.4609722222222222 0.024835937500000002 0.07249537037037038
0 0.3918098958333333 0.5541898148148148 0.03180729166666667 0.11024074074074074
0 0.6520442708333333 0.6087083333333333 0.027572916666666666 0.12254629629629629
1 0.6432994791666666 0.6147037037037038 0.00765625 0.01612037037037037
0 0.4466119791666667 0.46919444444444447 0.025018229166666666 0.077
0 0.41496875 0.4636574074074074 0.0317421875 0.08139351851851852
