0 0.5706510416666667 0.5918611111111112 0.031921875 0.11413888888888889
0 0.507875 0.5253101851851852 0.024479166666666666 0.10660648148148148
0 0.5684296875 0.44226388888888885 0.0260625 0.06846759259259258
0 0.7171067708333333 0.6221944444444445 0.03792708333333333 0.11699074074074074
0 0.7234427083333334 0.5391666666666666 0.025986979166666667 0.09352314814814815
0 0.7406015625 0.5097592592592592 0.018140625 0.08303703703703705
0 0.7684635416666666 0.5458981481481482 0.021281249999999998 0.08326388888888889
0 0.8619348958333333 0.5868611111111111 0.028283854166666667 0.08616666666666667
1 0.8883203125 0.5572175925925925 0.00703125 0.01499537037037037
0 0.8939661458333333 0.5778703703703704 0.020166666666666666 0.08225
0 0.6949687499999999 0.4505555555555556 0.015255208333333332 0.07064351851851852
0 0.7061796875 0.49701388888888887 0.0225546875 0.09162037037037038
0 0.6699713541666666 0.4483564814814815 0.019125 0.07308333333333333
