0 0.6307630208333334 0.5478425925925926 0.026375 0.10385185185185185
0 0.5889895833333333 0.44025000000000003 0.021351562499999997 0.07417592592592592
0 0.7542890624999999 0.6285925925925926 0.043559895833333334 0.11531944444444445
0 0.6608489583333333 0.5411851851851852 0.031091145833333333 0.10302777777777777
0 0.7371536458333333 0.5040972222222222 0.020153645833333334 0.07370833333333333
0 0.7005234375 0.4960833333333333 0.029666666666666668 0.07347685185185185
0 0.7480260416666666 0.5781574074074074 0.03616927083333333 0.0927037037037037
1 0.6443541666666667 0.5499212962962963 0.00703125 0.01499537037037037
0 0.8931770833333333 0.5611666666666666 0.020700520833333333 0.07685648148148148
0 0.7165 0.47551851851851845 0.013796874999999998 0.07546296296296297
0 0.726328125 0.5182314814814816 0.018963541666666663 0.09028240740740741
0 0.7088359375 0.4485648148148148 0.016213541666666668 0.0665462962962963
0 0.6642343749999999 0.5323009259259259 0.0172734375 0.08222685185185186
