0 0.428125 0.6808194444444444 0.033335937499999996 0.11792592592592592
0 0.39339583333333333 0.4390833333333333 0.02285677083333333 0.0605462962962963
0 0.3675807291666667 0.45289814814814816 0.02392708333333333 0.058513888888888886
1 0.3873515625 0.43344444444444447 0.004184895833333333 0.011277777777777777
0 0.3092916666666667 0.4756944444444444 0.020052083333333335 0.07287962962962963
0 0.30740625 0.45583333333333337 0.017013020833333333 0.07608796296296295
0 0.29630989583333334 0.4973425925925926 0.02234375 0.0919675925925926
0 0.27302864583333336 0.4985324074074074 0.022325520833333334 0.08706481481481482
0 0.246203125 0.5578240740740741 0.024192708333333333 0.10297222222222221
0 0.24941145833333334 0.5439722222222222 0.024533854166666664 0.0935
0 0.22865104166666667 0.4802592592592592 0.01965625 0.07569907407407407
0 0.21965364583333333 0.47449537037037043 0.013065104166666668 0.07282407407407408
0 0.15289322916666667 0.4586064814814815 0.011234375 0.06861574074074074
