0 0.5378463541666666 0.42939814814814814 0.0100078125 0.06299074074074074
0 0.6324453125 0.45608796296296295 0.016364583333333335 0.07116666666666667
1 0.6302135416666667 0.44154166666666667 0.005408854166666667 0.012263888888888888
0 0.5814609374999999 0.5315787037037037 0.034755208333333336 0.08607407407407407
0 0.6190572916666667 0.5216018518518519 0.03123958333333333 0.08006018518518519
0 0.6983750000000001 0.49936111111111103 0.0256953125 0.08318518518518518
0 0.6864739583333334 0.4825324074074074 0.01730989583333333 0.07405092592592592
0 0.6971588541666667 0.47159259259259256 0.01730989583333333 0.07381018518518519
0 0.7129140625 0.4458703703703704 0.015822916666666666 0.054578703703703706
0 0.72684375 0.47400000000000003 0.02069270833333333 0.07236574074074074
0 0.7793151041666667 0.620537037037037 0.028265625000000003 0.10386574074074074
0 0.7908098958333334 0.6526574074074074 0.03935416666666667 0.1190601851851852
0 0.8942005208333333 0.5650000000000001 0.019203124999999998 0.08174537037037037
