0 0.8994817708333334 0.5764259259259259 0.02176302083333333 0.08781018518518519
0 0.7670729166666667 0.590337962962963 0.026408854166666666 0.1025925925925926
0 0.7349166666666667 0.618375 0.02273958333333333 0.10302777777777777
0 0.7433541666666666 0.5655555555555555 0.0205390625 0.0852037037037037
0 0.7748463541666666 0.5406481481481481 0.014041666666666668 0.08574999999999999
0 0.7507916666666666 0.4893055555555556 0.020880208333333334 0.08118981481481481
0 0.7573255208333334 0.48420370370370375 0.020026041666666668 0.07315740740740741
0 0.6348489583333333 0.46141203703703704 0.014408854166666667 0.07402777777777778
0 0.6040781249999999 0.49375925925925923 0.0253984375 0.05448611111111111
0 0.6749010416666666 0.49614351851851857 0.018072916666666668 0.07402777777777778
0 0.6688567708333333 0.4741111111111111 0.019903645833333334 0.07598148148148148
0 0.5996822916666668 0.43243055555555554 0.010502604166666667 0.06208796296296297
1 0.6069427083333333 0.5221111111111111 0.006020833333333334 0.011708333333333333
