0 0.36264583333333333 0.6372314814814816 0.046638020833333335 0.1420648148148148
0 0.10697395833333333 0.5157314814814815 0.01730989583333333 0.07833796296296297
0 0.16147135416666666 0.5091574074074074 0.028486979166666666 0.09029166666666667
0 0.1904609375 0.5160324074074074 0.020924479166666666 0.08431481481481481
0 0.26829427083333335 0.5494398148148149 0.025447916666666667 0.11174537037037037
0 0.3189166666666667 0.438 0.017255208333333334 0.07526388888888888
0 0.27353645833333334 0.4635416666666667 0.017583333333333333 0.08790277777777777
0 0.1902578125 0.48131018518518526 0.01944010416666667 0.08499999999999999
0 0.15372395833333333 0.46528703703703705 0.02042447916666667 0.07275462962962963
0 0.24759635416666667 0.5021898148148148 0.02402864583333333 0.09297222222222222
0 0.24792447916666666 0.49014814814814817 0.029924479166666667 0.08286574074074074
0 0.19970572916666668 0.4697592592592592 0.0162734375 0.10266666666666666
1 0.20019010416666666 0.4256435185185185 0.007760416666666667 0.015523148148148149
