0 0.5914557291666667 0.5610787037037037 0.027828125 0.10500462962962963
0 0.5574322916666666 0.44136574074074075 0.013192708333333332 0.07338888888888889
0 0.6088645833333334 0.4990277777777778 0.013570312499999999 0.08091666666666666
1 0.6029192708333333 0.5036064814814815 0.0035130208333333333 0.010814814814814815
0 0.6550651041666666 0.4792129629629629 0.0184765625 0.07650925925925925
0 0.6395755208333332 0.5202314814814815 0.028486979166666666 0.08062037037037037
0 0.6724427083333333 0.5567592592592592 0.015596354166666666 0.1035787037037037
0 0.6933098958333334 0.48731481481481476 0.018783854166666666 0.07504166666666667
0 0.736234375 0.47123611111111113 0.012239583333333333 0.06953703703703704
0 0.7357604166666667 0.46392592592592596 0.016494791666666668 0.07336111111111111
0 0.7535885416666667 0.6017962962962964 0.023083333333333334 0.11043981481481482
0 0.7673880208333334 0.5433425925925925 0.0130546875 0.09627314814814815
0 0.8917109375 0.5637222222222222 0.016341145833333334 0.07394444444444444
