0 0.3573385416666667 0.6531388888888888 0.024484375 0.12051851851851851
0 0.3409036458333333 0.4513842592592593 0.013200520833333333 0.07412962962962963
0 0.27863802083333333 0.4582685185185185 0.015072916666666667 0.07422222222222222
0 0.2683203125 0.5030833333333333 0.023752604166666667 0.085125
0 0.22185416666666666 0.4686666666666667 0.013669270833333334 0.07468055555555556
0 0.20189583333333333 0.5538564814814815 0.024065104166666667 0.09796759259259259
0 0.19261979166666665 0.5274305555555555 0.01923177083333333 0.09187037037037037
0 0.18185937500000002 0.5122314814814816 0.016841145833333335 0.0838287037037037
0 0.16621614583333333 0.48885185185185187 0.016528645833333334 0.10378703703703704
0 0.18043229166666666 0.4637222222222222 0.015229166666666665 0.06904629629629629
1 0.179859375 0.42712962962962964 0.006497395833333333 0.011203703703703704
0 0.17344010416666666 0.44843055555555555 0.010914062499999998 0.06488888888888888
0 0.14329427083333332 0.45207870370370373 0.009666666666666665 0.05999074074074075
