0 0.6097161458333333 0.6204768518518519 0.04561458333333333 0.14152777777777778
0 0.5135598958333333 0.5010555555555556 0.03484114583333333 0.1019537037037037
0 0.4475442708333333 0.4366666666666667 0.020484375 0.07959722222222222
0 0.3841588541666667 0.45673148148148146 0.022864583333333334 0.07316666666666666
0 0.3419244791666667 0.5889027777777778 0.04047135416666667 0.1057962962962963
1 0.32937760416666667 0.5771620370370371 0.011208333333333332 0.022000000000000002
0 0.2679270833333333 0.48643981481481485 0.028171875000000002 0.07703703703703704
0 0.2839713541666667 0.4508518518518519 0.026039062499999998 0.07252314814814816
0 0.3536796875 0.5382916666666667 0.03015625 0.0997962962962963
0 0.36211197916666665 0.49856018518518525 0.020731770833333333 0.09546296296296296
0 0.19773958333333336 0.44734722222222223 0.019528645833333334 0.06845833333333333
0 0.2912890625 0.5356759259259259 0.0334375 0.09484722222222222
0 0.34330208333333334 0.5261481481481481 0.035437500000000004 0.0940787037037037
