0 0.5457265625000001 0.6308750000000001 0.037572916666666664 0.14091203703703703
0 0.44603645833333333 0.49797222222222215 0.030906250000000003 0.10136111111111111
0 0.4058072916666667 0.43339351851851854 0.025033854166666664 0.07539814814814816
0 0.3506901041666667 0.4521759259259259 0.0288984375 0.0722037037037037
0 0.33610937500000004 0.4990138888888888 0.026442708333333335 0.09363888888888888
0 0.2538958333333333 0.4512824074074074 0.025450520833333334 0.06886574074074074
0 0.17357291666666666 0.45352314814814815 0.016700520833333333 0.07051388888888889
0 0.22861197916666667 0.49571296296296297 0.026973958333333332 0.07996759259259259
0 0.2198984375 0.5701666666666666 0.0385703125 0.08112499999999999
1 0.20651041666666667 0.5745787037037037 0.010205729166666667 0.01995833333333333
0 0.23537239583333333 0.5554953703703703 0.036518229166666666 0.09349074074074074
0 0.29515104166666667 0.5218703703703704 0.027106770833333335 0.09127314814814814
0 0.3059869791666667 0.5347175925925925 0.029822916666666664 0.10707407407407407
