0 0.5959661458333334 0.5420694444444444 0.026497395833333333 0.09262037037037037
0 0.5909791666666667 0.4400787037037037 0.010442708333333333 0.06945833333333333
0 0.6327473958333333 0.46946296296296297 0.017526041666666665 0.08448148148148148
0 0.6639921875 0.4865046296296296 0.0206796875 0.06476851851851852
0 0.68696875 0.4779814814814815 0.023205729166666668 0.06762499999999999
0 0.6725755208333334 0.5375648148148149 0.0333984375 0.08655555555555557
0 0.7070234375 0.4610740740740741 0.01696354166666667 0.06643981481481481
0 0.7165130208333333 0.4936111111111111 0.03555208333333334 0.0784537037037037
0 0.69821875 0.45475925925925925 0.012244791666666668 0.061407407407407404
0 0.7623697916666666 0.5416203703703704 0.014690104166666666 0.08839351851851852
0 0.7716796875 0.6244953703703704 0.0357421875 0.11551851851851852
0 0.8911953125000001 0.5626944444444445 0.015940104166666667 0.07553703703703704
