0 0.6366328125 0.4910046296296296 0.03382291666666667 0.07542129629629629
0 0.6223411458333333 0.48331944444444447 0.019898437499999998 0.08036574074074074
0 0.6213333333333334 0.4242824074074074 0.0105546875 0.07010185185185185
0 0.894515625 0.5703240740740741 0.017515625 0.08616203703703704
0 0.8590260416666666 0.6030509259259259 0.016307291666666664 0.09953240740740742
1 0.7164791666666667 0.33346296296296296 0.007877604166666666 0.013319444444444445
0 0.7117916666666667 0.595037037037037 0.03324479166666667 0.11411574074074074
0 0.796734375 0.556412037037037 0.0177578125 0.08915277777777778
0 0.7479791666666666 0.4918888888888889 0.0192890625 0.07806944444444444
0 0.8033723958333333 0.5392361111111111 0.0176015625 0.07269907407407407
0 0.7599192708333333 0.4882546296296297 0.01775260416666667 0.07480555555555556
0 0.7869166666666667 0.5425231481481481 0.015817708333333333 0.08447685185185184
0 0.7357760416666667 0.5683888888888889 0.022789062500000002 0.10598148148148148
