0 0.8942317708333333 0.5589629629629629 0.0145546875 0.10157407407407408
1 0.6180130208333333 0.485875 0.0063437499999999996 0.011541666666666667
0 0.6201927083333333 0.43244444444444446 0.011145833333333332 0.05661111111111111
0 0.8671015625 0.6090601851851851 0.016169270833333336 0.09367129629629631
0 0.7978802083333334 0.5623148148148148 0.027755208333333333 0.09408333333333334
0 0.805671875 0.551462962962963 0.023536458333333333 0.07824537037037037
0 0.729046875 0.5489861111111111 0.0220703125 0.0863287037037037
0 0.7744348958333334 0.5270138888888889 0.024416666666666666 0.084125
0 0.6949322916666667 0.5594953703703703 0.03347395833333333 0.07703703703703704
0 0.7151510416666667 0.5021249999999999 0.019796875 0.08227777777777778
0 0.6479843750000001 0.4829583333333334 0.02361197916666667 0.08306944444444445
0 0.6403203125 0.47618055555555555 0.018403645833333333 0.06299537037037037
0 0.6187083333333334 0.47383333333333333 0.016533854166666667 0.05830092592592593
