0 0.32357291666666665 0.4364722222222222 0.019549479166666665 0.06718055555555556
0 0.3700963541666667 0.48651388888888886 0.028684895833333335 0.08777314814814816
0 0.41710416666666666 0.4824259259259259 0.01776302083333333 0.08976851851851853
0 0.43601562499999996 0.5116990740740741 0.017812500000000002 0.10330555555555555
0 0.44951562500000003 0.49417592592592596 0.019294270833333335 0.08858796296296297
0 0.4273854166666667 0.5649027777777778 0.0214140625 0.11456481481481481
0 0.5143984375 0.5459953703703704 0.028322916666666666 0.1042175925925926
0 0.5378541666666667 0.484212962962963 0.016401041666666664 0.08792592592592592
0 0.7641015625 0.6353425925925925 0.028296875 0.10381481481481482
0 0.7006328125 0.5536620370370371 0.0210859375 0.09088425925925926
0 0.649359375 0.48944444444444446 0.027088541666666667 0.07652777777777778
1 0.6346041666666667 0.4850092592592592 0.006239583333333334 0.010453703703703703
0 0.6383151041666667 0.4517453703703704 0.018109375 0.06938888888888889
