1 0.7962864583333332 0.5745231481481482 0.006750000000000001 0.012925925925925928
0 0.8441458333333334 0.6406481481481481 0.02853125 0.11499074074074074
0 0.899265625 0.5675787037037037 0.01982291666666667 0.08568055555555555
0 0.802796875 0.5627314814814814 0.019770833333333335 0.0826574074074074
0 0.7909036458333334 0.5685185185185185 0.016877604166666667 0.09566203703703703
0 0.7748958333333333 0.5552777777777779 0.0296015625 0.07585185185185185
0 0.7427083333333333 0.5487824074074074 0.028182291666666668 0.08612037037037037
0 0.7595052083333333 0.5462824074074074 0.0166640625 0.07397685185185185
0 0.7672343749999999 0.5075046296296296 0.03078125 0.09266666666666666
0 0.7137369791666667 0.4794953703703704 0.022638020833333335 0.07381481481481482
0 0.6958541666666667 0.4672175925925926 0.0219140625 0.07036574074074074
0 0.6796588541666666 0.4521157407407408 0.016528645833333334 0.07256481481481482
0 0.6056406249999999 0.43416666666666665 0.020546875000000003 0.059884259259259255
