0 0.6042760416666667 0.4437175925925926 0.019330729166666668 0.0691574074074074
0 0.5334348958333333 0.435375 0.025424479166666666 0.0798611111111111
0 0.5799739583333333 0.4884861111111112 0.030955729166666668 0.09519444444444444
0 0.6100182291666666 0.5109027777777777 0.030815104166666666 0.0952037037037037
0 0.107046875 0.5135694444444444 0.023661458333333333 0.09196296296296295
0 0.22152604166666665 0.5520879629629629 0.032692708333333334 0.11412962962962964
0 0.2332421875 0.5139768518518518 0.022976562500000002 0.09277777777777778
0 0.2650182291666667 0.47353240740740743 0.0316640625 0.08910648148148148
1 0.3290885416666667 0.4973055555555556 0.012346354166666665 0.026921296296296297
0 0.30073958333333334 0.4407083333333333 0.019661458333333333 0.07019444444444445
0 0.3492057291666667 0.4962962962962963 0.03429166666666667 0.09399074074074075
0 0.3714375 0.459 0.04103645833333334 0.09052314814814814
0 0.376125 0.5010694444444445 0.029833333333333333 0.08118981481481481
