0 0.111328125 0.5111111111111111 0.016015625 0.07847222222222222
0 0.15234375 0.46319444444444446 0.01640625 0.07083333333333333
0 0.15546875 0.5111111111111111 0.019921875 0.09166666666666666
0 0.20078125 0.5194444444444445 0.024609375 0.08958333333333333
0 0.1828125 0.47430555555555554 0.0328125 0.11041666666666666
0 0.20390625 0.4951388888888889 0.01796875 0.06666666666666667
0 0.261328125 0.5479166666666667 0.030078125 0.1076388888888889
0 0.28671875 0.5027777777777778 0.028515625 0.09861111111111111
0 0.266796875 0.49166666666666664 0.02890625 0.09027777777777778
0 0.278125 0.4597222222222222 0.01875 0.08472222222222223
0 0.328125 0.43819444444444444 0.023046875 0.07847222222222222
0 0.386328125 0.6388888888888888 0.04609375 0.14930555555555555
