0 0.8946666666666666 0.5633564814814814 0.01778645833333333 0.08137962962962964
0 0.7782630208333334 0.5937407407407408 0.0257421875 0.11699537037037037
0 0.7369505208333333 0.5352407407407407 0.023809895833333334 0.09839351851851852
0 0.8209244791666667 0.5458148148148149 0.016872395833333335 0.08718981481481482
0 0.672390625 0.5623518518518519 0.025385416666666667 0.11822222222222223
0 0.5767083333333333 0.44286574074074075 0.021864583333333333 0.07390277777777778
0 0.6516927083333334 0.4784537037037037 0.017169270833333337 0.0744537037037037
0 0.6630546875000001 0.48266203703703703 0.026033854166666665 0.07777314814814815
0 0.6024661458333332 0.49144907407407407 0.022986979166666664 0.08272685185185186
0 0.6308906249999999 0.507875 0.032632812500000004 0.07691203703703703
0 0.7875208333333333 0.5644675925925926 0.015356770833333333 0.10299074074074074
0 0.7966770833333333 0.5272037037037037 0.018682291666666666 0.08031481481481481
1 0.5977942708333334 0.47250000000000003 0.005833333333333333 0.01175925925925926
