0 0.50703125 0.5055555555555555 0.02890625 0.09791666666666667
0 0.534765625 0.43333333333333335 0.01796875 0.07013888888888889
0 0.569921875 0.4708333333333333 0.01640625 0.0798611111111111
0 0.60390625 0.49444444444444446 0.034375 0.0875
0 0.6359375 0.4597222222222222 0.018359375 0.06944444444444445
0 0.746875 0.5152777777777777 0.030078125 0.08194444444444444
0 0.809765625 0.6423611111111112 0.03359375 0.11319444444444444
0 0.8234375 0.6055555555555555 0.024609375 0.09513888888888888
0 0.8125 0.5388888888888889 0.0265625 0.10208333333333333
1 0.80390625 0.49583333333333335 0.008984375 0.017361111111111112
0 0.866015625 0.625 0.029296875 0.10138888888888889
0 0.88125 0.5694444444444444 0.022265625 0.09236111111111112
0 0.841015625 0.5416666666666666 0.02578125 0.0798611111111111
