0 0.6224114583333333 0.5814722222222223 0.025072916666666667 0.13886574074074073
1 0.6234088541666666 0.5233888888888889 0.010317708333333333 0.01812037037037037
0 0.6625130208333334 0.590337962962963 0.03185416666666666 0.09248611111111112
0 0.5614088541666666 0.45275462962962965 0.015768229166666665 0.08293518518518518
0 0.5964348958333333 0.4688148148148148 0.024638020833333333 0.08184722222222222
0 0.6445963541666667 0.4915231481481482 0.024361979166666665 0.08834259259259258
0 0.8518333333333333 0.5927592592592592 0.02538020833333333 0.09961574074074074
0 0.9138958333333334 0.5759351851851852 0.018125 0.0831388888888889
0 0.7621510416666666 0.5121759259259259 0.022052083333333337 0.09071759259259259
0 0.8029791666666667 0.5460231481481482 0.022341145833333336 0.07254629629629629
0 0.7943515624999999 0.5195277777777778 0.024606770833333333 0.08611574074074074
0 0.6648072916666667 0.5039351851851852 0.0289921875 0.08330092592592593
0 0.6711119791666668 0.4934953703703704 0.01891666666666667 0.07845833333333334
