0 0.5866276041666667 0.4921481481481481 0.01721875 0.0853425925925926
0 0.5670338541666666 0.4445925925925926 0.028651041666666665 0.07187037037037038
0 0.6726354166666667 0.524375 0.0232421875 0.09283796296296297
0 0.7296953125000001 0.5253240740740741 0.024411458333333334 0.07749537037037037
0 0.7382421874999999 0.5010092592592593 0.0195625 0.07749074074074074
0 0.7156796875 0.47736111111111107 0.0151484375 0.07317592592592592
0 0.7751744791666667 0.5516342592592592 0.0174609375 0.09331018518518519
0 0.7471614583333334 0.614300925925926 0.021143229166666666 0.11918518518518519
0 0.828140625 0.5992916666666667 0.0243125 0.09808796296296296
0 0.7942109375 0.5132777777777778 0.013723958333333335 0.07919907407407407
0 0.8245338541666667 0.5281574074074074 0.022328124999999997 0.07286574074074073
1 0.8334609374999999 0.525175925925926 0.005114583333333334 0.010875
0 0.9062317708333333 0.6111296296296296 0.01575 0.0834537037037037
