0 0.5447291666666667 0.43027314814814815 0.0199140625 0.06278240740740741
0 0.6044765625 0.5303657407407407 0.02216145833333333 0.09193055555555556
0 0.6258645833333334 0.5218101851851852 0.035390625 0.08399074074074074
0 0.6298177083333333 0.45507870370370374 0.016835937500000002 0.0714675925925926
0 0.7108203125 0.4743194444444444 0.0149453125 0.07330092592592594
0 0.68096875 0.48467129629629635 0.017677083333333333 0.07234722222222223
0 0.7065182291666667 0.4424398148148148 0.012244791666666668 0.06121759259259259
0 0.7287994791666667 0.4754212962962963 0.017033854166666664 0.07218518518518519
0 0.7102942708333334 0.4985833333333334 0.013166666666666667 0.0874074074074074
0 0.784890625 0.6144814814814815 0.028231770833333333 0.09908796296296296
0 0.8037838541666668 0.6413796296296297 0.017083333333333332 0.12611574074074075
0 0.8983203125 0.565324074074074 0.016213541666666668 0.08107407407407408
1 0.6281718749999999 0.4438425925925926 0.004921875 0.009523148148148149
