0 0.33227864583333333 0.6396435185185185 0.021317708333333334 0.11839814814814816
0 0.3396953125 0.45917592592592593 0.01598697916666667 0.07753703703703703
0 0.18405208333333334 0.5321712962962963 0.028315104166666667 0.08997685185185185
0 0.20909375 0.513337962962963 0.018171875 0.09249074074074073
0 0.18983854166666667 0.49504629629629626 0.015572916666666665 0.08538425925925926
0 0.14180729166666667 0.5672268518518518 0.020119791666666668 0.10358333333333333
0 0.17007291666666668 0.5325416666666667 0.019898437499999998 0.09235185185185185
0 0.15084114583333333 0.5124398148148147 0.015796875 0.06811111111111111
1 0.15558072916666665 0.48120370370370374 0.005098958333333333 0.009777777777777778
0 0.15447135416666666 0.4597731481481482 0.012083333333333333 0.06604166666666667
0 0.1780546875 0.5261851851851852 0.016127604166666667 0.08890277777777778
0 0.172734375 0.5123425925925926 0.014132812500000001 0.08151388888888889
