0 0.26689843750000003 0.5500601851851853 0.039453125 0.1044212962962963
0 0.49735156249999996 0.5071296296296297 0.03850260416666666 0.09884259259259259
0 0.428828125 0.4297037037037037 0.019679687499999998 0.07325925925925926
0 0.56340625 0.4679212962962963 0.029231770833333334 0.09495833333333334
0 0.27523437500000003 0.4493009259259259 0.017953125 0.07722222222222223
0 0.5373463541666667 0.43022222222222223 0.012229166666666668 0.06653703703703703
0 0.2341484375 0.4944768518518518 0.017630208333333335 0.08309259259259259
0 0.6626848958333333 0.5284675925925926 0.036046875 0.09600462962962963
0 0.6208203124999999 0.4942037037037037 0.032651041666666665 0.08806944444444444
0 0.4541510416666667 0.4386435185185185 0.023710937499999998 0.07072222222222221
1 0.24979427083333333 0.5242222222222221 0.008346354166666665 0.015222222222222224
0 0.8354635416666666 0.629175925925926 0.029036458333333334 0.09893518518518518
0 0.5257265624999999 0.48230555555555554 0.033755208333333335 0.08621296296296296
