0 0.7788697916666667 0.6040000000000001 0.025846354166666665 0.10313425925925926
0 0.6341223958333334 0.48069907407407403 0.023549479166666668 0.0801574074074074
0 0.6168932291666667 0.43704629629629627 0.025846354166666665 0.06535185185185186
0 0.5060364583333333 0.501375 0.021825520833333334 0.08168981481481481
0 0.46812499999999996 0.4916759259259259 0.013786458333333333 0.08679629629629629
0 0.531453125 0.6006805555555556 0.026708333333333334 0.09343518518518518
0 0.4352421875 0.5072500000000001 0.027283854166666666 0.09547685185185184
0 0.43682031250000003 0.4492962962962963 0.0252734375 0.07454166666666666
0 0.343484375 0.4799305555555556 0.020677083333333336 0.08883796296296295
0 0.2821666666666667 0.4840185185185185 0.012924479166666667 0.07352314814814814
1 0.28905989583333336 0.49397222222222226 0.005455729166666667 0.009699074074074074
0 0.32151302083333333 0.635912037037037 0.04508854166666666 0.1312175925925926
0 0.33034635416666663 0.42968055555555557 0.016505208333333334 0.05957407407407408
