0 0.5981067708333333 0.44516666666666665 0.011765625 0.07258796296296297
0 0.6210052083333333 0.47756018518518517 0.022882812500000002 0.08207407407407408
0 0.64709375 0.4457592592592593 0.01446875 0.0709074074074074
0 0.7109192708333333 0.579125 0.03540885416666666 0.10810185185185185
0 0.7440104166666667 0.5905601851851852 0.021942708333333335 0.10377314814814816
0 0.750390625 0.5389490740740741 0.028981770833333333 0.07899537037037037
0 0.7674947916666667 0.5864583333333333 0.037283854166666665 0.0773611111111111
0 0.7874453124999999 0.6388888888888888 0.021541666666666667 0.09552777777777778
0 0.8935729166666667 0.5665092592592593 0.017333333333333333 0.07611111111111112
0 0.6904817708333333 0.496787037037037 0.019307291666666667 0.07690740740740741
0 0.7010572916666666 0.47764814814814816 0.014161458333333333 0.07453703703703704
0 0.7358307291666667 0.510875 0.017015625 0.07791666666666668
1 0.784828125 0.6259722222222222 0.0019791666666666664 0.007217592592592592
