0 0.3309947916666667 0.48358796296296297 0.0183828125 0.085875
0 0.2801328125 0.44226388888888885 0.0188203125 0.06628703703703705
0 0.38323958333333336 0.5577685185185185 0.02120572916666667 0.1154074074074074
0 0.38048697916666663 0.4756990740740741 0.02120572916666667 0.08611574074074074
0 0.4128072916666667 0.4882546296296297 0.017330729166666666 0.09455555555555556
0 0.43128645833333334 0.503125 0.020848958333333334 0.09420370370370369
0 0.46317187499999996 0.5396435185185186 0.02793489583333333 0.10960648148148149
0 0.5143177083333333 0.48889351851851853 0.026117187500000003 0.0859212962962963
0 0.5845130208333333 0.4419398148148148 0.016611979166666666 0.06828703703703703
0 0.6103723958333334 0.48695370370370367 0.0269296875 0.0843425925925926
1 0.6010833333333333 0.4695324074074074 0.0062734375 0.011712962962962963
0 0.6463645833333334 0.5774583333333333 0.030489583333333334 0.1044537037037037
0 0.7159609375 0.6402175925925926 0.0230546875 0.1020925925925926
