0 0.1106015625 0.5074120370370371 0.023221354166666666 0.09097685185185185
0 0.21312760416666665 0.5647175925925926 0.03550260416666667 0.11296296296296296
0 0.23043229166666668 0.5082083333333334 0.0247109375 0.09256481481481481
0 0.2526875 0.4742592592592593 0.026049479166666667 0.0842175925925926
1 0.30884375000000003 0.47975 0.006625000000000001 0.017125
0 0.29604166666666665 0.4340277777777778 0.013768229166666666 0.06726851851851852
0 0.31773697916666666 0.49418055555555557 0.025156249999999998 0.08568055555555555
0 0.34337760416666663 0.5122407407407408 0.03401302083333334 0.08873148148148148
0 0.3504114583333333 0.4653287037037037 0.029473958333333335 0.0809074074074074
0 0.52234375 0.43786574074074075 0.02203125 0.0842037037037037
0 0.5645442708333334 0.4901388888888889 0.033492187500000006 0.10671759259259259
0 0.6017578125 0.5117777777777778 0.033492187500000006 0.0930925925925926
0 0.5961770833333334 0.4471296296296296 0.017861979166666667 0.06568055555555556
