0 0.3426119791666667 0.5181527777777778 0.026208333333333333 0.09607870370370371
0 0.3466796875 0.4497083333333333 0.020244791666666664 0.07487037037037036
0 0.256484375 0.5669953703703704 0.024942708333333334 0.10250462962962963
0 0.24627083333333333 0.495337962962963 0.017893229166666667 0.08515277777777779
0 0.19828385416666666 0.5078657407407408 0.018796875 0.08450925925925926
0 0.2970625 0.5229722222222222 0.030908854166666666 0.08900925925925926
0 0.2788072916666666 0.4623981481481481 0.0211484375 0.06105555555555555
0 0.2591953125 0.48971296296296296 0.0144609375 0.0893287037037037
1 0.26190625 0.45340277777777777 0.0047005208333333335 0.00963888888888889
0 0.2299140625 0.5141342592592593 0.018796875 0.09190277777777778
0 0.18689583333333332 0.5080277777777777 0.0253046875 0.08162037037037037
0 0.18038802083333336 0.4537222222222222 0.014098958333333333 0.068125
0 0.28106770833333333 0.6349537037037037 0.026390625 0.11246759259259259
