1 0.3968984375 0.47901851851851857 0.007078125 0.013236111111111112
0 0.3878151041666667 0.4920277777777778 0.028755208333333334 0.08689351851851852
0 0.37663281249999997 0.4421574074074074 0.017916666666666668 0.0735925925925926
0 0.5131718749999999 0.5030555555555555 0.032388020833333336 0.08712037037037038
0 0.5521067708333334 0.44476851851851856 0.027815104166666667 0.07394444444444444
0 0.6572890625 0.479837962962963 0.0232421875 0.08065277777777778
0 0.683203125 0.47883796296296294 0.022445312499999998 0.08097685185185186
0 0.6729817708333333 0.5648194444444444 0.028817708333333334 0.0977962962962963
0 0.7046510416666667 0.5534166666666667 0.027502604166666667 0.09553703703703705
0 0.70703125 0.48542129629629627 0.019294270833333335 0.08006018518518519
0 0.7908359375 0.5766666666666667 0.021770833333333333 0.10305092592592592
0 0.7891302083333334 0.571962962962963 0.018606770833333335 0.08518055555555556
0 0.8351432291666666 0.5301527777777778 0.017416666666666667 0.07190277777777777
