0 0.5983307291666667 0.48133333333333334 0.027216145833333334 0.07968981481481481
0 0.47416145833333334 0.4772407407407407 0.017010416666666663 0.08218055555555555
0 0.4282369791666667 0.5055231481481481 0.03201822916666667 0.08893981481481482
0 0.53059375 0.5818333333333333 0.030216145833333333 0.10281018518518519
0 0.5627109375 0.43597685185185187 0.021611979166666666 0.06510185185185186
0 0.3765078125 0.44913888888888887 0.0150078125 0.06723611111111111
0 0.27615364583333335 0.484537037037037 0.025614583333333333 0.08395833333333333
0 0.24603645833333332 0.47563888888888894 0.021010416666666667 0.07186111111111111
0 0.233328125 0.6316388888888889 0.030416666666666665 0.12131018518518517
0 0.29546354166666666 0.4334861111111111 0.019411458333333336 0.05869907407407408
1 0.2473359375 0.47297222222222224 0.005604166666666666 0.010314814814814815
0 0.7225989583333334 0.6099398148148149 0.034018229166666664 0.11562037037037037
0 0.36397395833333335 0.5116111111111111 0.027057291666666667 0.09889814814814815
