0 0.5183151041666666 0.6315787037037037 0.053536458333333335 0.147875
0 0.16837239583333333 0.45872222222222225 0.019888020833333336 0.0704675925925926
0 0.21518229166666666 0.4959768518518518 0.029148437500000002 0.08949074074074075
0 0.1906328125 0.5618194444444444 0.026690104166666666 0.09193981481481482
1 0.18409114583333333 0.555050925925926 0.009143229166666666 0.019268518518518518
0 0.24804427083333333 0.45531944444444444 0.0266328125 0.0685324074074074
0 0.2793359375 0.5165972222222222 0.021661458333333335 0.0978101851851852
0 0.2939947916666667 0.5369722222222222 0.021145833333333332 0.10260185185185186
0 0.3300182291666667 0.4990416666666667 0.026789062500000002 0.09193055555555556
0 0.3397734375 0.44996296296296295 0.017791666666666664 0.07896296296296297
0 0.4307552083333333 0.4923009259259259 0.037203125000000004 0.10001851851851852
0 0.39262239583333336 0.4334768518518518 0.019364583333333334 0.07635185185185185
0 0.21150520833333333 0.5466064814814815 0.027817708333333333 0.09264351851851853
