0 0.545046875 0.4436203703703704 0.018057291666666666 0.06589351851851852
0 0.6871432291666667 0.44716203703703705 0.020109375 0.04974537037037037
0 0.6951796874999999 0.48608796296296297 0.0193203125 0.0634212962962963
0 0.517390625 0.5682870370370371 0.019872395833333334 0.10882407407407407
0 0.6491796875 0.5874907407407407 0.027408854166666666 0.09972685185185184
0 0.6214296874999999 0.5044675925925927 0.023901041666666668 0.09061574074074073
0 0.7358750000000001 0.5320601851851852 0.020921875 0.09025925925925926
0 0.6222942708333333 0.4659490740740741 0.022533854166666666 0.060472222222222226
0 0.7356067708333334 0.4929768518518518 0.020453125000000003 0.07006944444444445
1 0.8757552083333333 0.5051435185185185 0.006093749999999999 0.009712962962962963
0 0.9369114583333332 0.61125 0.017653645833333335 0.10125462962962964
0 0.7777734375 0.547 0.02032291666666667 0.07774537037037037
0 0.7653359375 0.598949074074074 0.03436979166666666 0.094375
