0 0.5136119791666667 0.4610925925925926 0.01913802083333333 0.08031018518518518
0 0.5664661458333333 0.48384259259259255 0.0215859375 0.07675
0 0.6344505208333333 0.5463518518518518 0.017802083333333333 0.09811574074074074
0 0.6817395833333334 0.5532731481481481 0.021140625000000003 0.10642129629629629
0 0.7442708333333333 0.5206342592592592 0.01579947916666667 0.08466203703703704
0 0.7538880208333333 0.48440277777777774 0.011213541666666667 0.07674537037037038
0 0.8005651041666667 0.5531296296296296 0.02158854166666667 0.09178240740740741
0 0.7924375 0.5335925925925926 0.023278645833333333 0.07120833333333333
0 0.8122057291666667 0.6199444444444444 0.021197916666666667 0.09825925925925927
0 0.7329375 0.4807037037037037 0.022518229166666667 0.0687175925925926
0 0.8916848958333333 0.5817824074074075 0.017263020833333333 0.09006944444444445
0 0.5864348958333333 0.4287685185185185 0.016010416666666666 0.07607407407407407
