0 0.2945052083333334 0.48629166666666673 0.022338541666666666 0.08081481481481481
1 0.3092005208333333 0.5110231481481481 0.005486979166666667 0.010449074074074074
0 0.3528958333333333 0.6413055555555556 0.028606770833333333 0.12749537037037037
0 0.36700520833333333 0.47444907407407405 0.034877604166666666 0.08499537037037037
0 0.4555703125 0.44553703703703706 0.019203124999999998 0.0745462962962963
0 0.45674739583333335 0.49918055555555557 0.03095833333333333 0.09405555555555556
0 0.47026822916666666 0.48907870370370377 0.015674479166666665 0.08638888888888889
0 0.5308151041666667 0.49883333333333335 0.038796874999999995 0.08638888888888889
0 0.5361041666666666 0.6085601851851852 0.03683854166666667 0.10798611111111112
0 0.6477942708333334 0.4768842592592592 0.014890625 0.08569444444444445
0 0.7949479166666666 0.5953240740740741 0.028606770833333333 0.10519907407407407
0 0.34153125 0.42986111111111114 0.017635416666666667 0.06131018518518519
0 0.6330885416666666 0.4396481481481481 0.016231770833333332 0.06349537037037037
