0 0.469921875 0.5055555555555555 0.036328125 0.10208333333333333
0 0.497265625 0.43680555555555556 0.028125 0.06388888888888888
0 0.54609375 0.4826388888888889 0.023046875 0.08194444444444444
0 0.546875 0.4756944444444444 0.020703125 0.08055555555555556
0 0.60703125 0.46875 0.0265625 0.07916666666666666
0 0.76875 0.53125 0.02421875 0.08055555555555556
0 0.7984375 0.5229166666666667 0.028515625 0.08194444444444444
1 0.79296875 0.5326388888888889 0.0078125 0.014583333333333334
0 0.80546875 0.5416666666666666 0.026171875 0.09166666666666666
0 0.737890625 0.6305555555555555 0.038671875 0.12361111111111112
0 0.812109375 0.6291666666666667 0.021875 0.10833333333333334
0 0.780078125 0.60625 0.0234375 0.10208333333333333
0 0.866796875 0.56875 0.025390625 0.09027777777777778
