0 0.39883854166666666 0.648337962962963 0.06840364583333333 0.15647222222222223
0 0.45035416666666667 0.5020601851851852 0.023036458333333332 0.12019907407407407
0 0.30230729166666664 0.5814444444444444 0.04494270833333334 0.13108333333333333
0 0.3482421875 0.4950185185185185 0.026570312500000002 0.09405555555555556
0 0.19645052083333334 0.5462638888888889 0.03335416666666667 0.10496296296296297
0 0.23870833333333333 0.5437777777777778 0.027984375 0.11318518518518518
0 0.274890625 0.4804398148148148 0.03759375 0.07997685185185185
0 0.165359375 0.5372453703703703 0.030528645833333333 0.10614351851851853
0 0.14359375 0.5168842592592593 0.03109375 0.08351388888888889
1 0.13680989583333333 0.5113425925925926 0.012437499999999999 0.018166666666666668
0 0.23263281249999998 0.4864722222222222 0.029395833333333333 0.09807407407407408
0 0.16005729166666666 0.46247222222222223 0.025864583333333333 0.08172222222222222
0 0.20238802083333332 0.47315277777777776 0.024874999999999998 0.07745833333333334
