0 0.6320625 0.638824074074074 0.034828125 0.11613425925925926
0 0.5463541666666667 0.5052361111111111 0.026299479166666664 0.08805092592592592
0 0.5806067708333333 0.44299074074074074 0.019841145833333334 0.06725925925925925
0 0.6259427083333333 0.45461574074074074 0.016307291666666664 0.07602777777777778
0 0.7033411458333333 0.5050231481481481 0.02042447916666667 0.08555092592592592
0 0.7541640624999999 0.4921990740740741 0.023010416666666665 0.06770833333333333
0 0.7647630208333334 0.49843518518518515 0.014817708333333334 0.06728240740740742
1 0.7606145833333334 0.4952685185185185 0.0055078125 0.010726851851851852
0 0.77590625 0.5033935185185184 0.0134375 0.07133796296296296
0 0.7854895833333334 0.5530046296296296 0.022174479166666667 0.09712037037037037
0 0.8184713541666666 0.5714351851851852 0.033169270833333334 0.1001712962962963
0 0.7921510416666667 0.6374861111111111 0.029903645833333332 0.11819907407407408
0 0.8935026041666667 0.5734814814814815 0.015114583333333332 0.07789814814814815
