0 0.37456510416666666 0.6352824074074074 0.03559114583333333 0.15791203703703702
0 0.1531119791666667 0.46201851851851855 0.01727604166666667 0.06712962962962964
0 0.18628906250000002 0.4715509259259259 0.023973958333333333 0.09973611111111111
0 0.19690104166666667 0.5174398148148148 0.027005208333333332 0.07869907407407407
0 0.20250520833333333 0.4902916666666667 0.020026041666666668 0.0702824074074074
1 0.20490364583333334 0.46094444444444443 0.0078984375 0.017601851851851855
0 0.27463802083333333 0.46201851851851855 0.014526041666666666 0.08368055555555555
0 0.26413020833333334 0.5458333333333333 0.026513020833333335 0.10464814814814814
0 0.2547526041666667 0.4865833333333333 0.020447916666666666 0.08618055555555555
0 0.267796875 0.499875 0.037510416666666664 0.09471759259259259
0 0.10915104166666666 0.5133518518518518 0.015653645833333334 0.07729166666666666
0 0.16030468750000001 0.5095277777777777 0.0253125 0.08844907407407408
0 0.32241145833333335 0.4364166666666667 0.0172890625 0.07982870370370371
