0 0.7127031250000001 0.4423842592592592 0.014763020833333333 0.0592037037037037
0 0.6172005208333334 0.568037037037037 0.014239583333333333 0.112125
0 0.7902942708333334 0.5034907407407407 0.014247395833333334 0.07549074074074075
0 0.7804583333333334 0.5352638888888889 0.018497395833333333 0.06287037037037038
0 0.7514713541666667 0.5010555555555556 0.021981770833333334 0.050337962962962966
0 0.7001067708333333 0.5121481481481481 0.023330729166666668 0.08187962962962964
0 0.6289374999999999 0.44661111111111107 0.011203125000000001 0.07276388888888888
0 0.9058359374999999 0.5744212962962963 0.015080729166666666 0.076625
0 0.7027630208333334 0.4648009259259259 0.019752604166666667 0.05930092592592593
0 0.7488802083333332 0.5514583333333334 0.04073177083333333 0.055185185185185184
0 0.7073958333333333 0.5504444444444445 0.0246328125 0.09294444444444444
1 0.7677812500000001 0.5703564814814815 0.0057708333333333335 0.01074537037037037
0 0.7390651041666667 0.5067222222222222 0.019786458333333333 0.08036111111111112
