0 0.6147005208333333 0.44354629629629627 0.017234375000000003 0.09526851851851852
0 0.8965677083333333 0.5663564814814814 0.016075520833333332 0.08839351851851852
1 0.6783463541666667 0.47609259259259257 0.0105 0.018583333333333334
0 0.5310182291666666 0.5097037037037038 0.026502604166666666 0.10382870370370371
0 0.603359375 0.48118518518518516 0.022013020833333334 0.08154629629629628
0 0.6491276041666667 0.49966203703703704 0.020856770833333333 0.09404166666666666
0 0.7229895833333334 0.5351990740740741 0.029544270833333334 0.13422222222222224
0 0.7754166666666666 0.5024953703703704 0.018539062499999998 0.09455555555555556
0 0.747140625 0.4634814814814815 0.026432291666666666 0.09119907407407409
0 0.6852604166666667 0.45819907407407406 0.0250546875 0.07291203703703704
0 0.6893515625000001 0.4853703703703704 0.03251302083333333 0.0783287037037037
0 0.7242942708333333 0.5015277777777778 0.020565104166666667 0.08618518518518518
0 0.7130677083333333 0.5093194444444445 0.016945312499999997 0.09533333333333333
