0 0.443359375 0.4326388888888889 0.028125 0.06875
0 0.426953125 0.5048611111111111 0.034375 0.09791666666666667
0 0.496484375 0.47291666666666665 0.028515625 0.09444444444444444
0 0.52578125 0.4826388888888889 0.0203125 0.08472222222222223
0 0.569921875 0.4777777777777778 0.023828125 0.08541666666666667
0 0.644140625 0.6125 0.0359375 0.13541666666666666
0 0.71875 0.5979166666666667 0.04140625 0.11041666666666666
0 0.733203125 0.6208333333333333 0.051171875 0.11597222222222223
0 0.74609375 0.5013888888888889 0.024609375 0.08611111111111111
0 0.77265625 0.5472222222222223 0.022265625 0.08125
1 0.7640625 0.5361111111111111 0.008203125 0.018055555555555554
0 0.7875 0.5416666666666666 0.026171875 0.09513888888888888
0 0.851953125 0.5777777777777777 0.025 0.10138888888888889
