0 0.61353125 0.4870648148148148 0.014145833333333333 0.08087037037037037
0 0.7952161458333333 0.5047777777777778 0.012033854166666667 0.06084259259259259
0 0.9104687499999999 0.6102916666666667 0.01690104166666667 0.08329166666666667
0 0.604609375 0.4512175925925926 0.013846354166666667 0.07181481481481482
0 0.7784088541666667 0.514550925925926 0.0159140625 0.06955555555555556
0 0.7835729166666667 0.5422175925925926 0.018809895833333333 0.08537962962962962
0 0.8145026041666666 0.6355879629629629 0.023153645833333333 0.11294444444444444
0 0.7501692708333334 0.522287037037037 0.023955729166666665 0.0811851851851852
0 0.7055442708333334 0.5267731481481481 0.021552083333333336 0.09357407407407407
1 0.8027890625 0.4379722222222222 0.006515625 0.013416666666666667
0 0.8527369791666667 0.5602638888888889 0.019244791666666667 0.07698148148148148
0 0.6863072916666667 0.48123611111111114 0.02165625 0.07295370370370372
