0 0.22561458333333334 0.48174537037037035 0.0222734375 0.0770925925925926
0 0.23712760416666667 0.4400046296296296 0.0240234375 0.07658333333333332
0 0.3309505208333333 0.49180555555555555 0.02429947916666667 0.09355092592592593
1 0.3725546875 0.4275925925925926 0.008200520833333332 0.013861111111111112
0 0.3830859375 0.4425787037037037 0.027432291666666667 0.06924074074074074
0 0.538375 0.4575324074074074 0.014812500000000001 0.0880787037037037
0 0.5661536458333334 0.609125 0.0208984375 0.12351851851851853
0 0.48345052083333334 0.615875 0.04201302083333334 0.12268055555555556
0 0.5428072916666667 0.5766851851851852 0.022208333333333333 0.11010648148148149
0 0.5845468749999999 0.5412962962962963 0.020677083333333336 0.1038564814814815
0 0.6946848958333334 0.5014768518518519 0.016854166666666667 0.09583796296296296
0 0.8574140625 0.5874398148148148 0.024815104166666668 0.08535648148148148
0 0.2553463541666667 0.4292407407407407 0.0134375 0.06406481481481481
