0 0.5836744791666667 0.6353009259259259 0.04560677083333333 0.12820833333333334
0 0.4996848958333333 0.5449953703703704 0.043234375000000005 0.11550462962962964
1 0.5071223958333333 0.4992546296296297 0.013692708333333333 0.022875
0 0.5407083333333333 0.4835416666666667 0.022427083333333334 0.08115277777777777
0 0.47763541666666665 0.4768287037037037 0.032130208333333334 0.07693055555555554
0 0.6501458333333333 0.5571666666666667 0.03816666666666667 0.10189814814814814
0 0.6278802083333334 0.5212175925925926 0.02921875 0.10245370370370371
0 0.6417343750000001 0.4616851851851852 0.0200546875 0.08113888888888889
0 0.5429817708333334 0.4254907407407407 0.0227421875 0.0692037037037037
0 0.44735416666666666 0.4227083333333333 0.028874999999999998 0.06976851851851851
0 0.7494427083333334 0.6369722222222222 0.030533854166666666 0.12625925925925927
0 0.7421614583333334 0.5755231481481482 0.024401041666666668 0.10352777777777777
0 0.8888619791666666 0.6490648148148148 0.026510416666666665 0.12386574074074075
