0 0.501171875 0.6368055555555555 0.03359375 0.1423611111111111
0 0.161328125 0.4583333333333333 0.01484375 0.06944444444444445
0 0.238671875 0.4625 0.0203125 0.0625
0 0.320703125 0.4979166666666667 0.025390625 0.09930555555555555
0 0.32890625 0.4486111111111111 0.017578125 0.07708333333333334
0 0.38125 0.4354166666666667 0.02109375 0.07569444444444444
0 0.406640625 0.49236111111111114 0.026953125 0.09444444444444444
0 0.171484375 0.5409722222222222 0.019921875 0.10069444444444445
1 0.170703125 0.5034722222222222 0.010546875 0.019444444444444445
0 0.19296875 0.5361111111111111 0.033984375 0.09097222222222222
0 0.198046875 0.5020833333333333 0.03046875 0.08125
0 0.267578125 0.5194444444444445 0.02109375 0.08819444444444445
0 0.280859375 0.5326388888888889 0.032421875 0.10555555555555556
