0 0.8946666666666666 0.5633564814814814 0.01778645833333333 0.08137962962962964
0 0.7829817708333333 0.5797268518518519 0.025236979166666666 0.10521296296296295
0 0.7455546875 0.5304212962962963 0.024401041666666668 0.09630092592592591
0 0.8104166666666667 0.6076481481481482 0.027263020833333332 0.11594907407407407
0 0.7985572916666667 0.5756712962962963 0.02068229166666667 0.10229166666666666
0 0.6528854166666667 0.5345231481481482 0.02940104166666667 0.10858333333333332
0 0.5928854166666666 0.44375925925925924 0.018778645833333333 0.07431018518518519
1 0.6432395833333333 0.44799074074074074 0.007875 0.01375925925925926
0 0.6391979166666667 0.45308333333333334 0.021796875 0.05498611111111111
0 0.6605130208333333 0.4649212962962963 0.020468749999999997 0.06775
0 0.6655572916666667 0.4621342592592593 0.019630208333333333 0.06530092592592593
0 0.6872369791666666 0.47406481481481483 0.019182291666666667 0.07414814814814814
0 0.7792760416666666 0.5404166666666667 0.0202265625 0.08561111111111111
