0 0.3094453125 0.5583194444444445 0.0357890625 0.10250462962962963
0 0.358609375 0.5061018518518519 0.026390625 0.08997222222222222
0 0.3462942708333333 0.4569722222222222 0.01825 0.054995370370370375
0 0.29632552083333336 0.6367962962962963 0.029893229166666667 0.11493981481481481
0 0.28989583333333335 0.4980648148148148 0.0274609375 0.09331018518518519
0 0.3221354166666667 0.5150601851851851 0.028328125 0.09269444444444444
0 0.26877864583333333 0.49312500000000004 0.023809895833333334 0.07106481481481482
0 0.21012239583333334 0.5105787037037036 0.015640625000000002 0.08929166666666667
0 0.23480208333333333 0.5119722222222222 0.021203125 0.09207407407407407
0 0.19665364583333333 0.5023935185185185 0.012687499999999999 0.08156944444444444
0 0.2737317708333334 0.4596018518518519 0.01738020833333333 0.05963425925925926
0 0.1806640625 0.4560462962962963 0.015119791666666667 0.06920833333333334
