0 0.2500546875 0.664212962962963 0.027302083333333334 0.11703703703703704
0 0.2283515625 0.5633379629629629 0.019877604166666667 0.10361574074074074
0 0.3156666666666667 0.5757546296296296 0.02264583333333333 0.11323148148148149
0 0.34007552083333337 0.4927731481481482 0.013838541666666667 0.09175925925925925
0 0.2950963541666667 0.46637962962962964 0.018997395833333333 0.08057870370370371
0 0.23351041666666666 0.4973564814814815 0.017111979166666666 0.08706481481481482
0 0.15732291666666667 0.5292222222222221 0.020364583333333335 0.08791666666666667
0 0.18165625 0.5080648148148148 0.0325078125 0.07312962962962963
0 0.20163802083333332 0.5063611111111112 0.028874999999999998 0.06735185185185184
1 0.15827864583333331 0.425287037037037 0.0064062500000000005 0.010921296296296297
0 0.1595703125 0.4602175925925926 0.011854166666666667 0.0624212962962963
0 0.12930989583333333 0.5478333333333333 0.0140546875 0.09216666666666667
0 0.09355208333333334 0.5413749999999999 0.018453125 0.07176851851851852
