0 0.77965625 0.5755925925925925 0.020265625 0.08955555555555555
0 0.6733072916666667 0.5117731481481482 0.027986979166666665 0.0792638888888889
0 0.7344921875 0.5064537037037037 0.016020833333333335 0.0864675925925926
0 0.7989557291666666 0.534074074074074 0.017177083333333332 0.08475
0 0.8067734375000001 0.6334074074074074 0.03319791666666667 0.10431018518518519
0 0.8361093749999999 0.5785092592592592 0.023546875000000002 0.08989814814814816
0 0.7701979166666667 0.567699074074074 0.018721354166666666 0.1025925925925926
0 0.70959375 0.4786620370370371 0.021809895833333332 0.0775462962962963
1 0.6339296875 0.4925925925925926 0.007544270833333333 0.01174074074074074
0 0.6269739583333334 0.4918194444444444 0.021442708333333334 0.07805092592592593
0 0.7584609375 0.5454675925925926 0.026567708333333332 0.08054166666666666
0 0.8940729166666667 0.5664444444444444 0.014763020833333333 0.08616203703703704
0 0.6197838541666666 0.4350601851851852 0.010973958333333334 0.06186111111111111
