0 0.6045963541666667 0.5271898148148149 0.021130208333333334 0.09080092592592592
0 0.6012161458333334 0.4421851851851852 0.01747395833333333 0.06841203703703704
0 0.6276041666666666 0.4515092592592593 0.01944010416666667 0.0695787037037037
0 0.6342656249999999 0.4669583333333333 0.023549479166666668 0.06532407407407408
0 0.6546770833333333 0.4604212962962963 0.020119791666666668 0.059722222222222225
0 0.65534375 0.48456481481481484 0.026783854166666666 0.072875
0 0.6439739583333334 0.5313981481481481 0.024473958333333334 0.08718055555555555
0 0.7422604166666668 0.6045416666666666 0.028940104166666664 0.12146296296296297
1 0.740078125 0.5707407407407408 0.007604166666666666 0.014976851851851852
0 0.7453098958333333 0.501199074074074 0.019669270833333332 0.08343518518518518
0 0.777484375 0.5082222222222222 0.0160390625 0.06806481481481481
0 0.8911588541666667 0.5626481481481481 0.015640625000000002 0.07592592592592592
0 0.770828125 0.5416574074074074 0.022528645833333336 0.07082407407407407
