0 0.4097369791666667 0.48226851851851854 0.014856770833333333 0.08240277777777778
0 0.4592708333333333 0.4795185185185185 0.020281249999999997 0.08549537037037036
0 0.49313802083333336 0.4227083333333333 0.009908854166666667 0.057249999999999995
0 0.090140625 0.5291435185185185 0.016091145833333334 0.08278703703703703
0 0.3048958333333333 0.4513009259259259 0.015460937499999999 0.059291666666666666
0 0.1882109375 0.5607592592592593 0.0178359375 0.10497222222222223
0 0.27912499999999996 0.5113935185185184 0.012817708333333334 0.09414351851851852
0 0.29859375 0.5126018518518519 0.01778645833333333 0.09656481481481483
0 0.400921875 0.416662037037037 0.013880208333333333 0.06349537037037037
0 0.3732890625 0.4289398148148148 0.010877604166666667 0.07031944444444443
