0 0.48341666666666666 0.45292592592592595 0.029734375 0.0845462962962963
0 0.89265625 0.6256666666666667 0.021036458333333334 0.1080787037037037
0 0.4755078125 0.6058425925925925 0.026570312500000002 0.13310185185185186
0 0.7007291666666667 0.616388888888889 0.03985677083333334 0.10975925925925926
1 0.7166223958333333 0.6006296296296296 0.013760416666666667 0.03551851851851852
0 0.6377005208333333 0.5297685185185185 0.02040364583333333 0.09061574074074073
0 0.5360052083333334 0.5448842592592593 0.03210677083333333 0.11100925925925927
0 0.6048046874999999 0.47212037037037036 0.024197916666666666 0.09341203703703704
0 0.5757421875 0.44990277777777776 0.025385416666666667 0.08834259259259258
0 0.49219270833333334 0.5072037037037037 0.02704427083333333 0.091875
0 0.7249270833333333 0.5727962962962962 0.04396875 0.08668981481481482
0 0.7192734375000001 0.5033333333333333 0.01668489583333333 0.08273148148148148
0 0.7295130208333334 0.49433796296296295 0.028468749999999998 0.08723148148148148
