0 0.25223697916666665 0.6470046296296296 0.0240390625 0.11343055555555555
0 0.4061458333333333 0.5396805555555556 0.020606770833333333 0.10122222222222221
0 0.36113802083333335 0.47187962962962965 0.013736979166666666 0.0800138888888889
0 0.29001302083333336 0.4297824074074074 0.01175 0.06458796296296296
0 0.29001302083333336 0.5070648148148148 0.0157265625 0.08997222222222222
0 0.2311796875 0.5101157407407407 0.03000520833333333 0.08387037037037037
0 0.18038802083333336 0.5126898148148149 0.018796875 0.08772222222222222
0 0.20488020833333334 0.4937268518518519 0.026932291666666667 0.08965277777777778
0 0.21310416666666668 0.47075462962962966 0.016630208333333334 0.1079675925925926
0 0.22331770833333334 0.47075462962962966 0.0160859375 0.10668055555555556
1 0.223859375 0.4166111111111111 0.006325520833333333 0.009962962962962963
0 0.16511458333333331 0.45902314814814815 0.014278645833333332 0.06844444444444445
0 0.24292708333333335 0.4505092592592593 0.016268229166666665 0.06683796296296296
