0 0.36122916666666666 0.553337962962963 0.027653645833333334 0.10475462962962963
0 0.309171875 0.6378472222222222 0.03127083333333333 0.11246759259259259
0 0.36403125000000003 0.4930879629629629 0.017713541666666666 0.08708333333333333
0 0.33845572916666666 0.44825925925925925 0.01825520833333333 0.06876388888888889
0 0.2767291666666667 0.48183796296296294 0.020606770833333333 0.0671574074074074
0 0.21825520833333334 0.5059398148148148 0.01680989583333333 0.08515277777777779
0 0.23352864583333333 0.5126898148148149 0.029281249999999998 0.08836574074074074
0 0.20162760416666667 0.4982268518518519 0.0157265625 0.08643981481481482
0 0.269046875 0.479912037037037 0.017171875 0.06330092592592593
0 0.3014921875 0.47910648148148144 0.024942708333333334 0.08033333333333334
0 0.3311354166666666 0.5118842592592593 0.022414062499999998 0.09575925925925927
0 0.17641145833333333 0.4588657407407407 0.016630208333333334 0.0694074074074074
