0 0.462890625 0.6305555555555555 0.04765625 0.14097222222222222
0 0.373828125 0.5402777777777777 0.03046875 0.10833333333333334
0 0.3984375 0.4701388888888889 0.0265625 0.08541666666666667
1 0.400390625 0.46875 0.01015625 0.015277777777777777
0 0.382421875 0.42569444444444443 0.01875 0.07361111111111111
0 0.4828125 0.4673611111111111 0.024609375 0.06875
0 0.473828125 0.42569444444444443 0.028515625 0.06944444444444445
0 0.58515625 0.5284722222222222 0.029296875 0.11458333333333333
0 0.59921875 0.46458333333333335 0.02421875 0.08472222222222223
0 0.629296875 0.5541666666666667 0.033203125 0.10902777777777778
0 0.673046875 0.6395833333333333 0.0421875 0.12777777777777777
0 0.6921875 0.5736111111111111 0.03828125 0.10625
0 0.838671875 0.66875 0.03828125 0.13125
