0 0.340546875 0.4922314814814815 0.024315104166666667 0.08138425925925925
1 0.3550859375 0.48234722222222215 0.007049479166666667 0.012407407407407407
0 0.3398229166666667 0.4417175925925926 0.021950520833333334 0.07198148148148148
0 0.4813255208333333 0.4966574074074074 0.017531249999999998 0.088125
0 0.49500520833333334 0.44622685185185185 0.01989322916666667 0.07176851851851852
0 0.6393619791666667 0.47858333333333336 0.02323177083333333 0.08072222222222222
0 0.6428619791666667 0.5650046296296297 0.034921875 0.0967962962962963
0 0.6844348958333334 0.5542592592592592 0.028361979166666666 0.09613888888888888
0 0.6879895833333334 0.47417592592592595 0.016122395833333334 0.07976388888888888
0 0.7098098958333333 0.4841388888888889 0.014619791666666666 0.08198148148148149
0 0.7905 0.5817916666666667 0.020703125 0.10556944444444445
0 0.7903177083333334 0.5756990740740741 0.01740625 0.08452777777777779
0 0.8185520833333333 0.517962962962963 0.019934895833333334 0.06906018518518518
