1 0.6129036458333333 0.4663148148148148 0.006447916666666667 0.011851851851851853
0 0.62084375 0.4344537037037037 0.009130208333333334 0.060148148148148145
0 0.6142135416666666 0.4713425925925926 0.0228125 0.0615787037037037
0 0.6488697916666666 0.48310185185185184 0.01979947916666667 0.08241666666666667
0 0.6396484375 0.4802407407407407 0.020158854166666667 0.06757407407407408
0 0.6981536458333333 0.5606018518518519 0.03158072916666667 0.09070833333333334
0 0.7122708333333333 0.4985 0.013893229166666667 0.07798148148148148
0 0.7358359375 0.5646481481481482 0.0234140625 0.09611574074074075
0 0.7717109375 0.5252361111111111 0.0242890625 0.08429166666666667
0 0.7917213541666667 0.552486111111111 0.019828125 0.08894444444444445
0 0.8941328125 0.5583703703703703 0.0145546875 0.10160185185185186
0 0.8655807291666666 0.5998194444444443 0.018924479166666668 0.0907037037037037
0 0.8085677083333334 0.5500925925925926 0.025674479166666667 0.08022222222222222
