0 0.437109375 0.6548611111111111 0.049609375 0.14375
0 0.467578125 0.5 0.02578125 0.10347222222222222
0 0.351171875 0.5708333333333333 0.035546875 0.12083333333333333
0 0.34765625 0.48680555555555555 0.034375 0.08333333333333333
0 0.308984375 0.48055555555555557 0.03046875 0.08819444444444445
0 0.238671875 0.5375 0.037109375 0.10486111111111111
0 0.16328125 0.5541666666666667 0.028515625 0.10486111111111111
0 0.201953125 0.47291666666666665 0.0234375 0.07083333333333333
0 0.243359375 0.47430555555555554 0.025390625 0.07569444444444444
1 0.100390625 0.5083333333333333 0.01171875 0.018055555555555554
0 0.109765625 0.53125 0.02109375 0.07777777777777778
0 0.16171875 0.4618055555555556 0.022265625 0.07430555555555556
0 0.25625 0.55625 0.02734375 0.10347222222222222
