0 0.7149791666666666 0.44357407407407407 0.015723958333333333 0.055851851851851854
0 0.7558046875 0.5905740740740741 0.016729166666666666 0.09431944444444444
0 0.7231432291666666 0.6085462962962963 0.0310078125 0.11664814814814815
0 0.7882604166666667 0.4847361111111111 0.012979166666666668 0.06552314814814815
0 0.786328125 0.5026111111111111 0.0144609375 0.07266203703703702
0 0.7179062500000001 0.48186574074074073 0.02646875 0.06897222222222221
0 0.7751484375000001 0.5132083333333333 0.017781250000000002 0.08199537037037037
0 0.6199270833333334 0.4471481481481482 0.018002604166666665 0.07099537037037036
0 0.7568411458333333 0.5431527777777778 0.024958333333333336 0.06764814814814815
0 0.9066588541666667 0.5764490740740741 0.015786458333333333 0.07359722222222222
0 0.7206796875 0.471212962962963 0.010208333333333335 0.07069907407407408
0 0.7483697916666666 0.5215277777777778 0.0238671875 0.06760648148148148
