0 0.294703125 0.5801620370370371 0.024731770833333333 0.1160324074074074
0 0.2661796875 0.6705 0.025755208333333335 0.11831481481481482
0 0.14934375 0.4642962962962963 0.010440104166666667 0.06875462962962962
0 0.18053125 0.5283888888888889 0.03172135416666667 0.0795
0 0.23302864583333335 0.5495648148148148 0.020968749999999998 0.10306018518518519
0 0.2731328125 0.5042962962962962 0.018776041666666667 0.0901111111111111
0 0.33061979166666666 0.49251388888888886 0.024783854166666668 0.08775
0 0.2427734375 0.46747222222222223 0.021026041666666665 0.06706018518518518
0 0.26028125 0.46878240740740745 0.017197916666666667 0.07353703703703704
0 0.18677604166666667 0.5290370370370371 0.014390624999999999 0.07838888888888888
0 0.3236041666666667 0.4575787037037037 0.02321875 0.06606481481481481
0 0.22340625 0.48972685185185183 0.0282890625 0.07638425925925926
1 0.19070572916666664 0.5223657407407407 0.006046874999999999 0.011782407407407406
