0 0.6459557291666667 0.44800462962962967 0.018781250000000003 0.0575925925925926
0 0.4234427083333333 0.5673009259259258 0.0307421875 0.11449537037037037
0 0.6609921875 0.493787037037037 0.010971354166666667 0.0713287037037037
0 0.6541354166666667 0.6044537037037037 0.025645833333333333 0.10445833333333333
0 0.6738932291666667 0.5341018518518519 0.030557291666666667 0.09387037037037037
0 0.5392135416666667 0.5150833333333333 0.016244791666666668 0.08258333333333333
0 0.4575416666666667 0.43848148148148147 0.023013020833333335 0.06600462962962962
0 0.8743828125 0.6050277777777777 0.019398437499999997 0.07763888888888888
0 0.503015625 0.46066666666666667 0.0336640625 0.06712962962962964
0 0.7636927083333334 0.559837962962963 0.02059895833333333 0.07944907407407407
0 0.5466927083333334 0.641962962962963 0.046968750000000004 0.1310185185185185
1 0.6455442708333333 0.5882268518518519 0.006841145833333334 0.013601851851851851
0 0.6208515625000001 0.47749537037037043 0.0278671875 0.07481018518518519
