0 0.5914505208333334 0.5469490740740741 0.02184375 0.09952314814814815
0 0.58421875 0.4409490740740741 0.0178984375 0.0692962962962963
0 0.6347968749999999 0.47548148148148145 0.016526041666666668 0.07240277777777777
1 0.6404296875 0.4419814814814815 0.004466145833333333 0.007412037037037038
0 0.6642109375 0.4880925925925926 0.019625 0.06615277777777777
0 0.6819140625000001 0.4802592592592592 0.017437499999999998 0.06511574074074074
0 0.6740755208333333 0.5342546296296297 0.020015625 0.09506944444444444
0 0.7051197916666666 0.49102777777777773 0.037809895833333336 0.08663425925925926
0 0.7074583333333333 0.45549074074074075 0.011708333333333333 0.0660324074074074
0 0.7197890625 0.4645 0.025458333333333336 0.06130555555555555
0 0.7634921875 0.5366851851851852 0.013510416666666667 0.09162962962962963
0 0.7694010416666667 0.6244583333333333 0.035609375000000006 0.11625925925925926
0 0.8911536458333333 0.5620046296296296 0.0157421875 0.07416203703703704
