0 0.8983645833333332 0.5753194444444445 0.0186171875 0.07898611111111112
0 0.7526458333333333 0.6223935185185184 0.0423203125 0.11819444444444445
0 0.7164088541666668 0.5047037037037038 0.01923958333333333 0.09529166666666668
0 0.6959427083333334 0.44795370370370374 0.012708333333333332 0.06531944444444444
0 0.6955338541666667 0.4857592592592593 0.021721354166666665 0.07639351851851851
0 0.46611979166666667 0.43766666666666665 0.02169270833333333 0.07308796296296297
0 0.678828125 0.44913425925925926 0.016200520833333332 0.05840740740740741
0 0.7001901041666667 0.4583240740740741 0.017437499999999998 0.057916666666666665
0 0.48987499999999995 0.507087962962963 0.022424479166666667 0.0957824074074074
0 0.6088880208333334 0.5190925925925925 0.017333333333333333 0.09639814814814815
0 0.7438697916666667 0.5555185185185185 0.03434635416666666 0.10181944444444445
0 0.7102135416666666 0.46477314814814813 0.014046874999999999 0.07484259259259259
1 0.5064921875 0.5138981481481482 0.008346354166666665 0.015222222222222224
