0 0.5783124999999999 0.4433657407407407 0.016291666666666666 0.08510648148148149
0 0.8885416666666667 0.5643564814814814 0.01834635416666667 0.08387499999999999
1 0.6182083333333334 0.46522685185185186 0.009885416666666667 0.012138888888888888
0 0.7154765624999999 0.6080925925925926 0.027283854166666666 0.12354166666666667
0 0.6155598958333334 0.5182407407407408 0.022776041666666667 0.13223148148148148
0 0.6550989583333333 0.475425925925926 0.019611979166666668 0.07611574074074073
0 0.6569973958333333 0.49074999999999996 0.020244791666666664 0.09271296296296296
0 0.7379739583333333 0.4698703703703703 0.020877604166666668 0.08047222222222222
0 0.6701640624999999 0.5112129629629629 0.03329166666666667 0.10692129629629629
0 0.7270208333333333 0.5640787037037037 0.03186979166666667 0.10018981481481481
0 0.7538307291666667 0.4991157407407407 0.024119791666666668 0.08835648148148148
0 0.7136979166666666 0.5102962962962962 0.022932291666666667 0.09525
0 0.6979609375 0.5069907407407407 0.023091145833333333 0.09848148148148148
