0 0.07728645833333332 0.5303888888888889 0.021666666666666667 0.10535185185185185
0 0.23850260416666666 0.5111249999999999 0.023565104166666666 0.10256944444444445
0 0.2721744791666667 0.5153935185185186 0.029484375 0.11309259259259259
0 0.3482864583333333 0.44708333333333333 0.02646875 0.07971296296296297
0 0.3585625 0.4254351851851852 0.037861979166666664 0.07216203703703704
0 0.45868749999999997 0.4403287037037037 0.022783854166666666 0.08209259259259259
0 0.6420729166666667 0.5149953703703705 0.04109895833333333 0.08052777777777778
0 0.5750624999999999 0.42335185185185187 0.02322916666666667 0.07791666666666668
1 0.5746718749999999 0.41351851851851856 0.0079296875 0.016555555555555556
0 0.6125781250000001 0.5160231481481481 0.04029166666666666 0.08296296296296296
0 0.6644375 0.49695370370370373 0.024049479166666665 0.09108333333333334
0 0.6255520833333333 0.47944907407407406 0.020533854166666664 0.08607870370370371
0 0.6229505208333334 0.422375 0.019549479166666665 0.07318518518518519
