0 0.2396015625 0.6525648148148148 0.024002604166666667 0.11644907407407408
0 0.21220052083333335 0.5987083333333334 0.028197916666666666 0.1033425925925926
0 0.1949921875 0.566574074074074 0.017497395833333332 0.10539814814814814
0 0.35665625 0.48842592592592593 0.014893229166666666 0.07146296296296296
0 0.3030807291666667 0.4335416666666667 0.011856770833333334 0.06298148148148147
0 0.23620312499999999 0.4633611111111111 0.018942708333333332 0.07429166666666667
0 0.21444270833333334 0.5719722222222222 0.028630208333333334 0.08997222222222222
1 0.21870833333333334 0.5625925925925926 0.0073750000000000005 0.014652777777777777
0 0.2105390625 0.5386851851851852 0.03615104166666667 0.07480555555555556
0 0.30561197916666666 0.48932870370370374 0.018942708333333332 0.08508796296296296
0 0.2750286458333333 0.46207870370370374 0.013013020833333333 0.07275
0 0.21755208333333334 0.4836712962962963 0.018075520833333334 0.08097685185185186
0 0.16332552083333332 0.4530787037037037 0.013158854166666668 0.06863888888888889
