0 0.6390182291666666 0.5484444444444445 0.023817708333333333 0.10376388888888889
0 0.6087343749999999 0.5313888888888889 0.0251328125 0.10193518518518518
0 0.6066744791666667 0.4426851851851852 0.017247395833333335 0.07417592592592592
0 0.7905885416666667 0.6368981481481482 0.03191666666666667 0.12063425925925926
0 0.72046875 0.5096111111111111 0.025513020833333334 0.08697222222222223
0 0.7583463541666667 0.5063194444444444 0.01796354166666667 0.07842592592592593
0 0.7733541666666667 0.5088750000000001 0.021348958333333334 0.07625925925925926
0 0.7989869791666667 0.5533842592592593 0.0166640625 0.09283796296296297
1 0.8200182291666667 0.4197916666666667 0.00703125 0.01499537037037037
0 0.8947890624999999 0.5674212962962963 0.0186484375 0.07685648148148148
0 0.7114609375000001 0.46514814814814814 0.013796874999999998 0.07288425925925926
0 0.7109505208333334 0.5129351851851852 0.026236979166666667 0.08752777777777777
0 0.6945677083333333 0.44352314814814814 0.018677083333333334 0.06924074074074074
