0 0.1893203125 0.49491666666666667 0.018721354166666666 0.08231944444444445
0 0.22386979166666665 0.4496527777777778 0.01729947916666667 0.07695833333333332
0 0.3352395833333333 0.4307638888888889 0.024341145833333334 0.07236111111111111
0 0.3476171875 0.4417314814814815 0.01727864583333333 0.06824074074074074
0 0.3291692708333333 0.5082453703703703 0.03252083333333333 0.09646759259259259
0 0.3814739583333333 0.5098287037037037 0.03498958333333334 0.09546296296296296
0 0.5866171875 0.49141203703703706 0.0245078125 0.09296759259259259
0 0.7116041666666667 0.5437083333333333 0.026078125 0.09531018518518519
0 0.43588541666666664 0.4295324074074074 0.024182291666666668 0.06345833333333332
0 0.436765625 0.4590601851851852 0.01894791666666667 0.08400925925925927
0 0.7455234374999999 0.6544305555555555 0.041882812500000005 0.10977777777777778
1 0.20311718750000002 0.5218842592592593 0.0080859375 0.013962962962962963
0 0.1617109375 0.5327037037037038 0.022302083333333333 0.0800462962962963
