0 0.40859375 0.6368055555555555 0.031640625 0.15
0 0.15234375 0.46458333333333335 0.017578125 0.07777777777777778
1 0.202734375 0.46458333333333335 0.008984375 0.016666666666666666
0 0.11875 0.5131944444444444 0.019921875 0.06319444444444444
0 0.252734375 0.5444444444444444 0.034765625 0.10833333333333334
0 0.213671875 0.5243055555555556 0.027734375 0.08888888888888889
0 0.32578125 0.4951388888888889 0.0328125 0.09583333333333334
0 0.3390625 0.43472222222222223 0.01640625 0.0763888888888889
0 0.2828125 0.4895833333333333 0.025 0.08819444444444445
0 0.290234375 0.46041666666666664 0.016015625 0.08611111111111111
0 0.152734375 0.5145833333333333 0.021875 0.08888888888888889
0 0.18046875 0.5034722222222222 0.025 0.09236111111111112
0 0.21171875 0.4798611111111111 0.016015625 0.08472222222222223
