0 0.30484374999999997 0.6874212962962962 0.029864583333333337 0.12743518518518518
0 0.2932578125 0.6098703703703704 0.020835937500000002 0.12949537037037037
0 0.27169791666666665 0.5952638888888889 0.03383333333333333 0.09831944444444445
0 0.33903906250000004 0.5028564814814815 0.025552083333333333 0.09243981481481481
0 0.3573671875 0.4963333333333333 0.014169270833333332 0.09243981481481481
1 0.29388020833333334 0.5513935185185185 0.009486979166666666 0.01650462962962963
0 0.2691145833333334 0.4781388888888889 0.021627604166666665 0.07973148148148149
0 0.22174739583333333 0.47688888888888886 0.014080729166666667 0.07502314814814816
0 0.24064322916666667 0.4422916666666667 0.014473958333333333 0.06290740740740741
0 0.152328125 0.4618703703703704 0.012 0.06817592592592592
0 0.3049609375 0.4833055555555556 0.034140625 0.07170833333333333
0 0.300515625 0.47367592592592594 0.0281953125 0.06647222222222222
0 0.29710156249999997 0.46305555555555555 0.012184895833333332 0.08039351851851852
