0 0.5538411458333333 0.5059953703703703 0.027067708333333333 0.10511574074074075
0 0.5604661458333333 0.433287037037037 0.015330729166666666 0.07478240740740741
0 0.6047630208333333 0.4626898148148148 0.0206640625 0.07251388888888889
0 0.6542994791666668 0.5140787037037038 0.028153645833333334 0.09469907407407407
0 0.659578125 0.44448611111111114 0.01844010416666667 0.06812962962962962
0 0.7159557291666666 0.49887499999999996 0.01844010416666667 0.08155092592592593
0 0.7687447916666666 0.5137037037037037 0.03575520833333334 0.07893055555555556
0 0.8427890625 0.5363425925925925 0.0145 0.0829212962962963
0 0.8279375000000001 0.5954074074074074 0.03209635416666667 0.10644907407407407
0 0.8674947916666667 0.646837962962963 0.0233671875 0.1154675925925926
0 0.8563385416666667 0.5830648148148149 0.03329166666666667 0.08476388888888889
0 0.8875546875 0.5661157407407407 0.022664062500000002 0.09291203703703703
1 0.8057916666666666 0.4360046296296296 0.007877604166666666 0.01723148148148148
