1 0.6367291666666667 0.4761296296296297 0.011458333333333333 0.021814814814814815
0 0.7454453125 0.601462962962963 0.028432291666666668 0.1063148148148148
0 0.7727161458333334 0.5410046296296296 0.018072916666666668 0.07845833333333334
0 0.5974531249999999 0.5048194444444445 0.022953125 0.09541203703703705
0 0.5673619791666666 0.4470092592592592 0.017729166666666667 0.08215740740740742
0 0.6140703125000001 0.5013194444444444 0.021117187500000002 0.08097685185185186
0 0.6853932291666667 0.45673148148148146 0.018559895833333333 0.06062499999999999
0 0.7737708333333334 0.4868657407407408 0.018057291666666666 0.07512500000000001
0 0.8979348958333334 0.5639861111111111 0.0163125 0.0816111111111111
0 0.7487786458333333 0.5369166666666667 0.03647135416666667 0.08435648148148149
0 0.7343984375 0.4983796296296296 0.025815104166666665 0.08312037037037037
0 0.7397395833333333 0.49038425925925927 0.02178645833333333 0.07693518518518519
0 0.7587526041666667 0.5913425925925926 0.038773437499999994 0.09186574074074075
