0 0.70703125 0.6847222222222222 0.03984375 0.14444444444444443
0 0.495703125 0.6333333333333333 0.04453125 0.14375
0 0.286328125 0.6111111111111112 0.03515625 0.12291666666666666
0 0.226953125 0.5229166666666667 0.03671875 0.1
0 0.29375 0.46944444444444444 0.02578125 0.07430555555555556
1 0.30078125 0.4652777777777778 0.00859375 0.019444444444444445
0 0.2703125 0.43472222222222223 0.0328125 0.06736111111111111
0 0.371484375 0.4465277777777778 0.022265625 0.07916666666666666
0 0.412109375 0.47638888888888886 0.0203125 0.08125
0 0.4765625 0.5166666666666667 0.031640625 0.10486111111111111
0 0.5359375 0.5659722222222222 0.0453125 0.12083333333333333
0 0.5796875 0.5298611111111111 0.022265625 0.11388888888888889
0 0.532421875 0.4930555555555556 0.026953125 0.09236111111111112
