1 0.6137343749999999 0.4651342592592593 0.005338541666666667 0.01100925925925926
0 0.6211328125000001 0.43441203703703707 0.009609375 0.05943518518518518
0 0.6411510416666667 0.4769583333333333 0.02219270833333333 0.07195833333333333
0 0.6495963541666666 0.48732870370370374 0.0216953125 0.0805
0 0.707171875 0.5029212962962962 0.0178828125 0.08591666666666667
0 0.7081822916666667 0.5732916666666666 0.024479166666666666 0.09566666666666666
0 0.7458723958333333 0.5679675925925926 0.023450520833333332 0.09655092592592593
0 0.8941979166666666 0.5589166666666666 0.014908854166666667 0.10082407407407408
0 0.8629114583333333 0.5981435185185185 0.021429687500000003 0.09314351851851851
0 0.8147916666666667 0.547087962962963 0.01853125 0.08462499999999999
0 0.7791614583333334 0.5531203703703704 0.026880208333333332 0.08719907407407407
0 0.7697994791666667 0.5249953703703704 0.026919270833333335 0.08650462962962963
0 0.6150130208333333 0.4701898148148148 0.024822916666666663 0.06434259259259259
