0 0.8884635416666666 0.5640092592592593 0.019770833333333335 0.0845787037037037
0 0.5775208333333333 0.44231018518518517 0.017872395833333332 0.08159259259259259
1 0.6193932291666666 0.49292592592592593 0.020166666666666666 0.030986111111111114
0 0.6179322916666667 0.5251296296296296 0.024356770833333333 0.1150787037037037
0 0.7207343749999999 0.6139259259259259 0.03701041666666667 0.13099537037037037
0 0.6464010416666667 0.47387500000000005 0.0148671875 0.07021296296296296
0 0.6491666666666667 0.48920370370370375 0.026411458333333335 0.09243055555555556
0 0.6748697916666667 0.5169768518518519 0.02119270833333333 0.11563888888888889
0 0.7321223958333333 0.5647824074074075 0.024989583333333332 0.10440740740740741
0 0.754265625 0.4946157407407407 0.022458333333333334 0.08498148148148148
0 0.7392395833333333 0.4731759259259259 0.026570312500000002 0.09411574074074074
0 0.7105338541666666 0.5067083333333333 0.026096354166666665 0.0922962962962963
0 0.6965364583333333 0.5004537037037037 0.017713541666666666 0.10368518518518519
