0 0.6279583333333334 0.5073425925925925 0.026348958333333335 0.09348611111111112
0 0.6032109375 0.49086574074074074 0.028208333333333332 0.08831944444444445
0 0.614078125 0.4409722222222222 0.01719270833333333 0.05998611111111111
0 0.5491744791666666 0.4351527777777778 0.0183828125 0.07480555555555556
0 0.44731770833333334 0.49516666666666664 0.044656249999999995 0.09030555555555556
0 0.4009505208333334 0.4971527777777777 0.03974479166666667 0.0810462962962963
1 0.3895234375 0.4868240740740741 0.010197916666666666 0.018046296296296296
0 0.40828125 0.4536805555555556 0.026869791666666667 0.07481018518518519
0 0.288078125 0.46062962962962967 0.0231484375 0.08209259259259259
0 0.3095494791666667 0.43885648148148143 0.017713541666666666 0.07162962962962963
0 0.25075260416666667 0.5366527777777778 0.027390625000000002 0.10447222222222222
0 0.24941145833333334 0.5142222222222222 0.025901041666666666 0.09215740740740741
0 0.09776302083333334 0.5250787037037037 0.025083333333333332 0.09058333333333334
