0 0.8946666666666666 0.5633564814814814 0.01778645833333333 0.08137962962962964
0 0.7782630208333334 0.5937407407407408 0.0257421875 0.11699537037037037
0 0.7369505208333333 0.5352407407407407 0.023809895833333334 0.09839351851851852
0 0.8136328125 0.531125 0.016872395833333335 0.08257870370370371
0 0.672390625 0.5600462962962963 0.025385416666666667 0.11822222222222223
0 0.5736302083333332 0.44286574074074075 0.015705729166666668 0.07390277777777778
0 0.6545286458333333 0.47787962962962965 0.022841145833333333 0.05774537037037037
0 0.6630546875000001 0.48266203703703703 0.026033854166666665 0.07777314814814815
0 0.5893385416666667 0.4957685185185185 0.028171875000000002 0.08675925925925926
0 0.6231119791666667 0.5100370370370371 0.025502604166666668 0.08065740740740741
0 0.7875208333333333 0.5644675925925926 0.015356770833333333 0.10299074074074074
0 0.78825 0.512800925925926 0.019330729166666668 0.06936574074074074
