0 0.6822942708333334 0.5876064814814815 0.030414062500000002 0.112125
1 0.6747213541666667 0.561337962962963 0.012299479166666665 0.024800925925925928
0 0.5682317708333334 0.4478425925925926 0.018130208333333335 0.0803287037037037
0 0.7078385416666666 0.5915046296296297 0.025760416666666668 0.08618518518518518
0 0.5977291666666668 0.5046851851851851 0.02138020833333333 0.09597222222222222
0 0.6583333333333333 0.4520925925925926 0.023997395833333334 0.06773611111111111
0 0.7902630208333333 0.5468703703703703 0.024578125 0.07597685185185186
0 0.9008828125 0.5648657407407407 0.0216796875 0.08562037037037037
0 0.6162552083333334 0.5017453703703704 0.025919270833333334 0.08693518518518518
0 0.7234713541666667 0.4973564814814815 0.017343749999999998 0.08514814814814814
0 0.749703125 0.5000046296296297 0.02003125 0.08201388888888889
0 0.7721458333333333 0.532712962962963 0.02415625 0.09160648148148148
0 0.7988645833333333 0.5088611111111112 0.028304687499999998 0.08609722222222223
