0 0.7145833333333333 0.4438518518518519 0.01816145833333333 0.05641203703703703
0 0.7268619791666667 0.5744722222222222 0.021338541666666665 0.09600925925925925
0 0.6896588541666666 0.5850648148148149 0.023455729166666665 0.10991666666666666
0 0.7723151041666667 0.4721296296296296 0.011299479166666666 0.03811574074074074
0 0.7771510416666667 0.49722222222222223 0.013848958333333333 0.07150925925925926
0 0.7152447916666667 0.49545370370370373 0.028859375 0.07266666666666667
0 0.7600286458333334 0.5150277777777778 0.0239375 0.07730555555555554
0 0.6285026041666666 0.44675462962962964 0.010682291666666668 0.07185648148148148
0 0.7611197916666667 0.5307175925925925 0.020247395833333334 0.07331018518518519
0 0.9058359374999999 0.5744212962962963 0.015080729166666666 0.076625
0 0.7289869791666667 0.4720648148148148 0.016169270833333336 0.07056018518518518
0 0.7768463541666667 0.5253842592592592 0.02521875 0.09815740740740742
1 0.7529010416666666 0.5188611111111111 0.005888020833333333 0.011342592592592593
