1 0.3912942708333333 0.6412268518518518 0.014140624999999999 0.025069444444444443
0 0.1769296875 0.5825648148148148 0.035955729166666665 0.11432407407407408
0 0.23793489583333333 0.53725 0.04286197916666667 0.11138425925925927
0 0.291703125 0.5472870370370371 0.03529947916666667 0.11002314814814815
0 0.2778359375 0.44992592592592595 0.021815104166666665 0.07705555555555556
0 0.7330963541666667 0.6453287037037038 0.04878125 0.12291666666666666
0 0.5922864583333334 0.5336435185185185 0.04012239583333333 0.11391666666666667
0 0.5416953125 0.49075925925925923 0.029927083333333333 0.09051388888888888
0 0.506453125 0.4435925925925926 0.037270833333333336 0.09751851851851852
0 0.4536145833333334 0.46620370370370373 0.036833333333333336 0.09596759259259259
0 0.38702083333333337 0.47614351851851855 0.03409114583333333 0.1041574074074074
0 0.416234375 0.4529490740740741 0.021265625 0.10063888888888889
0 0.35183072916666663 0.6152175925925926 0.05798958333333334 0.1347962962962963
