0 0.189546875 0.5342083333333334 0.029013020833333333 0.08852314814814816
0 0.3820104166666667 0.5052268518518518 0.039526041666666664 0.0972824074074074
0 0.36313020833333337 0.43172222222222223 0.025736979166666667 0.07196296296296296
0 0.477515625 0.4600092592592593 0.024971354166666668 0.08651388888888889
0 0.239421875 0.45016203703703705 0.019794270833333336 0.07819907407407407
0 0.4653177083333333 0.43047222222222226 0.0252734375 0.06480555555555555
0 0.2032421875 0.4951990740740741 0.024374999999999997 0.0792037037037037
0 0.7009375 0.5372037037037036 0.021 0.09600462962962963
0 0.5957161458333334 0.49318055555555557 0.019005208333333336 0.08857407407407407
0 0.37828385416666666 0.43885648148148143 0.023463541666666664 0.0747638888888889
1 0.2045546875 0.48337037037037034 0.008346354166666665 0.015222222222222224
0 0.7780390625 0.6501388888888888 0.0391484375 0.1125324074074074
0 0.43331250000000004 0.4960462962962963 0.038015625 0.0913425925925926
