0 0.5989401041666667 0.5220046296296296 0.0157578125 0.09124537037037037
0 0.6073802083333334 0.44222685185185184 0.01659375 0.06900462962962964
0 0.6395703125 0.48191203703703706 0.017958333333333333 0.08283796296296296
0 0.6617395833333333 0.45743518518518517 0.015143229166666666 0.054287037037037036
0 0.6584322916666667 0.49824537037037037 0.024388020833333336 0.07968055555555556
0 0.6730833333333333 0.5348518518518518 0.015106770833333333 0.08736111111111111
0 0.7055625 0.48328240740740747 0.0191953125 0.07718981481481481
0 0.7432031250000001 0.5793611111111111 0.0341640625 0.09347222222222222
0 0.7599374999999999 0.5657314814814814 0.027630208333333333 0.08967129629629629
0 0.7791145833333334 0.5316435185185184 0.01926302083333333 0.0775138888888889
1 0.8045963541666666 0.6127222222222223 0.006559895833333333 0.012944444444444444
0 0.8178802083333333 0.5727129629629629 0.02734375 0.0922037037037037
0 0.8938802083333334 0.5666157407407408 0.017304687500000002 0.074875
