0 0.7145442708333333 0.44280092592592596 0.011723958333333334 0.059439814814814806
0 0.6270651041666666 0.5691898148148148 0.029148437500000002 0.10881944444444445
0 0.7920312500000001 0.5038611111111111 0.013815104166666667 0.07447222222222223
0 0.7810833333333334 0.5219398148148149 0.024609375 0.06200462962962963
0 0.7558203124999999 0.4959722222222222 0.02165625 0.04637037037037037
0 0.7089739583333333 0.5147499999999999 0.024911458333333334 0.07871759259259259
0 0.6280755208333333 0.4462453703703704 0.011778645833333332 0.0724212962962963
0 0.9061510416666666 0.574050925925926 0.015080729166666666 0.07715740740740741
0 0.7065989583333334 0.4611064814814815 0.0168671875 0.06614814814814815
0 0.7426510416666667 0.5324259259259259 0.029729166666666664 0.06731481481481481
0 0.7078723958333334 0.5519259259259259 0.023585937499999998 0.09401388888888888
1 0.7610416666666667 0.5580185185185185 0.0057708333333333335 0.01074537037037037
0 0.7370572916666667 0.5098055555555556 0.021346354166666668 0.0780787037037037
