0 0.559765625 0.4361111111111111 0.0203125 0.08611111111111111
0 0.549609375 0.5034722222222222 0.023828125 0.10208333333333333
0 0.602734375 0.4625 0.022265625 0.08125
0 0.650390625 0.5104166666666666 0.02890625 0.09861111111111111
0 0.6578125 0.4486111111111111 0.020703125 0.07361111111111111
0 0.719140625 0.5013888888888889 0.021484375 0.08472222222222223
0 0.782421875 0.5048611111111111 0.041015625 0.10069444444444445
1 0.802734375 0.46319444444444446 0.01015625 0.01875
0 0.83359375 0.5965277777777778 0.02578125 0.11527777777777778
0 0.848046875 0.5368055555555555 0.02109375 0.09097222222222222
0 0.8625 0.6458333333333334 0.02109375 0.11736111111111111
0 0.8671875 0.5916666666666667 0.0203125 0.08611111111111111
0 0.88828125 0.5652777777777778 0.025390625 0.09791666666666667
