1 0.7184817708333333 0.5970462962962962 0.011151041666666667 0.02412962962962963
0 0.7286041666666667 0.6165972222222221 0.03139583333333333 0.12227777777777778
0 0.6458463541666667 0.46565277777777775 0.019453125 0.07766203703703704
0 0.5876041666666667 0.45391203703703703 0.026174479166666667 0.08089351851851852
0 0.9091822916666668 0.5941666666666667 0.02325 0.09288425925925926
0 0.7975208333333333 0.5360277777777778 0.024515625 0.09891203703703703
0 0.75046875 0.5809537037037037 0.039539062500000006 0.11143981481481482
0 0.7066588541666667 0.5047407407407407 0.032265625 0.09398148148148149
0 0.6913958333333333 0.5677361111111111 0.02957552083333333 0.1075
0 0.6835286458333333 0.4754953703703703 0.02032291666666667 0.08047685185185185
0 0.6747109375 0.5461527777777778 0.020877604166666668 0.11354166666666667
0 0.6833697916666667 0.49567129629629636 0.02316927083333333 0.08287037037037037
0 0.7825364583333333 0.5092407407407408 0.028546875000000003 0.09736111111111112
