0 0.9061432291666667 0.5757083333333333 0.020390625 0.08422222222222221
0 0.7595182291666667 0.5847731481481481 0.025187499999999998 0.09275462962962963
0 0.7361302083333333 0.5954351851851852 0.032984374999999996 0.10874537037037037
0 0.7064453125 0.5543888888888889 0.02458854166666667 0.08635648148148148
0 0.7416770833333334 0.4992175925925926 0.014692708333333334 0.082625
0 0.6975494791666667 0.5281435185185185 0.030125000000000002 0.08166203703703703
0 0.6832369791666667 0.495550925925926 0.016765625 0.0785138888888889
0 0.6987083333333334 0.46029166666666665 0.015265625 0.06373148148148149
0 0.6736953124999999 0.44575462962962964 0.018674479166666664 0.057916666666666665
0 0.6241484375 0.4870694444444444 0.021809895833333332 0.07415277777777778
0 0.7309427083333334 0.4699861111111111 0.016221354166666667 0.07148611111111111
0 0.5699661458333334 0.4302453703703704 0.008859375000000001 0.05985185185185185
1 0.6196458333333333 0.47108796296296296 0.005434895833333333 0.010819444444444446
