0 0.3281041666666667 0.5423796296296296 0.03638802083333333 0.06620833333333333
0 0.4732864583333333 0.5280740740740741 0.01623958333333333 0.08483333333333334
0 0.13949739583333332 0.48163888888888884 0.011348958333333332 0.07348148148148148
0 0.3204166666666667 0.4450324074074074 0.014513020833333333 0.06508333333333334
0 0.17024739583333334 0.5458611111111111 0.019630208333333333 0.09449074074074074
0 0.2813671875 0.5186574074074074 0.023072916666666665 0.08474537037037037
0 0.31197395833333336 0.5252083333333334 0.012497395833333334 0.10069907407407407
0 0.19620572916666665 0.5076157407407408 0.027078125 0.08203703703703703
1 0.33330989583333337 0.5361342592592593 0.0077109375 0.016310185185185185
0 0.1519765625 0.5244074074074074 0.021190104166666668 0.08422222222222221
0 0.28370052083333336 0.4610231481481481 0.014833333333333334 0.07471296296296297
