1 0.6221276041666666 0.48210185185185184 0.006875 0.012851851851851852
0 0.6200833333333333 0.43542592592592594 0.011669270833333334 0.06182870370370371
0 0.894421875 0.5586388888888889 0.015828125000000002 0.10118981481481482
0 0.8606484375 0.6302592592592592 0.018578125 0.09708333333333333
0 0.8180468750000001 0.5673194444444445 0.016710937500000002 0.09285185185185185
0 0.7999088541666667 0.5586388888888889 0.030776041666666667 0.08614814814814815
0 0.7904609375 0.5290231481481482 0.016533854166666667 0.0852175925925926
0 0.726546875 0.5616249999999999 0.0355 0.09371296296296296
0 0.6272213541666667 0.5025833333333333 0.0314453125 0.07191666666666667
0 0.6420989583333333 0.5043101851851851 0.027216145833333334 0.057185185185185186
0 0.6628802083333334 0.487537037037037 0.0274609375 0.07944444444444444
0 0.7242552083333333 0.5054027777777778 0.022455729166666667 0.07755555555555556
0 0.7271640625 0.5424166666666667 0.021927083333333333 0.08700462962962963
