0 0.24877604166666664 0.6453564814814815 0.025544270833333334 0.11360648148148147
0 0.3563776041666667 0.47771759259259255 0.022830729166666668 0.07996296296296296
0 0.3048828125 0.4366435185185185 0.0218359375 0.06726388888888889
0 0.1876953125 0.5626111111111111 0.0265390625 0.10629166666666667
0 0.16592447916666667 0.5105694444444444 0.025317708333333334 0.1082962962962963
0 0.2280677083333333 0.48182870370370373 0.024458333333333335 0.07334722222222223
1 0.15776562500000002 0.46305555555555555 0.006828125 0.012032407407407407
0 0.2810546875 0.5085879629629629 0.021565104166666668 0.0889537037037037
0 0.24459375 0.45949074074074076 0.018083333333333333 0.07301388888888889
0 0.20281770833333335 0.5163425925925925 0.029296875 0.09353703703703703
0 0.18719791666666669 0.4883657407407407 0.026630208333333336 0.07876388888888888
0 0.16992708333333334 0.5062175925925926 0.017768229166666667 0.10413888888888889
0 0.17648177083333336 0.4526481481481482 0.010986979166666666 0.06901851851851852
