0 0.16573958333333336 0.46624074074074073 0.0181015625 0.07361574074074073
1 0.17072395833333334 0.44363425925925926 0.005348958333333333 0.010685185185185185
0 0.1693984375 0.4799305555555556 0.03412760416666667 0.09218518518518519
0 0.18716666666666668 0.4896527777777778 0.01847135416666667 0.08246759259259259
0 0.18522135416666666 0.5283842592592592 0.014247395833333334 0.08865277777777779
0 0.21466927083333334 0.5439166666666666 0.0308984375 0.09793055555555556
0 0.21835416666666668 0.500625 0.026341145833333336 0.0814351851851852
0 0.23753125 0.47448148148148156 0.013833333333333333 0.06980092592592593
0 0.2758854166666667 0.47426388888888893 0.01896875 0.08114351851851852
0 0.2845833333333333 0.4657962962962963 0.019299479166666668 0.06509259259259259
0 0.27621614583333337 0.4586527777777778 0.0212890625 0.05905092592592592
0 0.3122916666666667 0.6170324074074074 0.023856770833333332 0.14814814814814814
0 0.18787239583333332 0.4350925925925926 0.018223958333333335 0.08025925925925927
