0 0.5673567708333334 0.44102314814814814 0.021614583333333333 0.06968055555555555
1 0.6158958333333333 0.4668425925925926 0.004807291666666667 0.010175925925925927
0 0.6226822916666667 0.4817268518518518 0.017044270833333333 0.07465277777777778
0 0.5910859375 0.5612916666666667 0.0228203125 0.10516666666666666
0 0.6589010416666666 0.5059259259259259 0.0189921875 0.07635648148148148
0 0.6617005208333333 0.48541666666666666 0.030171875 0.07252777777777777
0 0.6903177083333334 0.4811388888888889 0.014190104166666667 0.07182407407407407
0 0.6723255208333333 0.5431574074074074 0.013380208333333334 0.10086111111111112
0 0.7358880208333333 0.46984722222222225 0.026789062500000002 0.06689814814814815
0 0.7410130208333333 0.4768287037037037 0.0213828125 0.0642824074074074
0 0.7649739583333334 0.5340555555555555 0.011911458333333335 0.08563425925925926
0 0.7547499999999999 0.6124768518518519 0.02733333333333333 0.11578703703703704
0 0.8912265625 0.5629398148148148 0.015471354166666666 0.07580555555555556
