0 0.2633802083333333 0.50525 0.024515625 0.08428703703703704
0 0.1670859375 0.5083564814814815 0.016635416666666666 0.07458333333333333
0 0.35982552083333336 0.6551388888888888 0.022567708333333332 0.1215462962962963
0 0.17501562499999998 0.44881481481481483 0.011463541666666667 0.06364351851851852
0 0.3393619791666667 0.45185185185185184 0.015625 0.07314814814814814
0 0.27231510416666665 0.46346296296296297 0.017466145833333332 0.07691203703703703
0 0.19624479166666667 0.5536944444444445 0.0191484375 0.09727777777777778
1 0.18180208333333334 0.45505555555555555 0.0063515625000000004 0.010907407407407407
0 0.14437239583333333 0.4561851851851852 0.009888020833333334 0.057310185185185186
0 0.22540624999999997 0.46585648148148145 0.020468749999999997 0.06891203703703704
