0 0.5777317708333333 0.5003425925925926 0.02721875 0.08734722222222221
0 0.6060260416666666 0.44450925925925927 0.0196875 0.06720833333333333
0 0.6315052083333333 0.4525694444444444 0.0153828125 0.07371759259259258
0 0.6835234375 0.5073935185185185 0.023893229166666665 0.08452777777777779
0 0.7073515625 0.4828333333333334 0.0211875 0.06425925925925927
0 0.71025 0.6418888888888888 0.03985416666666666 0.11374074074074074
0 0.8131380208333333 0.6328796296296296 0.020091145833333334 0.11363425925925925
0 0.8947057291666667 0.569050925925926 0.020046875000000002 0.07241666666666666
0 0.7707109375000001 0.48442129629629627 0.023661458333333333 0.07043055555555555
0 0.7770520833333333 0.4820972222222222 0.0167578125 0.05383796296296296
0 0.7728333333333333 0.5377268518518519 0.03797916666666667 0.07157407407407407
1 0.7885807291666667 0.41491203703703705 0.007075520833333334 0.012634259259259258
0 0.7746562499999999 0.5482685185185185 0.014796875 0.09281944444444445
