0 0.3393541666666666 0.6552638888888889 0.02209895833333333 0.11605092592592592
0 0.3063125 0.49892592592592594 0.017828124999999997 0.08651851851851852
0 0.29510677083333337 0.4443935185185185 0.015338541666666667 0.07040277777777777
0 0.36550520833333333 0.4562175925925926 0.011588541666666667 0.07535185185185185
0 0.20153645833333333 0.5744305555555556 0.021281249999999998 0.10837962962962963
0 0.2182734375 0.5242685185185185 0.017734375 0.0927037037037037
0 0.19828125 0.48289351851851847 0.016033854166666667 0.07767129629629631
0 0.18178645833333332 0.49476851851851855 0.015109375000000001 0.08397685185185184
0 0.18045052083333332 0.4419490740740741 0.012049479166666667 0.04846759259259259
1 0.1574921875 0.4345231481481482 0.006169270833333334 0.012375
0 0.16527864583333332 0.48718981481481477 0.022145833333333333 0.11112037037037037
0 0.17142968749999998 0.4883148148148148 0.017447916666666667 0.08421296296296296
0 0.17885416666666665 0.44352777777777774 0.015598958333333333 0.0577962962962963
