0 0.690640625 0.6074444444444445 0.04147395833333333 0.1260138888888889
0 0.5912604166666667 0.5047361111111112 0.030153645833333336 0.10218055555555557
0 0.5144713541666667 0.5593055555555555 0.039570312499999996 0.08188888888888889
1 0.5031979166666667 0.5481064814814816 0.011046875000000001 0.01988888888888889
0 0.5170078124999999 0.4439398148148148 0.019651041666666664 0.0771712962962963
0 0.4438411458333333 0.5250138888888889 0.0303359375 0.08768518518518519
0 0.4213854166666666 0.4771944444444444 0.023997395833333334 0.0944212962962963
0 0.39698177083333336 0.5047268518518518 0.031151041666666667 0.09057407407407407
0 0.4113776041666667 0.548287037037037 0.0219140625 0.10331481481481482
0 0.3483984375 0.555050925925926 0.03178385416666667 0.12553703703703706
0 0.30054166666666665 0.49063425925925924 0.028432291666666668 0.09618981481481483
0 0.3243567708333333 0.4518240740740741 0.019015624999999998 0.07458796296296297
0 0.23828906249999998 0.44022685185185184 0.023091145833333333 0.0707175925925926
