0 0.26938541666666665 0.6625509259259259 0.03174739583333333 0.11487499999999999
0 0.13414583333333333 0.5388518518518519 0.021513020833333334 0.059828703703703696
0 0.2434609375 0.5700925925925926 0.03315885416666667 0.10262037037037038
0 0.183125 0.5096990740740741 0.017544270833333334 0.08694907407407408
0 0.3496692708333333 0.4905277777777778 0.0174921875 0.08351851851851852
0 0.35024479166666667 0.45292592592592595 0.013210937499999999 0.07517129629629629
0 0.25479166666666664 0.5243657407407408 0.0214609375 0.08657407407407407
1 0.124484375 0.5692638888888888 0.005117187499999999 0.010708333333333334
0 0.17915625000000002 0.5248796296296296 0.021721354166666665 0.08499537037037037
0 0.1662578125 0.523625 0.0193203125 0.081375
0 0.16448177083333335 0.5131805555555555 0.024125 0.08054166666666666
0 0.23233854166666665 0.4530185185185185 0.0171796875 0.06830092592592593
0 0.16957291666666666 0.45784722222222224 0.013627604166666666 0.0686712962962963
