0 0.8946666666666666 0.5633564814814814 0.01778645833333333 0.08137962962962964
0 0.7746510416666667 0.5827916666666666 0.021856770833333334 0.1075925925925926
0 0.7436015625 0.5358148148148147 0.023809895833333334 0.09839351851851852
0 0.8266484374999999 0.57975 0.0201015625 0.11275462962962964
0 0.6686770833333333 0.5535462962962964 0.0326484375 0.11133796296296297
0 0.5867395833333333 0.4396712962962963 0.016098958333333333 0.07390277777777778
1 0.6140416666666667 0.4676805555555556 0.0057005208333333335 0.01150462962962963
0 0.6324140625 0.46243981481481483 0.019609375 0.06611111111111112
0 0.6582916666666667 0.4837824074074074 0.01747395833333333 0.0770324074074074
0 0.6203515625 0.4743981481481482 0.02429947916666667 0.07414351851851853
0 0.6726432291666666 0.4900509259259259 0.018320312499999998 0.06664814814814815
0 0.7880416666666666 0.5579907407407407 0.015356770833333333 0.10299074074074074
0 0.8112109375000001 0.5510046296296297 0.018682291666666666 0.08694444444444445
