0 0.6048151041666666 0.44404166666666667 0.027390625000000002 0.07706944444444444
0 0.89528125 0.565962962962963 0.021317708333333334 0.08700462962962963
0 0.7639010416666667 0.5940231481481482 0.02802083333333333 0.12176388888888888
0 0.7126953125 0.48582870370370373 0.018596354166666666 0.10778703703703703
1 0.7134244791666667 0.44117129629629626 0.0105625 0.01622222222222222
0 0.6751848958333333 0.4866712962962963 0.013156250000000001 0.08810648148148148
0 0.6928333333333333 0.4703611111111111 0.01935677083333333 0.08922222222222222
0 0.7497942708333334 0.5454351851851852 0.03687760416666667 0.09206018518518519
0 0.7318619791666666 0.5017453703703704 0.015182291666666665 0.11825
0 0.7491640625 0.4946527777777778 0.03055208333333333 0.07483333333333332
0 0.7345182291666668 0.49634259259259256 0.01796354166666667 0.0939537037037037
0 0.6641171875 0.4880740740740741 0.02264583333333333 0.0807962962962963
0 0.6271744791666667 0.47356944444444443 0.019609375 0.0900138888888889
