0 0.518359375 0.63125 0.053515625 0.14791666666666667
0 0.168359375 0.45902777777777776 0.019921875 0.07013888888888889
0 0.215234375 0.49583333333333335 0.029296875 0.08958333333333333
0 0.190625 0.5618055555555556 0.0265625 0.09166666666666666
1 0.183984375 0.5548611111111111 0.008984375 0.019444444444444445
0 0.248046875 0.45555555555555555 0.0265625 0.06875
0 0.279296875 0.5166666666666667 0.021484375 0.09791666666666667
0 0.294140625 0.5368055555555555 0.02109375 0.10277777777777777
0 0.330078125 0.49930555555555556 0.026953125 0.09166666666666666
0 0.33984375 0.45 0.01796875 0.07916666666666666
0 0.430859375 0.49236111111111114 0.037109375 0.1
0 0.392578125 0.43333333333333335 0.01953125 0.0763888888888889
0 0.211328125 0.5465277777777777 0.027734375 0.09236111111111112
