0 0.6726119791666666 0.5346157407407407 0.022440104166666665 0.08685185185185185
0 0.6520729166666667 0.555699074074074 0.022903645833333333 0.10385185185185185
0 0.5889895833333333 0.44025000000000003 0.021351562499999997 0.07417592592592592
0 0.7803333333333333 0.6330833333333333 0.03503645833333333 0.11531944444444445
0 0.6737552083333332 0.54075 0.031091145833333333 0.10302777777777777
0 0.7611380208333334 0.5097592592592592 0.014002604166666667 0.07370833333333333
0 0.7305598958333334 0.5057916666666666 0.022841145833333333 0.07347685185185185
0 0.7516197916666666 0.5848888888888888 0.03924479166666666 0.10392592592592592
1 0.6642421875 0.5302824074074074 0.00703125 0.01499537037037037
0 0.8931770833333333 0.5611666666666666 0.020700520833333333 0.07685648148148148
0 0.7126328125000001 0.47511574074074076 0.013796874999999998 0.07546296296296297
0 0.7281484375 0.5170185185185185 0.018963541666666663 0.09028240740740741
0 0.7116770833333333 0.4435138888888889 0.016213541666666668 0.0665462962962963
