0 0.1857734375 0.48233796296296294 0.018520833333333334 0.07903703703703703
0 0.1910234375 0.45358333333333334 0.012432291666666668 0.07013888888888889
0 0.28286458333333336 0.43289814814814814 0.016518229166666665 0.07285185185185186
0 0.27656770833333333 0.46519444444444447 0.018361979166666667 0.07853703703703703
0 0.21898958333333332 0.511824074074074 0.030151041666666666 0.09181944444444445
0 0.25425000000000003 0.5315324074074074 0.0391875 0.09785185185185186
0 0.5760703125000001 0.49868981481481484 0.020234375000000002 0.09588888888888888
0 0.7003567708333333 0.5549027777777777 0.029322916666666664 0.10085185185185186
0 0.38591145833333335 0.43912962962962965 0.017651041666666666 0.0714212962962963
0 0.33982552083333334 0.45890740740740743 0.02273958333333333 0.08074074074074074
0 0.6789322916666667 0.6668888888888889 0.03378645833333334 0.12343518518518519
1 0.15125520833333334 0.4823194444444444 0.0080859375 0.013962962962962963
0 0.11580989583333333 0.5200462962962963 0.0207265625 0.08240277777777778
