0 0.27878125 0.48308333333333336 0.015645833333333335 0.07801388888888888
1 0.29222135416666667 0.49493518518518514 0.0068203125 0.011523148148148149
0 0.2911432291666667 0.4361203703703704 0.013489583333333333 0.06852777777777778
0 0.38394531249999997 0.44431944444444443 0.024973958333333334 0.07352314814814814
0 0.4374296875 0.4878796296296296 0.0127890625 0.08625462962962963
0 0.5882057291666667 0.5620879629629629 0.03370052083333333 0.10187962962962963
0 0.6614739583333333 0.5470277777777778 0.024572916666666667 0.09812962962962964
0 0.6081666666666667 0.47759259259259257 0.021062499999999998 0.08114814814814815
0 0.7812812499999999 0.5963657407407408 0.025677083333333333 0.11000462962962963
0 0.7774973958333333 0.5859768518518519 0.017703125 0.08780555555555555
0 0.7895078125 0.49937500000000007 0.020059895833333334 0.0657638888888889
0 0.7086145833333333 0.48328703703703707 0.014041666666666668 0.08206481481481481
0 0.6903619791666666 0.4659537037037037 0.016447916666666666 0.08018055555555556
