0 0.29432552083333335 0.43920833333333337 0.020091145833333334 0.06908796296296296
0 0.34345312499999997 0.48214351851851855 0.025666666666666667 0.0869212962962963
0 0.3961223958333333 0.56475 0.0346640625 0.11549999999999999
0 0.4195260416666667 0.4949537037037037 0.01834635416666667 0.0932361111111111
0 0.4384088541666667 0.49553240740740734 0.015966145833333334 0.09307407407407407
0 0.39095572916666665 0.47282870370370367 0.016666666666666666 0.08617592592592592
0 0.47980208333333335 0.543212962962963 0.025114583333333333 0.10597222222222223
0 0.5243098958333333 0.4860787037037037 0.014588541666666668 0.09093981481481482
0 0.6032083333333333 0.44195833333333334 0.024372395833333334 0.06661111111111111
0 0.6250104166666667 0.49034259259259266 0.017208333333333332 0.07837962962962963
1 0.613 0.475337962962963 0.005802083333333334 0.010722222222222222
0 0.6634010416666667 0.5668055555555556 0.0227421875 0.09690277777777778
0 0.7313645833333333 0.6354583333333333 0.03586458333333333 0.10518981481481482
