0 0.333796875 0.5423425925925927 0.028088541666666668 0.11488888888888889
0 0.29307031250000004 0.4782638888888889 0.02519270833333333 0.08397685185185184
0 0.47944010416666666 0.5423703703703704 0.032502604166666664 0.1056388888888889
0 0.10746354166666668 0.5191388888888888 0.021736979166666667 0.08606944444444445
0 0.1694869791666667 0.47931018518518514 0.023903645833333334 0.09166203703703704
0 0.51234375 0.5018287037037037 0.0220078125 0.09913425925925926
0 0.17159114583333332 0.511550925925926 0.019856770833333332 0.08341203703703703
0 0.6222473958333333 0.6919675925925927 0.042815104166666666 0.1356712962962963
1 0.1585390625 0.44004166666666666 0.00828125 0.01574074074074074
0 0.15884114583333334 0.4666296296296296 0.015747395833333334 0.07250925925925926
0 0.24421874999999998 0.4931898148148148 0.021809895833333332 0.08975462962962963
0 0.18226302083333332 0.4799953703703704 0.018187500000000002 0.11216203703703705
0 0.4403385416666667 0.5722499999999999 0.028559895833333335 0.11798148148148148
