0 0.25991145833333335 0.6328518518518519 0.027687499999999997 0.11171759259259259
0 0.3140833333333333 0.5562314814814815 0.03394791666666667 0.10572685185185185
0 0.13603385416666666 0.5898333333333333 0.0211875 0.09074537037037037
1 0.12821093749999998 0.5673611111111111 0.006981770833333333 0.014981481481481481
0 0.18864322916666668 0.5436064814814815 0.02335416666666667 0.08731944444444445
0 0.2674947916666667 0.43531018518518516 0.014927083333333334 0.06762962962962964
0 0.23318489583333332 0.45885185185185184 0.01709375 0.07191203703703704
0 0.28398697916666665 0.5138564814814816 0.019984375 0.08945833333333333
0 0.16829687499999998 0.5806296296296297 0.023596354166666667 0.10230092592592592
0 0.15361197916666666 0.5575138888888889 0.029854166666666668 0.08945833333333333
0 0.21356250000000002 0.486462962962963 0.026966145833333333 0.0757638888888889
0 0.24715104166666665 0.47512037037037036 0.02335416666666667 0.07533333333333334
0 0.16841927083333333 0.4545740740740741 0.015169270833333333 0.06848611111111111
