0 0.2581041666666667 0.6345601851851852 0.026484375 0.11000462962962963
0 0.13759895833333333 0.5996759259259259 0.020466145833333334 0.10187037037037036
0 0.1900885416666667 0.556875 0.022872395833333333 0.09502314814814815
0 0.32395572916666665 0.5397546296296296 0.030096354166666665 0.09160185185185186
0 0.2777291666666667 0.4385231481481482 0.020947916666666667 0.062064814814814816
0 0.23836197916666665 0.4590694444444445 0.019260416666666665 0.07062500000000001
0 0.172390625 0.5891898148148148 0.02841145833333333 0.10914814814814815
0 0.2896458333333333 0.5082916666666667 0.02070572916666667 0.08945833333333333
0 0.216453125 0.4856064814814815 0.022151041666666666 0.08089814814814815
0 0.15638020833333333 0.5583703703703703 0.03154166666666667 0.08261111111111111
0 0.25786458333333334 0.47405092592592596 0.024557291666666665 0.06805555555555555
1 0.13049739583333334 0.5795601851851852 0.007223958333333333 0.01112962962962963
0 0.16661197916666665 0.45543055555555556 0.0173359375 0.06591666666666667
