0 0.27491145833333336 0.677125 0.028315104166666667 0.12176851851851851
0 0.297703125 0.6172407407407408 0.038117187500000003 0.12204629629629629
0 0.33027864583333333 0.48711111111111116 0.016856770833333333 0.08745833333333333
0 0.29171093750000004 0.47190740740740744 0.015705729166666668 0.07868518518518519
0 0.3105833333333334 0.4883564814814814 0.0258203125 0.09198611111111112
0 0.2594765625 0.47958333333333336 0.0308359375 0.07619907407407407
0 0.22617447916666666 0.4596296296296296 0.018502604166666665 0.05938888888888889
0 0.22415885416666667 0.5121851851851852 0.03716927083333333 0.08380092592592592
0 0.1909375 0.5214675925925926 0.026643229166666667 0.08102314814814815
0 0.19003385416666668 0.5075787037037036 0.035359375 0.07839351851851853
0 0.15047395833333335 0.4636388888888889 0.0169765625 0.06893518518518518
1 0.17874479166666665 0.5048703703703704 0.006393229166666667 0.012925925925925928
0 0.25394791666666666 0.5844074074074074 0.022830729166666668 0.11437962962962964
