0 0.48841666666666667 0.6296157407407408 0.042567708333333336 0.1328148148148148
0 0.4426015625 0.539162037037037 0.025713541666666666 0.10619907407407407
0 0.5162864583333333 0.4377638888888889 0.023690104166666667 0.07393055555555555
0 0.6508229166666666 0.6163842592592593 0.040802083333333336 0.12523148148148147
0 0.671859375 0.5441203703703703 0.028377604166666667 0.1131111111111111
0 0.7108046874999999 0.5144953703703703 0.022265625 0.09133796296296295
0 0.7918203125000001 0.5888472222222223 0.025708333333333333 0.10483796296296295
0 0.906734375 0.6298240740740741 0.0334375 0.10480092592592592
1 0.9249401041666666 0.6351898148148148 0.00703125 0.01499537037037037
0 0.8930677083333334 0.5789120370370371 0.017315104166666664 0.08315740740740742
0 0.6842942708333334 0.4484675925925926 0.014453125 0.07064351851851852
0 0.6809999999999999 0.48139351851851847 0.018674479166666664 0.08412962962962962
0 0.6585416666666667 0.45488425925925924 0.01639322916666667 0.07308333333333333
