0 0.8961197916666667 0.5596574074074073 0.01935677083333333 0.07667592592592593
0 0.8148828125 0.6065324074074073 0.023111979166666668 0.114375
0 0.7092421874999999 0.6074861111111112 0.036947916666666664 0.10521296296296295
0 0.6887447916666667 0.462837962962963 0.022528645833333336 0.07227777777777777
0 0.688875 0.5431574074074074 0.0275078125 0.08189351851851852
0 0.7637473958333333 0.47705092592592596 0.020466145833333334 0.06713888888888889
1 0.6862499999999999 0.5240370370370371 0.011770833333333335 0.019416666666666665
0 0.6128046875000001 0.4485185185185185 0.0234296875 0.07755555555555556
0 0.7940286458333333 0.5794398148148148 0.026494791666666666 0.09293055555555554
0 0.7280260416666666 0.5268935185185185 0.03764322916666667 0.09038425925925926
0 0.7614791666666666 0.49874537037037037 0.021700520833333334 0.07681481481481481
0 0.7336432291666667 0.4935277777777778 0.016322916666666666 0.0818611111111111
0 0.7127447916666667 0.5626851851851852 0.046427083333333334 0.0880925925925926
