0 0.8946666666666666 0.5633564814814814 0.01778645833333333 0.08137962962962964
0 0.77825 0.5839953703703704 0.03008854166666667 0.111375
0 0.7230026041666666 0.5149444444444444 0.02169010416666667 0.09391666666666668
0 0.746 0.46973611111111113 0.0211875 0.07827314814814815
0 0.7041875 0.5476249999999999 0.022591145833333333 0.11425925925925927
0 0.5408463541666666 0.44169444444444445 0.011856770833333334 0.07475462962962963
0 0.6305729166666667 0.463037037037037 0.01680989583333333 0.07282407407407408
0 0.6474114583333334 0.4659814814814815 0.014028645833333332 0.08034722222222222
0 0.5748932291666667 0.5176435185185184 0.017718750000000002 0.09273611111111112
0 0.6215078125000001 0.5316481481481481 0.018804687499999997 0.09671296296296296
0 0.7805442708333333 0.5529398148148148 0.026859375 0.08790277777777777
0 0.7542552083333334 0.48542129629629627 0.016919270833333333 0.07141666666666666
1 0.5747005208333333 0.5143055555555556 0.008346354166666665 0.015222222222222224
