0 0.5967005208333334 0.4504907407407407 0.025247395833333335 0.06964351851851852
0 0.6101822916666666 0.4875324074074074 0.01992447916666667 0.07899999999999999
0 0.6960885416666667 0.5268796296296296 0.02364583333333333 0.09581018518518518
0 0.7534244791666667 0.5154814814814815 0.023588541666666667 0.07789351851851851
0 0.7679088541666667 0.504175925925926 0.0172890625 0.07890277777777778
0 0.7872890625 0.5493750000000001 0.021927083333333333 0.08991203703703704
0 0.7954765625 0.5198472222222221 0.015859375 0.08581944444444445
1 0.8027942708333333 0.4781388888888889 0.005763020833333333 0.010712962962962964
0 0.8059869791666666 0.5149444444444444 0.0181015625 0.0707037037037037
0 0.7999973958333333 0.6363842592592592 0.03354947916666667 0.11028703703703703
0 0.8586614583333334 0.5806574074074075 0.020815104166666668 0.07300462962962963
0 0.9094765625 0.6070694444444444 0.016411458333333333 0.08344444444444445
0 0.7023489583333333 0.4688101851851852 0.011799479166666666 0.05338425925925926
