0 0.3238203125 0.5181990740740741 0.024244791666666664 0.09826851851851852
1 0.33998958333333335 0.5190833333333333 0.009932291666666667 0.017097222222222222
0 0.3566067708333333 0.42892592592592593 0.016122395833333334 0.0699675925925926
0 0.38915104166666664 0.43022222222222223 0.022385416666666665 0.07737962962962962
0 0.4378984375 0.5074537037037037 0.025901041666666666 0.09841203703703703
0 0.452171875 0.4531203703703704 0.020638020833333333 0.07629166666666666
0 0.58721875 0.4608935185185185 0.013518229166666666 0.08342592592592592
0 0.6908723958333333 0.49953703703703706 0.02475 0.08388425925925926
0 0.6526979166666667 0.593962962962963 0.025197916666666667 0.1150925925925926
0 0.6904583333333334 0.5545138888888889 0.021307291666666665 0.10227777777777777
0 0.6672447916666666 0.6275740740740741 0.034578125 0.13124537037037037
0 0.7107473958333334 0.6167314814814815 0.029216145833333332 0.11957870370370371
0 0.8802473958333333 0.5684490740740741 0.017330729166666666 0.08108333333333333
