0 0.8946666666666666 0.5633564814814814 0.01778645833333333 0.08137962962962964
0 0.7800911458333334 0.5878888888888889 0.03008854166666667 0.10453240740740741
0 0.7372291666666667 0.5304305555555555 0.024388020833333336 0.10050925925925926
0 0.7823307291666667 0.49999074074074074 0.018127604166666665 0.0545
0 0.6886302083333333 0.5586342592592592 0.030770833333333334 0.11695370370370371
0 0.5657135416666667 0.4433194444444445 0.015140625 0.07475462962962963
0 0.6559296875 0.47500462962962964 0.017804687500000003 0.07627777777777778
0 0.6663046875 0.4857314814814815 0.017916666666666668 0.0822962962962963
0 0.5724895833333333 0.5095 0.024075520833333332 0.09363425925925926
0 0.6202864583333334 0.5251388888888888 0.026677083333333334 0.0994074074074074
0 0.7857291666666666 0.5578009259259259 0.020286458333333333 0.09018518518518519
0 0.7623385416666667 0.4945231481481482 0.023661458333333333 0.07650925925925925
1 0.568 0.5009305555555555 0.008346354166666665 0.015222222222222224
