1 0.8075885416666666 0.6141203703703704 0.006776041666666666 0.013601851851851851
0 0.8669401041666667 0.551462962962963 0.015776041666666667 0.08057870370370371
0 0.8233854166666668 0.5336296296296297 0.0147109375 0.08608333333333333
0 0.9272578125000001 0.6247685185185186 0.0180234375 0.10615277777777778
0 0.7407395833333333 0.5903935185185185 0.0294921875 0.0996574074074074
0 0.7513151041666667 0.5067916666666668 0.023802083333333335 0.06834722222222223
0 0.7415729166666666 0.49295370370370367 0.0124921875 0.07700925925925926
0 0.5925052083333333 0.5670925925925926 0.0279375 0.10551851851851851
0 0.478109375 0.4849166666666667 0.017796875 0.09190740740740741
0 0.42790625000000004 0.49244444444444446 0.012140624999999999 0.08672222222222221
0 0.23658854166666668 0.5044305555555555 0.020765625 0.09333333333333334
0 0.22519791666666666 0.5091203703703704 0.020203125 0.08564814814814815
0 0.18541927083333334 0.4523888888888889 0.011044270833333333 0.0692037037037037
