0 0.7145520833333333 0.4437916666666667 0.014869791666666667 0.05541666666666667
0 0.7613020833333334 0.5950277777777778 0.026989583333333334 0.09497222222222222
0 0.7363958333333334 0.6122361111111111 0.025023437500000002 0.11404166666666667
0 0.7897864583333334 0.492337962962963 0.014567708333333334 0.06725925925925925
0 0.7878541666666667 0.5099953703703703 0.018002604166666665 0.07353240740740741
0 0.7229140624999999 0.47698148148148145 0.023049479166666668 0.0674537037037037
0 0.7751484375000001 0.5132083333333333 0.017781250000000002 0.08199537037037037
0 0.6163411458333333 0.44616666666666666 0.011932291666666667 0.07197685185185185
0 0.7364427083333334 0.5326203703703704 0.017875 0.06482407407407408
0 0.90678125 0.5775370370370371 0.015786458333333333 0.07359722222222222
0 0.7206796875 0.471212962962963 0.010208333333333335 0.07069907407407408
0 0.7335546875 0.5203009259259259 0.0176640625 0.06679166666666667
1 0.7438229166666667 0.5313333333333333 0.005466145833333333 0.012212962962962962
