0 0.3994505208333334 0.4715787037037037 0.013247395833333333 0.07458333333333333
0 0.45920572916666663 0.47625 0.020317708333333333 0.0950462962962963
0 0.4961302083333334 0.4121898148148148 0.013856770833333334 0.07038425925925926
0 0.0846796875 0.5332175925925926 0.019026041666666667 0.08299537037037037
0 0.3237578125 0.4639074074074074 0.014924479166666667 0.0720462962962963
0 0.1841875 0.5630833333333334 0.015940104166666667 0.09977777777777778
0 0.2680703125 0.511962962962963 0.0147421875 0.09129629629629629
0 0.2898619791666667 0.5096111111111111 0.0147421875 0.09969907407407406
0 0.29875260416666666 0.48083796296296294 0.015861979166666665 0.08602777777777777
1 0.45718229166666663 0.41210185185185183 0.005919270833333334 0.01148611111111111
0 0.41503385416666666 0.41172685185185187 0.0147109375 0.06218055555555556
0 0.4009765625 0.42788425925925927 0.021557291666666666 0.05766203703703703
