0 0.8905260416666666 0.5757037037037037 0.020085937499999998 0.09233333333333334
0 0.5937421875 0.4397962962962963 0.022804687499999997 0.07344444444444444
1 0.8164609375 0.4642824074074074 0.0114375 0.014546296296296297
0 0.5793411458333334 0.495412037037037 0.025385416666666667 0.09416666666666666
0 0.6457682291666667 0.5954212962962963 0.03759114583333333 0.13920833333333332
0 0.573796875 0.4822037037037037 0.024757812499999997 0.08883333333333333
0 0.7675026041666667 0.5106018518518519 0.019528645833333334 0.09851388888888889
0 0.7997213541666667 0.4877222222222222 0.03654427083333334 0.08375
0 0.7647473958333334 0.48964351851851856 0.024479166666666666 0.09379166666666666
0 0.6285416666666667 0.5037824074074074 0.0268515625 0.09726851851851852
0 0.6320989583333334 0.46843981481481484 0.021411458333333334 0.09354166666666668
0 0.8012578124999999 0.5313703703703704 0.04965625 0.07681944444444445
0 0.7879010416666666 0.5067546296296296 0.02015625 0.07941666666666666
