0 0.3203125 0.4326388888888889 0.017578125 0.07083333333333333
0 0.33359375 0.4708333333333333 0.032421875 0.07916666666666666
1 0.343359375 0.4736111111111111 0.0125 0.022222222222222223
0 0.44453125 0.46597222222222223 0.019140625 0.08819444444444445
0 0.415625 0.43125 0.029296875 0.07777777777777778
0 0.3625 0.6215277777777778 0.05390625 0.14791666666666667
0 0.28515625 0.5284722222222222 0.02890625 0.09861111111111111
0 0.53046875 0.5222222222222223 0.035546875 0.10138888888888889
0 0.56328125 0.47847222222222224 0.0265625 0.09097222222222222
0 0.579296875 0.6375 0.048046875 0.13958333333333334
0 0.607421875 0.5701388888888889 0.023828125 0.10972222222222222
0 0.60234375 0.54375 0.02109375 0.11805555555555555
0 0.76796875 0.6777777777777778 0.051953125 0.14027777777777778
