0 0.6198984375 0.543412037037037 0.038966145833333334 0.09970370370370371
0 0.5889895833333333 0.44025000000000003 0.021351562499999997 0.07417592592592592
0 0.743671875 0.6341712962962963 0.037908854166666665 0.11612037037037037
0 0.6547109375000001 0.5450925925925927 0.031091145833333333 0.10704166666666667
0 0.7182786458333333 0.489337962962963 0.028044270833333333 0.07370833333333333
0 0.6879817708333333 0.49176851851851855 0.0278125 0.06801388888888889
0 0.7489947916666666 0.5841435185185185 0.03616927083333333 0.11318055555555555
1 0.6331536458333333 0.5832407407407407 0.00703125 0.01499537037037037
0 0.8931770833333333 0.5611666666666666 0.020700520833333333 0.07685648148148148
0 0.71759375 0.47713888888888883 0.013796874999999998 0.07546296296296297
0 0.7239921875 0.5161574074074075 0.018963541666666663 0.09028240740740741
0 0.707890625 0.4488888888888889 0.016213541666666668 0.0665462962962963
0 0.6528489583333333 0.5265231481481482 0.033317708333333335 0.07548148148148148
