0 0.8127526041666666 0.5476620370370371 0.018570312500000002 0.08510648148148149
0 0.7706197916666666 0.5952546296296296 0.03496614583333334 0.10298611111111111
0 0.7659661458333333 0.5385740740740741 0.022916666666666665 0.08863425925925926
0 0.7591223958333334 0.5257962962962963 0.022497395833333333 0.08409722222222223
0 0.6980390624999999 0.5051157407407407 0.023411458333333336 0.08478703703703704
0 0.6523229166666666 0.49263888888888885 0.017997395833333332 0.08696296296296296
0 0.6227343750000001 0.46576851851851847 0.02059114583333333 0.07237500000000001
0 0.6546276041666667 0.4669537037037037 0.01895052083333333 0.07406944444444445
0 0.7326796874999999 0.596587962962963 0.03138020833333333 0.10275925925925926
0 0.8588697916666667 0.5832499999999999 0.016549479166666665 0.08631944444444443
0 0.8943880208333332 0.5657268518518519 0.0152890625 0.08720833333333333
1 0.6265078125 0.4594537037037037 0.00571875 0.010986111111111111
0 0.6200078125 0.43531018518518516 0.0114765625 0.06171296296296297
