0 0.15549479166666666 0.45382407407407405 0.011057291666666667 0.06606481481481481
0 0.31623697916666665 0.6719861111111111 0.025291666666666667 0.11969444444444445
1 0.35525 0.48643981481481485 0.0060651041666666666 0.012324074074074074
0 0.32173958333333336 0.5048333333333334 0.025052083333333332 0.07822222222222222
0 0.3670234375 0.4996481481481482 0.023302083333333334 0.09275925925925926
0 0.337046875 0.44127314814814816 0.023317708333333336 0.0636712962962963
0 0.31040625 0.45514351851851853 0.016015625 0.06680092592592592
0 0.2681145833333333 0.47026388888888887 0.0166328125 0.07820833333333334
0 0.2593958333333333 0.4801481481481481 0.020528645833333335 0.08739814814814816
0 0.23279427083333332 0.45949537037037036 0.015367187499999999 0.07344444444444444
0 0.22229427083333334 0.4409027777777778 0.013088541666666667 0.06206018518518519
0 0.22870833333333335 0.5446851851851852 0.03622135416666667 0.08900462962962963
0 0.19231510416666667 0.5362314814814815 0.017716145833333332 0.088875
