0 0.9114765625000001 0.6008472222222222 0.01992708333333333 0.09640277777777777
1 0.725953125 0.6310046296296297 0.012653645833333334 0.025967592592592594
0 0.585546875 0.45060648148148147 0.0252265625 0.084125
0 0.648140625 0.4626296296296296 0.021510416666666664 0.07020833333333333
0 0.7380130208333333 0.6181435185185186 0.023328124999999998 0.12256018518518519
0 0.675421875 0.5626018518518519 0.02071875 0.11551388888888889
0 0.6828567708333334 0.5060046296296297 0.022932291666666667 0.0768287037037037
0 0.7015182291666666 0.5072731481481482 0.031473958333333336 0.0934212962962963
0 0.6875208333333334 0.5686481481481481 0.027520833333333335 0.1135462962962963
0 0.6813541666666667 0.4742314814814814 0.021510416666666664 0.08637962962962964
0 0.7604322916666667 0.5912175925925925 0.04365104166666667 0.11228703703703703
0 0.8078802083333334 0.5423518518518519 0.022776041666666667 0.09188425925925926
0 0.7900104166666666 0.5193657407407407 0.020559895833333335 0.08948611111111111
