0 0.5100520833333333 0.42880555555555555 0.012424479166666667 0.060194444444444446
0 0.8829609375 0.5643796296296296 0.0245390625 0.08393981481481481
0 0.7451979166666667 0.6430694444444445 0.021744791666666666 0.12756481481481483
0 0.7431796875 0.6323009259259259 0.033859375000000004 0.0982962962962963
0 0.5460651041666666 0.5459537037037037 0.019294270833333335 0.09218518518518519
1 0.552296875 0.5350555555555556 0.007638020833333333 0.013935185185185186
0 0.6017369791666667 0.5370231481481481 0.023315104166666666 0.08718055555555555
0 0.6430729166666667 0.4772407407407407 0.0208671875 0.08074074074074074
0 0.6490859375 0.44363425925925926 0.013257812499999999 0.06939351851851851
0 0.6668854166666667 0.49622685185185184 0.013502604166666666 0.08816203703703704
0 0.722734375 0.4842222222222223 0.021604166666666664 0.07113888888888889
0 0.7081276041666666 0.47200462962962964 0.014973958333333334 0.06939351851851851
0 0.7156171874999999 0.4484351851851852 0.011291666666666667 0.05542592592592593
