0 0.6142239583333333 0.4838888888888889 0.017361979166666666 0.08340277777777778
0 0.5977213541666667 0.4449768518518518 0.012028645833333332 0.07214814814814816
0 0.6477890625 0.44551851851851854 0.014140624999999999 0.0713425925925926
0 0.6712343749999999 0.5022962962962964 0.019679687499999998 0.08410185185185184
0 0.6994947916666666 0.47686574074074073 0.013559895833333334 0.07556018518518519
0 0.6973671874999999 0.5583055555555556 0.028721354166666668 0.10201388888888889
0 0.7337291666666667 0.5580092592592593 0.03159635416666667 0.10643518518518519
0 0.7624192708333334 0.5338888888888889 0.024489583333333335 0.08380555555555556
0 0.7876796875000001 0.5769490740740741 0.036984375 0.11925462962962961
0 0.7906718749999999 0.5902546296296296 0.022994791666666667 0.1317222222222222
0 0.7365260416666667 0.49323611111111115 0.015651041666666667 0.07367592592592592
1 0.8015833333333333 0.5079074074074074 0.007466145833333334 0.0135
0 0.8933385416666667 0.5663935185185186 0.017317708333333334 0.07593981481481482
