0 0.61603125 0.5077592592592592 0.02871875 0.08934722222222223
0 0.6519296874999999 0.46614814814814814 0.0252734375 0.04493055555555556
0 0.662125 0.5172037037037037 0.020966145833333335 0.08373148148148149
0 0.6937161458333333 0.5616249999999999 0.03015625 0.10211111111111111
0 0.7411041666666667 0.46844444444444444 0.016945312499999997 0.07505555555555556
0 0.6861067708333334 0.4791666666666667 0.018955729166666668 0.07709722222222222
0 0.733078125 0.5333564814814815 0.02334375 0.09327314814814815
0 0.7629791666666667 0.5571666666666667 0.019341145833333333 0.09623611111111112
0 0.7664817708333334 0.5777175925925926 0.023898437499999998 0.09347222222222222
0 0.5969114583333333 0.4330648148148148 0.013783854166666666 0.05908796296296296
1 0.6080260416666667 0.5171481481481481 0.00578125 0.011064814814814814
0 0.9069270833333333 0.5841388888888889 0.0195625 0.08694907407407408
0 0.7606953125 0.49184259259259266 0.017565104166666668 0.08882407407407408
