0 0.5986640624999999 0.5228287037037037 0.03386458333333333 0.08254166666666667
0 0.6269166666666667 0.4462083333333333 0.012546875 0.07057407407407407
0 0.6507109375 0.45949074074074076 0.0141171875 0.060500000000000005
0 0.7292630208333333 0.5374675925925926 0.015596354166666666 0.0837962962962963
0 0.8223697916666667 0.5696527777777778 0.0198828125 0.10185648148148148
1 0.8216171875 0.5249768518518518 0.005328125 0.011560185185185185
0 0.8125625 0.5469490740740741 0.034726562499999995 0.1039074074074074
0 0.751421875 0.54425 0.028093749999999997 0.09088425925925926
0 0.7417578125 0.4982268518518519 0.01819270833333333 0.06589814814814815
0 0.6973125 0.4991296296296296 0.020700520833333333 0.08505555555555555
0 0.6729244791666668 0.538375 0.018059895833333332 0.08962962962962963
0 0.6673229166666667 0.4763703703703704 0.018981770833333335 0.07762962962962963
0 0.8933932291666667 0.5664583333333333 0.017531249999999998 0.07511574074074075
