0 0.49140625 0.4375 0.0234375 0.08541666666666667
0 0.58515625 0.47430555555555554 0.027734375 0.07708333333333334
0 0.62734375 0.49236111111111114 0.03515625 0.08194444444444444
1 0.632421875 0.5645833333333333 0.008984375 0.021527777777777778
0 0.68671875 0.6326388888888889 0.042578125 0.13541666666666666
0 0.68203125 0.5263888888888889 0.026171875 0.10277777777777777
0 0.770703125 0.5916666666666667 0.033203125 0.10902777777777778
0 0.80546875 0.6472222222222223 0.03046875 0.12569444444444444
0 0.904296875 0.61875 0.025 0.11319444444444444
0 0.714453125 0.5916666666666667 0.039453125 0.10347222222222222
0 0.6796875 0.46458333333333335 0.024609375 0.07430555555555556
0 0.616015625 0.4326388888888889 0.027734375 0.075
0 0.625 0.5534722222222223 0.028125 0.10347222222222222
