1 0.7637161458333334 0.6137083333333333 0.0122578125 0.022305555555555554
0 0.7526822916666667 0.6286898148148148 0.03131510416666667 0.11834722222222221
0 0.6281718749999999 0.4487777777777778 0.013997395833333334 0.07765740740740741
0 0.5991093749999999 0.5050231481481481 0.0278359375 0.0945462962962963
0 0.6705182291666667 0.5728657407407408 0.02672916666666667 0.10511111111111111
0 0.6167838541666666 0.5862962962962963 0.04357291666666666 0.11650462962962964
0 0.6213307291666667 0.5169027777777778 0.026411458333333335 0.08316203703703703
0 0.5583828125 0.4520138888888889 0.0238828125 0.08131481481481481
0 0.6492473958333334 0.4670601851851852 0.020559895833333335 0.09172222222222222
0 0.7559661458333333 0.5786990740740741 0.04815885416666667 0.09006944444444445
0 0.7879921875 0.5335648148148148 0.028390625 0.09820833333333333
0 0.8034531250000001 0.5429166666666667 0.018979166666666665 0.09863425925925927
0 0.9110026041666667 0.6141342592592592 0.0253046875 0.1047037037037037
