1 0.76075 0.6639027777777777 0.015815104166666667 0.018666666666666668
0 0.5668463541666667 0.4521527777777778 0.017713541666666666 0.0787824074074074
0 0.912109375 0.6096342592592592 0.024356770833333333 0.09570370370370371
0 0.7544244791666667 0.6312916666666666 0.0316328125 0.11539351851851852
0 0.6355260416666667 0.4525046296296296 0.017635416666666667 0.0780787037037037
0 0.6192760416666666 0.5035462962962963 0.028627604166666668 0.098625
0 0.6344583333333333 0.5742037037037037 0.027361979166666665 0.13168518518518518
0 0.6418515625 0.5164120370370371 0.0329765625 0.09201851851851851
0 0.6732864583333333 0.5756064814814814 0.029416666666666664 0.09512962962962962
0 0.7584947916666667 0.5921296296296297 0.04689322916666667 0.09583796296296296
0 0.799578125 0.5470648148148148 0.025463541666666666 0.09146296296296297
0 0.8061822916666667 0.5456620370370371 0.019375 0.09427314814814815
0 0.6590911458333333 0.4674814814814815 0.023802083333333335 0.08412962962962962
