0 0.37733333333333335 0.6632407407407407 0.029927083333333333 0.11925
0 0.40134895833333334 0.44007407407407406 0.014341145833333334 0.06894444444444443
1 0.38503385416666663 0.4371759259259259 0.005260416666666667 0.01061574074074074
0 0.3601640625 0.492 0.021236979166666666 0.08245833333333334
0 0.35103385416666666 0.44928240740740744 0.013283854166666666 0.06680092592592592
0 0.311375 0.49366203703703704 0.031776041666666664 0.0753888888888889
0 0.23495833333333332 0.6097083333333333 0.032703125 0.11786574074074074
0 0.25186197916666664 0.5490879629629629 0.0241953125 0.09765277777777778
0 0.2846953125 0.4731712962962963 0.016080729166666665 0.07906018518518519
0 0.294875 0.46439814814814817 0.012528645833333333 0.08030092592592591
0 0.15955208333333332 0.4570462962962963 0.015018229166666668 0.0670324074074074
0 0.2707239583333333 0.4432592592592593 0.0112421875 0.06732407407407406
0 0.26952864583333336 0.43775462962962963 0.012437499999999999 0.06404166666666668
