0 0.33196875 0.6439444444444444 0.01959375 0.11947222222222223
0 0.33924479166666666 0.4588842592592593 0.014729166666666666 0.07658796296296297
0 0.21097395833333332 0.5048101851851853 0.01680989583333333 0.09087962962962963
0 0.1871640625 0.53125 0.0277734375 0.09118055555555556
0 0.16835677083333334 0.5338981481481482 0.0171484375 0.09168055555555556
0 0.14772395833333332 0.5623842592592593 0.02434375 0.10007407407407408
0 0.15275520833333334 0.5003148148148149 0.011695312499999999 0.07288888888888889
1 0.15095572916666666 0.45253703703703707 0.004609375 0.009722222222222222
0 0.1537682291666667 0.45908333333333334 0.010570312500000002 0.06259259259259259
0 0.16270572916666665 0.5142592592592592 0.018890625 0.08658333333333333
0 0.17754947916666666 0.5248518518518519 0.016192708333333333 0.09297685185185185
0 0.1846328125 0.4795740740740741 0.015518229166666668 0.0412037037037037
0 0.19255989583333333 0.48357407407407405 0.01484375 0.07778703703703704
