0 0.3426328125 0.610662037037037 0.023731770833333332 0.1428333333333333
0 0.1893359375 0.4352638888888889 0.0151796875 0.08306481481481481
0 0.15996875 0.46729166666666666 0.015838541666666667 0.07391203703703704
0 0.1653802083333333 0.4709305555555556 0.03722135416666667 0.06335185185185185
0 0.16419270833333333 0.5137546296296297 0.0213828125 0.09033796296296297
0 0.1680859375 0.5261898148148147 0.026528645833333333 0.08987037037037038
0 0.22972395833333334 0.5424953703703703 0.03708854166666666 0.09198148148148148
0 0.22173958333333335 0.5325231481481482 0.025606770833333334 0.08517592592592592
0 0.22985677083333333 0.47350925925925924 0.0151796875 0.0811851851851852
0 0.29578385416666664 0.4852453703703704 0.022174479166666667 0.07602314814814815
0 0.2604765625 0.4715185185185185 0.02468229166666667 0.0814212962962963
0 0.31551562499999997 0.48770833333333335 0.0201953125 0.07297222222222223
1 0.1660390625 0.44746759259259256 0.005544270833333333 0.010791666666666666
