0 0.2564192708333333 0.6392685185185185 0.0250390625 0.11171759259259259
0 0.3427369791666666 0.5219907407407407 0.017575520833333334 0.08860185185185185
0 0.15505468749999998 0.5979675925925926 0.02841145833333333 0.10272685185185185
0 0.19442187500000002 0.5821296296296297 0.025763020833333334 0.10358333333333333
0 0.24317708333333332 0.45842592592592596 0.0173359375 0.07276388888888888
0 0.29229427083333337 0.4365972222222222 0.016372395833333334 0.06677314814814814
0 0.1623984375 0.5436064814814815 0.03828125 0.0967361111111111
0 0.19755208333333335 0.5906898148148149 0.025281249999999998 0.1095787037037037
0 0.22126822916666666 0.4817546296296296 0.023114583333333334 0.08261111111111111
1 0.14313802083333332 0.5851249999999999 0.006500000000000001 0.013699074074074074
0 0.29390104166666664 0.4994814814814815 0.01778645833333333 0.08071759259259259
0 0.2650520833333333 0.4672175925925926 0.014750000000000001 0.07634722222222222
0 0.16202343749999998 0.4557777777777778 0.015182291666666665 0.06786574074074074
