1 0.535546875 0.5263888888888889 0.011328125 0.02361111111111111
0 0.460546875 0.425 0.016796875 0.07152777777777777
0 0.495703125 0.475 0.03046875 0.08263888888888889
0 0.55 0.48680555555555555 0.023046875 0.08402777777777778
0 0.55546875 0.42916666666666664 0.02265625 0.07222222222222222
0 0.646484375 0.46458333333333335 0.02421875 0.08263888888888889
0 0.6078125 0.63125 0.04453125 0.13472222222222222
0 0.664453125 0.5569444444444445 0.026171875 0.10902777777777778
0 0.63984375 0.5215277777777778 0.02890625 0.10069444444444445
0 0.523046875 0.5479166666666667 0.029296875 0.11041666666666666
0 0.8921875 0.6416666666666667 0.03046875 0.12013888888888889
0 0.760546875 0.6368055555555555 0.037109375 0.12222222222222222
0 0.749609375 0.5763888888888888 0.029296875 0.10902777777777778
