0 0.5388723958333334 0.49682407407407414 0.019161458333333332 0.09826851851851852
0 0.5612291666666667 0.478287037037037 0.018786458333333332 0.09793055555555556
0 0.670984375 0.5978703703703704 0.045744791666666666 0.15007407407407408
0 0.759984375 0.504587962962963 0.021791666666666668 0.09877314814814815
0 0.8141328125 0.5068425925925926 0.027708333333333335 0.0915925925925926
1 0.7693776041666667 0.4307638888888889 0.014276041666666666 0.02459722222222222
0 0.8894661458333334 0.5721435185185185 0.024328125 0.098625
0 0.605421875 0.442712962962963 0.0198203125 0.076875
0 0.7812994791666666 0.4961851851851852 0.014385416666666668 0.09344907407407407
0 0.7973359375 0.5341435185185185 0.0287734375 0.09075925925925926
0 0.7878307291666666 0.5194166666666666 0.020854166666666667 0.07890277777777778
0 0.6132786458333332 0.512375 0.032072916666666666 0.08829166666666667
0 0.6244973958333334 0.4710740740740741 0.02547395833333333 0.07607407407407407
