0 0.8951770833333333 0.5668009259259259 0.016851562499999997 0.08466203703703704
1 0.6565755208333334 0.38119444444444445 0.006104166666666667 0.011287037037037036
0 0.6205546875 0.43524999999999997 0.0122109375 0.06121759259259259
0 0.8535364583333334 0.5956712962962963 0.019536458333333333 0.09725462962962962
0 0.7862552083333333 0.5648472222222222 0.026130208333333335 0.09117592592592592
0 0.7440052083333334 0.6115185185185186 0.0339453125 0.1115787037037037
0 0.6287369791666666 0.4656388888888889 0.019294270833333335 0.10029166666666667
0 0.651203125 0.4836574074074074 0.03883072916666667 0.09117592592592592
0 0.7994427083333334 0.539449074074074 0.013919270833333334 0.08813425925925926
0 0.7431510416666666 0.4971157407407407 0.018559895833333333 0.08249074074074074
0 0.7336276041666667 0.47606018518518517 0.03028385416666667 0.06468981481481481
0 0.7794166666666666 0.556162037037037 0.020757812499999997 0.08683333333333333
0 0.759390625 0.5885092592592593 0.030526041666666667 0.10029166666666667
