1 0.5528411458333333 0.5257453703703703 0.006833333333333333 0.013342592592592593
0 0.552640625 0.524699074074074 0.023 0.08800000000000001
0 0.5494583333333334 0.4416851851851852 0.012403645833333334 0.07264814814814814
0 0.5999869791666667 0.5316944444444445 0.01690364583333333 0.0890462962962963
0 0.6898802083333333 0.5879074074074074 0.03492708333333334 0.0849074074074074
0 0.6931901041666666 0.5697962962962962 0.030432291666666667 0.08670833333333333
0 0.7548619791666666 0.5722499999999999 0.027096354166666666 0.10133333333333333
0 0.7736380208333333 0.5507592592592593 0.013546875000000002 0.09468981481481481
0 0.7044895833333332 0.4857546296296296 0.01573958333333333 0.07859722222222222
0 0.6739296874999999 0.47663425925925923 0.023494791666666667 0.0750138888888889
0 0.6994817708333334 0.4500185185185185 0.015286458333333334 0.06398148148148147
0 0.7028541666666667 0.4568425925925926 0.013536458333333333 0.06147222222222222
0 0.8921432291666667 0.5689583333333333 0.017442708333333334 0.07858796296296296
