0 0.8342447916666667 0.6378287037037037 0.032359375 0.10995833333333332
1 0.5854114583333333 0.6398796296296296 0.015557291666666667 0.02525925925925926
0 0.37516927083333335 0.44908796296296294 0.0309453125 0.08778240740740742
0 0.6398020833333333 0.490912037037037 0.02694791666666667 0.09835185185185186
0 0.6505364583333333 0.565412037037037 0.04750260416666666 0.105875
0 0.5645338541666667 0.4930925925925926 0.024364583333333335 0.09737962962962964
0 0.5561067708333333 0.6096296296296296 0.045890625 0.13613425925925926
0 0.36247656250000004 0.5184074074074074 0.030588541666666667 0.09929166666666667
0 0.6202161458333334 0.4612777777777778 0.0265859375 0.09172685185185185
0 0.5101432291666667 0.47871759259259256 0.03571354166666666 0.09926388888888889
0 0.4062291666666667 0.5647731481481482 0.04136458333333334 0.12999074074074074
0 0.30763281249999996 0.5955416666666666 0.042643229166666664 0.12824537037037037
0 0.5018854166666666 0.44780555555555557 0.026229166666666668 0.08121759259259259
