0 0.8237708333333333 0.6453935185185184 0.043393229166666665 0.11514814814814815
0 0.8874609375 0.5667129629629629 0.024395833333333335 0.0932361111111111
0 0.7705807291666668 0.5836944444444444 0.03579427083333333 0.10053703703703704
0 0.6683463541666667 0.5190740740740741 0.022895833333333334 0.09607407407407408
0 0.6952317708333333 0.48150925925925925 0.017395833333333333 0.07303703703703704
0 0.7426015625000001 0.5025092592592593 0.022911458333333336 0.08660185185185185
0 0.6583385416666666 0.4446898148148148 0.018796875 0.07122222222222223
0 0.6304869791666667 0.46490740740740744 0.0188203125 0.076125
0 0.587765625 0.5120092592592593 0.022205729166666667 0.1014537037037037
0 0.5547708333333333 0.4335324074074074 0.014489583333333333 0.07469907407407407
0 0.7587265625 0.522787037037037 0.04094791666666667 0.09529166666666668
0 0.7660494791666667 0.5381898148148149 0.03291666666666667 0.09081944444444444
1 0.7755 0.5189953703703704 0.010236979166666667 0.017152777777777777
