0 0.2646354166666667 0.43680555555555556 0.027768229166666665 0.07126851851851852
0 0.34965104166666666 0.453037037037037 0.022880208333333332 0.07519907407407407
0 0.3143151041666667 0.49124999999999996 0.024171875 0.09258333333333332
0 0.39559374999999997 0.5709861111111111 0.03561197916666667 0.1280601851851852
0 0.4229010416666667 0.501587962962963 0.024908854166666668 0.10341666666666667
0 0.44651822916666667 0.4947777777777778 0.0217734375 0.0966851851851852
0 0.4561588541666667 0.5508055555555555 0.03773177083333333 0.11131481481481481
0 0.469859375 0.5116759259259259 0.024723958333333334 0.08718055555555555
0 0.5825963541666667 0.5503055555555556 0.03819270833333333 0.09457407407407407
1 0.5557968750000001 0.575398148148148 0.010609375 0.020759259259259262
0 0.5551979166666666 0.45064814814814813 0.022140625 0.07631944444444444
0 0.6284479166666667 0.5060185185185185 0.028046875000000002 0.10243055555555555
0 0.7254557291666667 0.6039629629629629 0.04548177083333334 0.125125
