0 0.47870052083333337 0.6615324074074075 0.025106770833333333 0.12034722222222222
0 0.4141223958333333 0.44077314814814816 0.023205729166666668 0.06240740740740741
1 0.40533854166666666 0.4298240740740741 0.004893229166666666 0.009027777777777777
0 0.3224609375 0.5076435185185185 0.017052083333333336 0.09108333333333334
0 0.3011770833333333 0.46612962962962967 0.014276041666666666 0.08200925925925925
0 0.28625520833333334 0.47250925925925924 0.0180234375 0.07961111111111112
0 0.3399010416666667 0.4788287037037037 0.0248046875 0.07708796296296296
0 0.3535494791666667 0.44262500000000005 0.015609375 0.05105092592592592
0 0.35927864583333335 0.46850462962962963 0.020494791666666668 0.061300925925925925
0 0.351234375 0.4977407407407407 0.02429947916666667 0.09056018518518519
0 0.27629166666666666 0.5551203703703703 0.016609375 0.10438888888888888
0 0.30725260416666667 0.6146435185185186 0.03228125 0.1190925925925926
0 0.16020052083333333 0.46362037037037035 0.010200520833333334 0.07115277777777777
