0 0.5828125 0.5111111111111111 0.02109375 0.10208333333333333
0 0.5578125 0.4340277777777778 0.015234375 0.07708333333333334
0 0.6265625 0.4652777777777778 0.01953125 0.075
0 0.658984375 0.4444444444444444 0.020703125 0.06736111111111111
0 0.66796875 0.5145833333333333 0.019921875 0.09236111111111112
0 0.6953125 0.4826388888888889 0.019140625 0.0763888888888889
0 0.7453125 0.5013888888888889 0.0203125 0.08888888888888889
0 0.78359375 0.5840277777777778 0.02421875 0.1
1 0.789453125 0.5118055555555555 0.006640625 0.014583333333333334
0 0.887890625 0.5659722222222222 0.026953125 0.09236111111111112
0 0.8453125 0.6458333333333334 0.030859375 0.12569444444444444
0 0.78515625 0.5326388888888889 0.021484375 0.0875
0 0.771484375 0.51875 0.03359375 0.10902777777777778
