0 0.35994010416666666 0.4800740740740741 0.020138020833333332 0.07473148148148148
0 0.2856328125 0.438162037037037 0.0194453125 0.06441666666666666
0 0.21597135416666668 0.5297638888888889 0.026388020833333335 0.09263425925925926
0 0.17248177083333335 0.5164953703703704 0.03177083333333333 0.09756481481481481
1 0.16000520833333332 0.4726712962962963 0.006815104166666667 0.012375
0 0.21903125 0.462587962962963 0.020703125 0.06263425925925925
0 0.26569010416666666 0.6403287037037036 0.025044270833333333 0.11379166666666667
0 0.2821171875 0.49997685185185187 0.023872395833333334 0.08122222222222222
0 0.2319869791666667 0.45799999999999996 0.019096354166666666 0.06641203703703703
0 0.19876302083333333 0.5 0.021744791666666666 0.08194444444444444
0 0.17864583333333334 0.5068703703703703 0.022481770833333335 0.10678240740740741
0 0.17845052083333332 0.4908194444444445 0.020703125 0.07715277777777778
0 0.18647916666666667 0.4480092592592593 0.0159296875 0.06555555555555555
