0 0.6048255208333334 0.5254212962962963 0.01737239583333333 0.09393055555555554
0 0.6003567708333333 0.44254166666666667 0.014981770833333333 0.06850925925925926
0 0.6281588541666667 0.4831435185185185 0.024367187499999998 0.07045833333333333
0 0.6520260416666667 0.4829490740740741 0.0248046875 0.07414351851851853
0 0.6557916666666667 0.44911574074074073 0.009846354166666666 0.049569444444444444
0 0.6652734375 0.5305555555555556 0.02247135416666667 0.08611111111111111
0 0.6844140625 0.48511111111111105 0.021450520833333334 0.06953703703703704
0 0.7374401041666666 0.5837268518518518 0.028356770833333333 0.08585648148148148
0 0.754265625 0.5643611111111111 0.0288125 0.08280555555555556
0 0.7728177083333333 0.5158055555555556 0.023140625 0.08369907407407406
0 0.8042708333333334 0.5451944444444444 0.0205390625 0.09232407407407407
0 0.8936067708333333 0.5662499999999999 0.016645833333333335 0.07530092592592592
