0 0.20850520833333333 0.4928101851851852 0.018721354166666666 0.08231944444444445
0 0.24871875000000002 0.4507916666666667 0.0201171875 0.07695833333333332
0 0.37870312500000003 0.428462962962963 0.01953125 0.08287962962962964
0 0.39773697916666667 0.43926388888888884 0.022828124999999998 0.07119907407407407
0 0.41378125000000004 0.5067638888888888 0.024197916666666666 0.10139814814814815
0 0.45905989583333334 0.4978287037037037 0.024447916666666666 0.09184722222222222
0 0.6023723958333334 0.49259722222222224 0.0245078125 0.08774537037037038
0 0.689171875 0.5370601851851852 0.026078125 0.09531018518518519
0 0.4814739583333333 0.4305185185185185 0.021778645833333332 0.06345833333333332
0 0.5012578125 0.46375925925925926 0.032263020833333336 0.08400925925925927
0 0.7970651041666666 0.6444629629629629 0.026393229166666664 0.10503240740740741
0 0.20763020833333332 0.5405555555555556 0.025888020833333334 0.0912037037037037
1 0.20915625 0.4806296296296297 0.0080859375 0.013962962962962963
