0 0.5760703125000001 0.4908935185185185 0.016169270833333336 0.08153703703703703
0 0.7809453125 0.4988425925925926 0.0281640625 0.0760324074074074
0 0.9071015625 0.6287962962962963 0.01648697916666667 0.08756944444444445
0 0.5557968750000001 0.4520648148148148 0.0155625 0.07350925925925926
0 0.740109375 0.510337962962963 0.030013020833333334 0.07754166666666668
0 0.7620442708333334 0.5439490740740741 0.0198359375 0.07827314814814815
0 0.7388333333333333 0.6352314814814815 0.04005729166666667 0.11337499999999999
0 0.6774635416666667 0.5368148148148149 0.020510416666666666 0.10226388888888888
1 0.8068880208333333 0.46055555555555555 0.006244791666666667 0.014189814814814815
0 0.79375 0.5076296296296297 0.026369791666666666 0.08290277777777777
0 0.658125 0.47930555555555554 0.015721354166666666 0.08104166666666668
