0 0.29504427083333334 0.686037037037037 0.031802083333333335 0.12525462962962963
0 0.2952291666666667 0.6150972222222222 0.029 0.11507407407407408
0 0.26665625 0.5920277777777778 0.030096354166666665 0.1053287037037037
0 0.32696875 0.494875 0.025466145833333335 0.09644444444444444
0 0.34408854166666664 0.49206018518518513 0.016815104166666664 0.09168055555555556
0 0.29748697916666667 0.464337962962963 0.014330729166666667 0.07878703703703704
0 0.21515885416666666 0.4896527777777778 0.024291666666666666 0.07521296296296297
1 0.23735416666666667 0.47665277777777776 0.0076302083333333335 0.014833333333333334
0 0.23618489583333335 0.4431481481481482 0.01614322916666667 0.057824074074074076
0 0.14997135416666665 0.46236574074074077 0.012177083333333333 0.06734722222222222
0 0.2566796875 0.5032314814814814 0.028580729166666666 0.07694907407407407
0 0.28513020833333336 0.4883842592592593 0.030013020833333334 0.0749675925925926
0 0.27219270833333337 0.47282870370370367 0.02587760416666667 0.07176388888888889
