0 0.4954296875 0.4554583333333333 0.014 0.07564814814814814
0 0.5118385416666666 0.4933333333333333 0.017901041666666666 0.08666203703703704
0 0.5879583333333334 0.45562037037037034 0.027533854166666667 0.07041203703703704
0 0.6131953125 0.47625925925925927 0.0201328125 0.07858333333333334
0 0.6132500000000001 0.5577592592592593 0.025739583333333333 0.1109861111111111
0 0.6344088541666667 0.6342175925925926 0.04152083333333333 0.11968055555555555
0 0.7267421875 0.5570092592592593 0.030278645833333333 0.09769444444444444
0 0.710890625 0.5075092592592593 0.02165885416666667 0.07544444444444445
0 0.7210833333333333 0.5214351851851852 0.027505208333333333 0.07237962962962963
1 0.7339192708333333 0.5162222222222222 0.0034557291666666664 0.01239814814814815
0 0.7391276041666667 0.520162037037037 0.03071875 0.06718055555555556
0 0.8870234375 0.6551666666666667 0.019028645833333333 0.09625925925925925
0 0.6425104166666666 0.5035231481481481 0.017130208333333334 0.08706944444444444
