0 0.4469296875 0.4939861111111111 0.036234375 0.07555555555555556
0 0.4184453125 0.439412037037037 0.019874999999999997 0.06248611111111111
1 0.416984375 0.42830092592592595 0.0049713541666666665 0.009782407407407406
0 0.3956484375 0.6193703703703703 0.0310703125 0.11952777777777777
0 0.3860651041666667 0.5072731481481482 0.026221354166666665 0.09590277777777778
0 0.3937213541666667 0.4870648148148148 0.011000000000000001 0.08720370370370371
0 0.36532812499999995 0.44937037037037036 0.025341145833333335 0.06695370370370371
0 0.31995833333333334 0.5536435185185185 0.030976562500000002 0.10856481481481481
0 0.32585156249999997 0.5129583333333333 0.01678125 0.09049537037037036
0 0.28895052083333334 0.4733472222222222 0.013713541666666666 0.08055555555555556
0 0.2973411458333333 0.47002777777777777 0.017744791666666666 0.08418981481481481
0 0.177109375 0.46512037037037035 0.020494791666666668 0.06981018518518518
0 0.5301536458333334 0.6518888888888889 0.02158854166666667 0.11393518518518518
