0 0.7976015625 0.6308703703703704 0.028346354166666664 0.11173148148148149
0 0.6126171874999999 0.6052314814814814 0.028888020833333337 0.1279074074074074
0 0.5676328125 0.5190509259259259 0.034151041666666666 0.10236111111111111
0 0.5392760416666668 0.566375 0.0384453125 0.11236574074074074
0 0.4504739583333333 0.5861666666666666 0.04014583333333333 0.13078703703703703
0 0.42032291666666666 0.45905555555555555 0.02745833333333333 0.08553703703703704
0 0.45526302083333337 0.4887268518518519 0.03484375 0.09594444444444444
0 0.25716927083333335 0.448587962962963 0.023494791666666667 0.07555555555555556
1 0.1842734375 0.48719907407407403 0.008453125 0.017499999999999998
0 0.25326822916666664 0.5019861111111111 0.02665625 0.09072222222222223
0 0.20983333333333334 0.4917453703703704 0.020140625000000002 0.07081944444444445
0 0.3250208333333333 0.492337962962963 0.03994010416666667 0.10489814814814816
0 0.19516145833333332 0.5114675925925926 0.015283854166666666 0.0722037037037037
