0 0.5710286458333333 0.5063194444444444 0.028015625 0.09724537037037037
0 0.5606744791666666 0.43197685185185186 0.015661458333333333 0.0757037037037037
0 0.6164895833333334 0.46377314814814813 0.020273437499999998 0.07525462962962963
0 0.66134375 0.44303703703703706 0.0170546875 0.07091203703703704
0 0.6646927083333334 0.5128101851851852 0.0216640625 0.09630555555555556
0 0.70871875 0.4868888888888889 0.026536458333333336 0.0760138888888889
0 0.7493515625 0.49686574074074075 0.027059895833333333 0.0792638888888889
0 0.8174765625 0.5874490740740741 0.026710937499999997 0.10575
0 0.8142578125 0.5326759259259259 0.0293203125 0.08591666666666667
0 0.8146067708333333 0.5368518518518518 0.02340625 0.09612962962962962
0 0.8705520833333333 0.6473518518518518 0.034148437499999997 0.11443981481481481
0 0.8882552083333334 0.5656388888888889 0.022848958333333332 0.09028240740740741
1 0.8139296874999999 0.4339027777777778 0.008286458333333333 0.019662037037037037
