0 0.7975859375 0.5671944444444444 0.021244791666666665 0.09558796296296296
0 0.7992343749999999 0.5612175925925926 0.02518229166666667 0.08411111111111111
0 0.7746276041666668 0.5460462962962963 0.021619791666666666 0.08473611111111111
0 0.7787395833333334 0.5558101851851852 0.019557291666666664 0.08806944444444444
0 0.7648359374999999 0.5094351851851853 0.018432291666666666 0.08423611111111111
0 0.8326536458333333 0.6079953703703703 0.024190104166666667 0.08885648148148148
0 0.9092317708333333 0.574300925925926 0.0162890625 0.08309722222222223
0 0.8604479166666666 0.6580925925925926 0.03188020833333333 0.08581944444444445
0 0.6131953125 0.434375 0.010260416666666666 0.061754629629629625
0 0.685875 0.48751388888888886 0.023494791666666667 0.08178703703703703
0 0.7113255208333332 0.4686990740740741 0.016528645833333334 0.07083796296296296
0 0.68634375 0.44454629629629633 0.011572916666666665 0.06541666666666668
