0 0.2468828125 0.6529861111111112 0.024005208333333337 0.11492129629629629
0 0.16584375 0.5977592592592593 0.033890624999999994 0.10264814814814814
0 0.20499218749999998 0.5602407407407407 0.026830729166666668 0.09511574074074074
0 0.3618151041666666 0.49106481481481484 0.015690104166666666 0.08340277777777778
0 0.29873958333333334 0.4365324074074074 0.017260416666666667 0.06081018518518518
1 0.28485416666666663 0.42774537037037036 0.006119791666666667 0.012550925925925925
0 0.21777864583333334 0.47460648148148155 0.012867187499999998 0.08061111111111112
0 0.3146640625 0.499712962962963 0.015533854166666666 0.08172685185185186
0 0.2958359375 0.4617777777777778 0.025260416666666667 0.07224537037037038
0 0.2327630208333333 0.52175 0.02996875 0.08675
0 0.21236458333333333 0.4902268518518519 0.0171015625 0.0811712962962963
