0 0.5319322916666667 0.44493518518518516 0.012927083333333334 0.07583333333333334
0 0.541 0.5066898148148148 0.01934635416666667 0.08432870370370371
0 0.5882786458333332 0.518537037037037 0.020273437499999998 0.08350462962962964
0 0.6332578125 0.593287037037037 0.03216927083333333 0.1097962962962963
0 0.6521927083333333 0.5676249999999999 0.024708333333333332 0.10070833333333333
0 0.7505026041666666 0.5706435185185185 0.02490625 0.10506944444444444
0 0.7681328125 0.5514444444444444 0.029950520833333334 0.09111111111111111
0 0.7163072916666666 0.4885972222222222 0.01359375 0.0836574074074074
0 0.6979557291666667 0.4773148148148148 0.021916666666666664 0.07454166666666666
0 0.6879322916666666 0.4593055555555556 0.017562499999999998 0.06406481481481481
0 0.6755390625000001 0.44633333333333336 0.02207552083333333 0.06544907407407408
0 0.8976666666666666 0.5715277777777777 0.0182890625 0.07386574074074075
