1 0.3643854166666667 0.49497222222222226 0.007044270833333334 0.013921296296296296
0 0.39333333333333337 0.5090601851851851 0.0214765625 0.08755092592592593
0 0.34913802083333334 0.5065694444444445 0.016223958333333333 0.09061574074074073
0 0.33175000000000004 0.4543425925925926 0.0161640625 0.08020833333333334
0 0.36750520833333333 0.44472685185185185 0.021596354166666668 0.07205555555555555
0 0.338390625 0.6639212962962963 0.022687500000000003 0.12116203703703703
0 0.30296614583333337 0.6240370370370371 0.04419791666666666 0.10791203703703704
0 0.27991406249999995 0.5619351851851851 0.020885416666666667 0.07036111111111111
0 0.31137239583333337 0.46608796296296295 0.02059375 0.07655555555555556
0 0.2947239583333333 0.4721898148148148 0.022710937499999997 0.07621296296296297
0 0.24692708333333335 0.4522638888888889 0.0120390625 0.070375
0 0.24571874999999999 0.4318287037037037 0.012653645833333334 0.06018055555555556
0 0.1633828125 0.45496296296296296 0.012872395833333333 0.067
