0 0.8946666666666666 0.5633564814814814 0.01778645833333333 0.08137962962962964
0 0.7853255208333334 0.5825046296296297 0.026354166666666668 0.1075925925925926
0 0.7413124999999999 0.5234768518518519 0.020830729166666666 0.09590277777777778
0 0.7938984375 0.6163796296296297 0.022799479166666668 0.11594907407407407
0 0.7786901041666667 0.5685277777777777 0.024700520833333333 0.09356018518518519
0 0.6475286458333334 0.515875 0.02940104166666667 0.1062037037037037
0 0.5942239583333334 0.4471296296296296 0.016098958333333333 0.07708796296296296
1 0.6443255208333334 0.44686574074074076 0.0057005208333333335 0.01150462962962963
0 0.6393802083333333 0.45251851851851854 0.023971354166666667 0.05514814814814815
0 0.6647552083333333 0.4676990740740741 0.020468749999999997 0.06775
0 0.6906692708333334 0.4645138888888889 0.024317708333333334 0.07085648148148149
0 0.6990677083333333 0.4708888888888889 0.015611979166666668 0.07414814814814814
0 0.7831822916666666 0.5281157407407407 0.012859375000000001 0.06894444444444443
