0 0.8486770833333334 0.6015925925925926 0.0180625 0.09231018518518518
0 0.6955859375000001 0.6189675925925926 0.035872395833333334 0.11793518518518518
0 0.6142395833333333 0.5196018518518518 0.022059895833333332 0.09768055555555556
0 0.5744505208333333 0.5771851851851852 0.020057291666666664 0.11030555555555555
0 0.5620468750000001 0.6071944444444445 0.033463541666666666 0.12683796296296299
0 0.5417630208333333 0.4879583333333333 0.028263020833333333 0.1063888888888889
0 0.4535911458333333 0.48210648148148144 0.03103125 0.08657407407407407
0 0.302625 0.5093888888888889 0.030846354166666666 0.08435648148148149
1 0.285390625 0.5259305555555556 0.008927083333333334 0.018060185185185183
0 0.3573932291666667 0.49970370370370365 0.02458854166666667 0.08627777777777779
0 0.3505963541666667 0.4462916666666667 0.028677083333333336 0.06868981481481481
0 0.4942708333333333 0.45172685185185185 0.024546875000000003 0.07752777777777778
0 0.3248046875 0.48694907407407406 0.032424479166666666 0.08814351851851851
