0 0.8633203125000001 0.6476435185185185 0.021361979166666666 0.09864351851851852
1 0.8736093749999999 0.496375 0.005036458333333333 0.010125
0 0.8678880208333334 0.5434861111111111 0.015385416666666667 0.09570370370370371
0 0.7151223958333334 0.44287037037037036 0.0112734375 0.059875000000000005
0 0.7284140625000001 0.4631574074074074 0.016979166666666667 0.06828703703703703
0 0.7045286458333333 0.5192731481481482 0.016755208333333334 0.09589351851851852
0 0.7664401041666667 0.5281435185185185 0.024838541666666665 0.08725000000000001
0 0.8121822916666667 0.6135694444444444 0.032713541666666665 0.09410648148148149
0 0.78503125 0.5491342592592593 0.030846354166666666 0.08563888888888889
0 0.8340572916666668 0.5489861111111111 0.0241015625 0.07896296296296297
0 0.7826406250000001 0.564287037037037 0.029736979166666667 0.0866712962962963
0 0.9368515625 0.6130833333333333 0.018325520833333334 0.09619907407407408
0 0.6113984375 0.43750925925925926 0.0146953125 0.08759259259259258
