0 0.2607526041666667 0.6304953703703703 0.02744791666666667 0.11385648148148149
0 0.12339583333333333 0.5872638888888889 0.0291328125 0.10272685185185185
0 0.27098697916666664 0.5812731481481481 0.022872395833333333 0.10615277777777778
0 0.28507031250000003 0.4359537037037037 0.019260416666666665 0.0672037037037037
0 0.20561718750000002 0.47126851851851853 0.0144453125 0.06506018518518518
0 0.16516927083333333 0.5014444444444444 0.0211875 0.08089814814814815
0 0.16227864583333332 0.5444629629629629 0.023114583333333334 0.09844907407407408
0 0.2361953125 0.5528055555555556 0.0211875 0.09801851851851852
0 0.2317421875 0.4813240740740741 0.021429687500000003 0.07490740740740741
0 0.15505468749999998 0.49994444444444447 0.019260416666666665 0.10443981481481482
0 0.16167708333333333 0.4905277777777778 0.012278645833333332 0.07191203703703704
0 0.16841927083333333 0.45478703703703705 0.014205729166666665 0.06634722222222222
1 0.15577864583333334 0.4006388888888889 0.0057786458333333336 0.013699074074074074
