1 0.19149218750000002 0.45964351851851853 0.007109375 0.014361111111111111
0 0.18413020833333332 0.4835925925925926 0.018515624999999997 0.08181944444444444
0 0.2538567708333333 0.487662037037037 0.02136979166666667 0.08588888888888889
0 0.21299218749999999 0.4316157407407407 0.015273437499999999 0.06669444444444445
0 0.17982812499999998 0.45155092592592594 0.015408854166666668 0.07885185185185185
0 0.42202604166666663 0.43747685185185187 0.015755208333333333 0.07533333333333334
0 0.37870312500000003 0.6011064814814815 0.03315885416666667 0.13023148148148148
0 0.4412864583333333 0.5682314814814815 0.035023437500000004 0.1068611111111111
0 0.4707708333333333 0.5994537037037037 0.020648437500000002 0.1244861111111111
0 0.4545625 0.5234074074074074 0.021239583333333333 0.09788888888888889
0 0.575421875 0.4643055555555555 0.02184635416666667 0.088875
0 0.6695911458333333 0.49847222222222226 0.023166666666666665 0.09201851851851851
0 0.8218307291666667 0.6052685185185186 0.024651041666666665 0.09781481481481481
