0 0.42009375000000004 0.535837962962963 0.0222421875 0.09832407407407408
1 0.43276302083333335 0.5223333333333333 0.010596354166666665 0.022712962962962963
0 0.413828125 0.436412037037037 0.025249999999999998 0.07765277777777778
0 0.5167083333333333 0.521712962962963 0.030549479166666667 0.09483796296296296
0 0.5396796875 0.457125 0.03253645833333333 0.0838287037037037
0 0.4838854166666666 0.43254629629629626 0.018500000000000003 0.07374074074074075
0 0.6262109375 0.47038425925925925 0.013174479166666668 0.08270833333333334
0 0.6831223958333333 0.49207870370370377 0.024083333333333335 0.09274537037037038
0 0.7069791666666667 0.6009305555555555 0.029450520833333334 0.11320833333333333
0 0.7571770833333333 0.6215416666666667 0.0317578125 0.12012037037037036
0 0.7174140625 0.5788657407407407 0.018697916666666665 0.10337962962962964
0 0.7644869791666667 0.6067037037037037 0.02547395833333333 0.1085462962962963
0 0.8939817708333333 0.5668611111111111 0.01699479166666667 0.07555555555555556
