0 0.34491666666666665 0.6561898148148148 0.030184895833333333 0.11343055555555555
0 0.31798177083333334 0.5038703703703703 0.021703125 0.08962962962962963
0 0.30776822916666663 0.44066203703703705 0.023213541666666667 0.06935185185185186
0 0.37927083333333333 0.45824537037037033 0.0170546875 0.0768888888888889
0 0.2018671875 0.5857777777777777 0.021351562499999997 0.10743981481481481
0 0.22259375 0.5244120370370371 0.018588541666666666 0.0931388888888889
0 0.15383072916666668 0.5197175925925925 0.0199296875 0.0807361111111111
1 0.14521354166666667 0.503212962962963 0.006216145833333334 0.012800925925925926
0 0.17056770833333335 0.5064953703703704 0.017395833333333333 0.08150462962962964
0 0.18098958333333334 0.4963194444444444 0.016864583333333336 0.08133796296296296
0 0.1826796875 0.45057870370370373 0.010158854166666667 0.06450925925925927
0 0.19974999999999998 0.44449074074074074 0.015221354166666668 0.058875000000000004
0 0.19400260416666668 0.4835231481481482 0.019059895833333333 0.07296296296296297
