1 0.8035182291666667 0.4105092592592593 0.00575 0.012777777777777779
0 0.8694348958333333 0.6436018518518519 0.022177083333333333 0.10513888888888889
0 0.8463333333333334 0.6215138888888889 0.0166328125 0.08578703703703704
0 0.93740625 0.6123888888888889 0.018481770833333334 0.09747222222222222
0 0.8338072916666667 0.5404722222222222 0.017864583333333333 0.09600925925925925
0 0.867484375 0.5485046296296296 0.018687500000000003 0.08798148148148148
0 0.7840104166666666 0.5459490740740741 0.022588541666666666 0.08506018518518518
0 0.7707656249999999 0.5262314814814815 0.027721354166666667 0.08067592592592591
0 0.7155286458333333 0.44245370370370374 0.011705729166666668 0.06060185185185185
0 0.7284661458333334 0.4592453703703704 0.017453125 0.06571296296296296
0 0.6118958333333333 0.436 0.0153046875 0.09002314814814814
0 0.6592265625 0.5154398148148148 0.02607552083333333 0.08565277777777777
0 0.7922421875 0.5030092592592592 0.01625 0.04131481481481481
