0 0.2722447916666667 0.6673657407407407 0.0239609375 0.12089814814814814
0 0.211390625 0.5988333333333333 0.019348958333333333 0.11573148148148148
0 0.12827864583333332 0.5758842592592593 0.017744791666666666 0.10013888888888889
1 0.1289296875 0.5372546296296297 0.006817708333333334 0.01325
0 0.19597656249999998 0.5024861111111111 0.019197916666666665 0.08812962962962964
0 0.35229947916666665 0.4896203703703703 0.020854166666666667 0.09621296296296296
0 0.342625 0.4517453703703704 0.016140625 0.07572222222222222
0 0.24577864583333334 0.5606527777777778 0.025164062499999997 0.09531481481481481
0 0.21725520833333334 0.535162037037037 0.0364921875 0.0757175925925926
0 0.14727604166666666 0.5368518518518518 0.014638020833333333 0.08943981481481482
0 0.17544791666666668 0.5135462962962963 0.01784635416666667 0.08312037037037037
0 0.23311979166666666 0.46979166666666666 0.015890625000000002 0.058337962962962966
0 0.15898177083333334 0.4608287037037037 0.012583333333333334 0.06824999999999999
