0 0.36843229166666663 0.4984953703703704 0.025057291666666665 0.08952777777777778
0 0.34570052083333336 0.5003611111111111 0.022205729166666667 0.09512962962962962
0 0.31867968750000003 0.47349074074074077 0.025390625 0.07024537037037036
0 0.3064791666666667 0.45656018518518515 0.0108515625 0.04569444444444445
0 0.29518229166666665 0.46381481481481485 0.010994791666666667 0.07829166666666668
0 0.30744531249999996 0.6895648148148148 0.024841145833333335 0.13362962962962963
1 0.3095703125 0.5840694444444444 0.008552083333333333 0.01749074074074074
0 0.30002864583333333 0.6176296296296296 0.02480729166666667 0.11588888888888889
0 0.2765859375 0.593013888888889 0.024828125 0.09631481481481481
0 0.27332291666666664 0.47581944444444446 0.0226796875 0.08271296296296296
0 0.22662239583333335 0.4756527777777778 0.0194609375 0.07587037037037037
0 0.24064583333333334 0.4409398148148148 0.014486979166666667 0.061074074074074065
0 0.15262239583333334 0.4600601851851852 0.011065104166666668 0.06767129629629628
