0 0.30696093750000003 0.4907361111111111 0.015026041666666667 0.07826851851851852
1 0.32006510416666667 0.48669444444444443 0.0062890624999999995 0.010560185185185185
0 0.38488020833333336 0.6416805555555556 0.04367708333333333 0.13044907407407408
0 0.35483072916666664 0.42612962962962964 0.017122395833333335 0.060875000000000005
0 0.390296875 0.47147685185185184 0.027953125000000002 0.0869675925925926
0 0.47415625 0.4953935185185185 0.016770833333333336 0.08510185185185185
0 0.48166927083333333 0.5022268518518518 0.020614583333333332 0.09504166666666666
0 0.4802708333333333 0.4481851851851852 0.010830729166666667 0.07764814814814815
0 0.5602864583333333 0.5000509259259259 0.029002604166666668 0.08572222222222223
0 0.5553958333333333 0.6062731481481481 0.0303984375 0.11056944444444446
0 0.6593463541666666 0.4811064814814815 0.017471354166666668 0.08261574074074074
0 0.6462421875000001 0.43824537037037037 0.01153125 0.06646759259259259
0 0.8099453125 0.5960231481481482 0.020966145833333335 0.10498148148148148
