1 0.5821666666666666 0.4123055555555556 0.008578124999999999 0.01929166666666667
0 0.5745703125 0.4219351851851852 0.015611979166666668 0.07106018518518518
0 0.6275208333333333 0.48513888888888895 0.01884635416666667 0.09870833333333334
0 0.6643671875 0.5116481481481482 0.022221354166666665 0.09171296296296295
0 0.6832473958333334 0.523587962962963 0.025104166666666667 0.10184722222222223
0 0.6692187500000001 0.49295370370370367 0.016455729166666665 0.09808333333333334
0 0.47879687499999996 0.4440046296296296 0.026580729166666664 0.08894444444444445
0 0.40805729166666665 0.4268148148148148 0.019268229166666664 0.08331018518518518
0 0.6259036458333332 0.4279351851851852 0.017018229166666666 0.06806018518518518
0 0.38972135416666664 0.4435 0.018627604166666666 0.08453703703703704
0 0.2916666666666667 0.5128888888888888 0.027080729166666664 0.11016666666666668
0 0.2520807291666667 0.5157268518518519 0.0289765625 0.10204166666666667
0 0.07800520833333334 0.5385694444444444 0.023197916666666665 0.08947685185185186
