0 0.5488046875 0.4325 0.020596354166666667 0.08169907407407408
0 0.5959947916666667 0.5191990740740741 0.0351953125 0.09380092592592593
0 0.6440234375 0.4679583333333333 0.022028645833333336 0.07525925925925926
0 0.6521744791666666 0.4503055555555555 0.012750000000000001 0.07338888888888889
0 0.6754348958333334 0.5346157407407407 0.022403645833333333 0.10379629629629629
0 0.7849505208333334 0.6357824074074074 0.0458125 0.11708796296296296
1 0.697703125 0.5056064814814815 0.009072916666666668 0.015865740740740743
0 0.8886484375 0.568962962962963 0.022442708333333335 0.09928703703703703
0 0.6992239583333333 0.47551851851851845 0.0121171875 0.07093055555555557
0 0.7230416666666667 0.5544212962962963 0.000057291666666666666 0.003634259259259259
0 0.7604348958333333 0.5796296296296296 0.02315885416666667 0.10979166666666666
0 0.7324088541666666 0.5043009259259259 0.021875 0.08556018518518518
0 0.7108958333333334 0.5082129629629629 0.027328124999999998 0.07726851851851853
0 0.6996015624999999 0.5230046296296297 0.04072135416666667 0.0670462962962963
