0 0.6081901041666666 0.5713101851851852 0.030794270833333335 0.1204537037037037
0 0.5913255208333333 0.44284259259259257 0.021351562499999997 0.07417592592592592
0 0.774765625 0.644537037037037 0.0392734375 0.1223564814814815
0 0.65815625 0.5454907407407408 0.029046875000000003 0.10704166666666667
0 0.6409973958333333 0.45831944444444445 0.023002604166666666 0.07370833333333333
0 0.6882291666666667 0.48604629629629625 0.0278125 0.07735185185185185
0 0.7881432291666666 0.5973425925925926 0.024203125 0.11318055555555555
0 0.8998906249999999 0.5684305555555556 0.020700520833333333 0.0851574074074074
0 0.6998958333333333 0.47934259259259265 0.019192708333333332 0.07546296296296297
0 0.7219479166666667 0.5218657407407408 0.018963541666666663 0.09028240740740741
0 0.6916276041666667 0.45028703703703704 0.016213541666666668 0.0665462962962963
0 0.6566328124999999 0.5773750000000001 0.033317708333333335 0.09260185185185185
1 0.6203567708333334 0.527699074074074 0.009424479166666666 0.015856481481481482
