0 0.6590260416666667 0.681037037037037 0.04616927083333333 0.14780555555555555
0 0.4364192708333333 0.6280925925925926 0.038473958333333336 0.13767592592592592
0 0.341421875 0.4510092592592592 0.020703125 0.08251851851851852
0 0.2711588541666667 0.471375 0.027848958333333333 0.07634722222222222
1 0.2786692708333333 0.47137037037037033 0.012091145833333334 0.021611111111111112
0 0.24202864583333333 0.6043101851851852 0.03114583333333333 0.11551851851851852
0 0.19494010416666668 0.5218796296296296 0.031513020833333336 0.09918055555555555
0 0.3973932291666667 0.4779814814814815 0.018268229166666667 0.08355092592592593
0 0.48371875000000003 0.5469768518518519 0.029755208333333335 0.11350462962962962
0 0.5146041666666666 0.5019444444444444 0.022609374999999998 0.09868055555555556
0 0.43953906249999997 0.5175462962962963 0.0309296875 0.10480092592592592
0 0.563125 0.5243009259259259 0.029572916666666667 0.10866666666666666
0 0.24141145833333333 0.44345833333333334 0.029302083333333333 0.07610185185185185
