0 0.3023411458333333 0.5001018518518519 0.024950520833333333 0.08280092592592592
0 0.33834375 0.6549907407407407 0.025075520833333333 0.11530555555555555
0 0.17950520833333333 0.439125 0.010729166666666668 0.04186111111111111
0 0.3593984375 0.453537037037037 0.014966145833333333 0.07505092592592594
0 0.2159140625 0.5246296296296297 0.021578125 0.09139351851851851
0 0.1738515625 0.5046990740740741 0.025638020833333334 0.10012962962962962
0 0.2892994791666667 0.44687037037037036 0.015221354166666668 0.07221296296296296
1 0.1591614583333333 0.41494907407407405 0.005591145833333333 0.012162037037037037
0 0.19953645833333333 0.5721898148148148 0.019338541666666667 0.10807407407407407
0 0.19945052083333334 0.4788657407407407 0.012458333333333333 0.07945833333333333
