1 0.6738411458333334 0.5731435185185185 0.013286458333333334 0.024120370370370372
0 0.8728072916666666 0.635787037037037 0.0303671875 0.10583333333333333
0 0.5477473958333333 0.4485 0.026333333333333334 0.09115277777777778
0 0.5724609375 0.47556481481481483 0.024356770833333333 0.09889351851851852
0 0.6194348958333333 0.5178194444444445 0.029734375 0.09764351851851852
0 0.6987916666666667 0.5685092592592592 0.04483854166666667 0.10201851851851852
0 0.6595677083333332 0.6073888888888889 0.034874999999999996 0.12775925925925924
0 0.6935703125 0.501787037037037 0.03313541666666667 0.08807407407407408
0 0.6864140625 0.4780231481481481 0.030841145833333337 0.08272685185185186
0 0.4926276041666667 0.5599999999999999 0.028546875000000003 0.12015277777777776
0 0.40504687500000003 0.6094259259259259 0.03590104166666667 0.12762037037037038
0 0.4377864583333333 0.5095925925925926 0.0317890625 0.09103240740740741
0 0.4416614583333333 0.45658333333333334 0.034794270833333335 0.0834212962962963
