0 0.601703125 0.5524953703703704 0.0362578125 0.1204537037037037
0 0.5899609375 0.43981018518518517 0.021351562499999997 0.07417592592592592
0 0.7689609374999999 0.6396805555555556 0.0392734375 0.1223564814814815
0 0.6567916666666667 0.5533796296296296 0.024950520833333333 0.10097222222222221
0 0.6462890625 0.4589259259259259 0.028125 0.07370833333333333
0 0.6800338541666666 0.48301388888888885 0.0278125 0.07735185185185185
0 0.7854114583333334 0.5985555555555556 0.024203125 0.11318055555555555
0 0.8968177083333334 0.5666111111111112 0.020700520833333333 0.0851574074074074
0 0.7043333333333333 0.47752314814814817 0.019192708333333332 0.07546296296296297
0 0.72365625 0.5200462962962963 0.021013020833333333 0.09028240740740741
0 0.694359375 0.45028703703703704 0.016213541666666668 0.0665462962962963
0 0.6428046875 0.571 0.026830729166666668 0.10899074074074074
