0 0.16887239583333333 0.4595046296296296 0.021757812499999998 0.07410648148148148
0 0.5440546875 0.6226157407407407 0.04240885416666666 0.11791203703703704
0 0.1314765625 0.5914259259259259 0.0258359375 0.10527314814814814
1 0.12399739583333333 0.5109537037037037 0.009518229166666666 0.01836111111111111
0 0.11677343750000001 0.5294675925925927 0.018528645833333336 0.07805555555555556
0 0.16916927083333333 0.5107314814814815 0.0238828125 0.08288425925925925
0 0.28071875 0.4738611111111111 0.014958333333333332 0.08166666666666667
0 0.3582708333333333 0.45610648148148153 0.02303125 0.08694907407407408
0 0.4051822916666667 0.47779166666666667 0.0293203125 0.09556944444444444
0 0.5154557291666666 0.5095231481481481 0.025497395833333332 0.10464814814814814
0 0.2378828125 0.46894907407407405 0.021078125 0.07939814814814815
0 0.26733072916666667 0.4507407407407408 0.021333333333333333 0.08075462962962963
0 0.2786770833333333 0.4653981481481481 0.016317708333333333 0.07924537037037037
