0 0.3978463541666667 0.49655555555555553 0.017666666666666667 0.07502777777777778
0 0.43782031250000003 0.4905324074074074 0.028729166666666663 0.07693055555555554
0 0.4915572916666667 0.4503611111111111 0.012958333333333332 0.0630787037037037
0 0.11355208333333335 0.5064861111111111 0.013664062499999999 0.07819907407407407
0 0.3036796875 0.4485138888888889 0.011213541666666667 0.06735648148148149
0 0.17547395833333335 0.5550185185185185 0.01932291666666667 0.09968518518518518
0 0.18310677083333332 0.5426527777777779 0.017223958333333334 0.09172222222222222
0 0.3095703125 0.5183009259259259 0.021471354166666668 0.0937175925925926
0 0.2857760416666667 0.4633935185185185 0.020028645833333334 0.07107407407407408
1 0.4372838541666667 0.5003240740740741 0.006515625 0.01148611111111111
