0 0.25946614583333333 0.6463611111111112 0.027653645833333334 0.11343055555555555
0 0.4114765625 0.5430555555555555 0.027294270833333335 0.10282870370370371
0 0.3610494791666667 0.4728425925925926 0.015364583333333333 0.07937037037037037
0 0.288296875 0.4309074074074074 0.013736979166666666 0.0649074074074074
0 0.23271614583333333 0.5075462962962963 0.0240390625 0.08515277777777779
0 0.224671875 0.48425 0.015182291666666665 0.10475462962962963
1 0.22647916666666665 0.4368518518518519 0.0065078125 0.011245370370370369
0 0.18382291666666667 0.5131712962962963 0.020606770833333333 0.08740277777777777
0 0.2454583333333333 0.4517962962962963 0.013013020833333333 0.0694074074074074
0 0.20379687500000002 0.4848935185185185 0.0200625 0.11053703703703703
0 0.21762239583333332 0.48087500000000005 0.014098958333333333 0.08450925925925926
0 0.29118750000000004 0.5073842592592592 0.016630208333333334 0.0893287037037037
0 0.16502604166666668 0.45966666666666667 0.0144609375 0.06908796296296296
