0 0.5021927083333334 0.44260185185185186 0.022138020833333334 0.08012037037037037
0 0.6319088541666668 0.47358333333333336 0.027807291666666668 0.07600462962962963
0 0.669828125 0.4905324074074074 0.02165885416666667 0.07127314814814814
0 0.6944244791666667 0.47285185185185186 0.029447916666666667 0.07599537037037038
0 0.6361432291666667 0.5389351851851851 0.024666666666666667 0.09738425925925925
0 0.6661041666666667 0.6060555555555556 0.02773958333333333 0.1317824074074074
0 0.714546875 0.5881944444444445 0.03443489583333333 0.10771759259259259
0 0.7817109375 0.5997268518518519 0.04044791666666667 0.10745833333333334
0 0.8221953125 0.6449259259259259 0.02999479166666667 0.12498148148148147
0 0.705828125 0.5217592592592593 0.028078125 0.09192592592592592
0 0.9030885416666667 0.6053657407407407 0.025567708333333335 0.10311111111111111
0 0.6427734375 0.43687037037037035 0.017718750000000002 0.06783796296296296
1 0.6227916666666666 0.5486018518518518 0.011221354166666668 0.020407407407407405
