0 0.8946666666666666 0.5633564814814814 0.01778645833333333 0.08137962962962964
0 0.7673203125000001 0.602662037037037 0.0309453125 0.11746759259259258
0 0.7135625 0.49927314814814816 0.017619791666666666 0.09277314814814815
0 0.7155468749999999 0.4527083333333333 0.019515624999999998 0.07499074074074073
0 0.6860104166666667 0.4968425925925926 0.02805208333333333 0.08250925925925925
0 0.4990338541666667 0.43712500000000004 0.022109375 0.07475462962962963
0 0.6427447916666666 0.45040277777777776 0.020911458333333334 0.0699074074074074
0 0.67171875 0.4626481481481482 0.025145833333333333 0.06731481481481481
0 0.5243489583333333 0.5081203703703704 0.02120572916666667 0.0957824074074074
0 0.6143906250000001 0.5230694444444444 0.020854166666666667 0.08978703703703704
0 0.7575078125 0.554462962962963 0.029216145833333332 0.08790277777777777
0 0.7315651041666666 0.4756944444444444 0.01970572916666667 0.07484259259259259
1 0.5353802083333333 0.5068472222222222 0.008346354166666665 0.015222222222222224
