0 0.183859375 0.48456481481481484 0.018171875 0.07752777777777778
0 0.3643125 0.593375 0.024231770833333333 0.12097685185185185
0 0.4210755208333333 0.5659351851851853 0.02821614583333333 0.10858333333333332
0 0.43518229166666667 0.4393518518518518 0.024565104166666667 0.07258796296296297
0 0.17759375000000002 0.4516759259259259 0.010341145833333334 0.07567129629629629
0 0.24480989583333335 0.48822685185185183 0.012986979166666666 0.08208333333333334
0 0.42228385416666664 0.5202916666666666 0.022604166666666665 0.09747685185185186
0 0.4555885416666667 0.5983148148148147 0.025731770833333334 0.12269907407407406
0 0.5829244791666667 0.4681342592592592 0.022604166666666665 0.08208333333333334
0 0.6645677083333333 0.49784722222222216 0.0175546875 0.08935185185185185
0 0.20710416666666667 0.43130092592592595 0.013427083333333334 0.06401851851851852
0 0.8064505208333334 0.6070740740740741 0.0256328125 0.09150462962962963
1 0.199203125 0.42161574074074076 0.004479166666666667 0.008800925925925927
