0 0.273046875 0.6662546296296296 0.024161458333333333 0.12258333333333332
0 0.22642708333333333 0.5832777777777778 0.03739583333333333 0.09925462962962962
0 0.12632291666666667 0.5564537037037037 0.016242187499999998 0.08232870370370371
1 0.12083333333333333 0.5521851851851852 0.005864583333333334 0.011722222222222222
0 0.3529010416666667 0.4898472222222222 0.019950520833333332 0.0834675925925926
0 0.3583411458333333 0.45931944444444445 0.024411458333333334 0.07126388888888889
0 0.18652604166666667 0.5054907407407407 0.015239583333333334 0.08052314814814815
0 0.16366927083333332 0.53 0.013434895833333333 0.08497222222222221
0 0.15028385416666667 0.5213518518518518 0.017945312499999998 0.08194444444444444
0 0.18763020833333333 0.5292870370370371 0.027471354166666666 0.08212037037037037
0 0.2465286458333333 0.5393148148148148 0.0239609375 0.07971296296296297
0 0.23181770833333332 0.4580740740740741 0.0181953125 0.06734259259259259
0 0.1686796875 0.4604814814814815 0.017244791666666665 0.06787962962962964
