0 0.254640625 0.646263888888889 0.02805208333333333 0.11722222222222221
0 0.34826822916666667 0.5127222222222222 0.018364583333333333 0.08714351851851851
0 0.3038776041666667 0.4416388888888889 0.026171875 0.06118055555555556
0 0.17127864583333335 0.595625 0.03600520833333333 0.09202777777777778
0 0.19333072916666666 0.5827685185185185 0.025161458333333334 0.09717129629629628
0 0.243796875 0.4602777777777778 0.016484375 0.07583333333333334
0 0.20851302083333334 0.5798148148148149 0.03644010416666667 0.10256944444444445
0 0.1744609375 0.5422824074074074 0.04410416666666667 0.09897222222222223
1 0.15342187499999999 0.6005092592592592 0.006651041666666666 0.01336574074074074
0 0.22109375 0.48199999999999993 0.022268229166666667 0.08174537037037037
0 0.2958515625 0.4902268518518519 0.015328125 0.07814814814814815
0 0.26779947916666663 0.4659351851851852 0.0150390625 0.07275
0 0.1623125 0.4551388888888889 0.015471354166666666 0.06760648148148148
