0 0.6276953125 0.5961620370370371 0.04711458333333333 0.10418981481481482
1 0.6271197916666666 0.5931435185185185 0.015403645833333333 0.0223287037037037
0 0.6703802083333333 0.5973333333333334 0.03444791666666667 0.09181944444444445
0 0.8176015625 0.5601342592592593 0.02968229166666667 0.0796712962962963
0 0.905453125 0.568962962962963 0.01863802083333333 0.08148148148148149
0 0.7086744791666667 0.4915555555555556 0.016817708333333334 0.08850462962962963
0 0.7606614583333333 0.5043009259259259 0.023390624999999998 0.08896759259259258
0 0.78353125 0.534587962962963 0.019476562500000003 0.08856018518518519
0 0.8063958333333333 0.5205092592592593 0.01989322916666667 0.08756018518518519
0 0.6031822916666666 0.49789351851851854 0.02890104166666667 0.08294444444444445
0 0.5687916666666666 0.45057407407407407 0.015286458333333334 0.0812824074074074
0 0.63565625 0.453537037037037 0.0190234375 0.06431944444444444
0 0.6280546875 0.5101018518518519 0.0258203125 0.08763888888888889
