0 0.4568229166666667 0.680212962962963 0.04073177083333333 0.10846296296296297
0 0.39658072916666665 0.5249490740740741 0.02461979166666667 0.0719398148148148
0 0.38693229166666665 0.4365324074074074 0.024554687500000002 0.06505555555555556
0 0.46965625 0.46896296296296297 0.019015624999999998 0.07266666666666667
0 0.31332031250000003 0.6281018518518519 0.0275546875 0.12256018518518519
0 0.2838046875 0.5487361111111111 0.036539062500000004 0.09363425925925926
1 0.24399479166666668 0.5048518518518519 0.009106770833333333 0.01595833333333333
0 0.26682552083333333 0.4526990740740741 0.016229166666666666 0.06605555555555556
0 0.22878645833333333 0.4774768518518518 0.02849479166666667 0.06610185185185186
0 0.20750520833333336 0.5218148148148147 0.019770833333333335 0.08366203703703703
0 0.17989322916666667 0.5128194444444445 0.018677083333333334 0.07951851851851852
0 0.15955468750000001 0.5663796296296297 0.018593750000000003 0.09058796296296295
0 0.21144791666666668 0.45555092592592594 0.014598958333333334 0.06595833333333333
