0 0.716953125 0.5380370370370371 0.015434895833333333 0.08470370370370371
0 0.44839322916666663 0.4906111111111111 0.024536458333333334 0.08914351851851852
0 0.85484375 0.6728240740740741 0.029338541666666666 0.10876851851851851
0 0.43873697916666665 0.4562453703703704 0.020260416666666666 0.0791574074074074
0 0.7095 0.4937361111111111 0.017109375 0.034375
0 0.6953098958333332 0.5665462962962963 0.0249609375 0.09649537037037037
0 0.5458333333333333 0.6333796296296296 0.0418203125 0.13131944444444443
0 0.6301145833333333 0.4861111111111111 0.014260416666666666 0.0874537037037037
0 0.5299296875 0.5590324074074075 0.03276822916666667 0.1136574074074074
0 0.5613671875 0.4728888888888889 0.029072916666666667 0.08156944444444444
0 0.53021875 0.45917592592592593 0.022940104166666666 0.08016203703703705
