0 0.5981328124999999 0.4452916666666667 0.011768229166666666 0.07096759259259258
0 0.6106197916666667 0.4891759259259259 0.0175703125 0.08850462962962963
0 0.6479869791666667 0.44554166666666667 0.0150390625 0.07155555555555555
0 0.6693515624999999 0.5016018518518519 0.023223958333333336 0.08662037037037036
0 0.699234375 0.47224999999999995 0.012213541666666666 0.07022222222222223
0 0.6946484374999999 0.5494814814814816 0.02996875 0.09314814814814815
0 0.7392473958333333 0.4867870370370371 0.012307291666666666 0.06675925925925925
0 0.7302083333333333 0.5537129629629629 0.026567708333333332 0.09891203703703703
0 0.7662734375 0.5312592592592592 0.023190104166666666 0.075625
0 0.7927682291666667 0.581861111111111 0.035958333333333335 0.11249537037037037
1 0.8065520833333333 0.4387685185185185 0.007770833333333334 0.01410648148148148
0 0.8939739583333334 0.5643611111111111 0.01973697916666667 0.08089351851851852
0 0.7877369791666666 0.5891805555555556 0.023963541666666664 0.11975462962962964
