1 0.15433333333333332 0.39037037037037037 0.0067421875 0.012842592592592591
0 0.258828125 0.6300694444444445 0.030817708333333336 0.113
0 0.12243229166666666 0.5904768518518518 0.02479947916666667 0.10401388888888888
0 0.2730338541666667 0.5797731481481482 0.023596354166666667 0.10914814814814815
0 0.2912109375 0.43360185185185185 0.012278645833333332 0.07019907407407407
0 0.20260677083333334 0.4789722222222222 0.019020833333333334 0.0770462962962963
0 0.16396354166666666 0.5102175925925926 0.0144453125 0.07191203703703704
0 0.16360416666666666 0.5418935185185185 0.019984375 0.09587962962962962
0 0.240890625 0.5530231481481481 0.0267265625 0.09930555555555555
0 0.2349921875 0.4813240740740741 0.015408854166666668 0.07662037037037037
0 0.15108333333333332 0.5174953703703703 0.019020833333333334 0.08817592592592594
0 0.15361197916666666 0.5076481481481482 0.011075520833333333 0.07961574074074074
0 0.16781770833333332 0.4526481481481482 0.013963541666666666 0.06634722222222222
