0 0.6441197916666667 0.5782314814814815 0.018005208333333335 0.10738425925925925
0 0.5580130208333334 0.5124027777777778 0.016552083333333335 0.09757407407407406
0 0.59271875 0.6887129629629629 0.053434895833333336 0.1239074074074074
0 0.37452083333333336 0.4542777777777778 0.017890625 0.07381481481481482
0 0.21451822916666666 0.44392592592592595 0.02059114583333333 0.06631018518518518
0 0.23544791666666667 0.48908333333333337 0.02059114583333333 0.08641666666666667
0 0.23890625 0.48503703703703704 0.014346354166666667 0.08131481481481481
0 0.1588203125 0.49283796296296295 0.023966145833333334 0.09991666666666667
0 0.19806249999999997 0.49793518518518515 0.023122395833333333 0.07951388888888888
0 0.16861197916666668 0.4937361111111111 0.017890625 0.0765138888888889
0 0.13181770833333334 0.5267407407407407 0.015528645833333334 0.07831481481481481
1 0.16540364583333333 0.439125 0.0047265625 0.011703703703703704
0 0.15536197916666666 0.46268055555555554 0.011307291666666667 0.06421296296296296
