0 0.5596588541666667 0.43589814814814815 0.0202265625 0.08638888888888889
0 0.5494192708333333 0.5031342592592593 0.023916666666666666 0.1019212962962963
0 0.6026302083333334 0.46268055555555554 0.022078125 0.08107870370370371
0 0.6504817708333334 0.5103796296296297 0.029070312499999997 0.09868981481481481
0 0.6577239583333333 0.44836574074074076 0.020778645833333335 0.07375462962962963
0 0.7191588541666667 0.5012175925925927 0.021377604166666668 0.08462037037037037
0 0.7822447916666667 0.5051249999999999 0.04085677083333333 0.1009675925925926
1 0.8029244791666666 0.4630138888888889 0.0102890625 0.01887037037037037
0 0.8334427083333333 0.5964259259259259 0.0257734375 0.11520370370370371
0 0.8479270833333333 0.537 0.021177083333333332 0.09118518518518519
0 0.8626614583333333 0.646074074074074 0.02127864583333333 0.11753703703703704
0 0.8670572916666667 0.5918888888888889 0.020479166666666666 0.08588888888888889
0 0.888296875 0.5655740740740741 0.025440104166666665 0.09817592592592593
