0 0.3974713541666667 0.5240648148148148 0.0252265625 0.07137962962962963
0 0.1804557291666667 0.5130601851851851 0.0188671875 0.08189814814814815
0 0.4575755208333333 0.6798796296296297 0.04087239583333333 0.10862037037037037
0 0.2116328125 0.45488888888888884 0.015244791666666667 0.06575
0 0.46994791666666663 0.46852314814814816 0.018552083333333334 0.07277777777777777
0 0.28349479166666663 0.5487314814814814 0.03680208333333333 0.09403703703703704
0 0.15979166666666667 0.5668657407407408 0.01834635416666667 0.09172222222222222
0 0.38700260416666665 0.4376851851851852 0.024434895833333335 0.06693981481481481
0 0.20802083333333332 0.5226435185185185 0.019307291666666667 0.08417592592592592
1 0.24326302083333334 0.5049583333333334 0.007221354166666667 0.013800925925925925
0 0.3140390625 0.6264768518518519 0.027388020833333335 0.12386574074074075
0 0.2673828125 0.4522314814814815 0.015427083333333334 0.06416666666666666
0 0.2300546875 0.4734166666666667 0.02462239583333333 0.06152777777777778
