0 0.2664739583333333 0.6404953703703704 0.02405208333333333 0.11287962962962962
0 0.2794739583333333 0.43569444444444444 0.013880208333333333 0.06595370370370371
0 0.3576197916666667 0.47667129629629623 0.022606770833333335 0.07722685185185185
0 0.2229140625 0.5207731481481481 0.023013020833333335 0.0895
0 0.1776796875 0.5274398148148148 0.0244140625 0.08098611111111112
1 0.17673177083333333 0.4905231481481481 0.005515625 0.01175
0 0.20898958333333334 0.46445833333333336 0.014692708333333334 0.06629166666666667
0 0.27852343749999997 0.4991712962962963 0.02029947916666667 0.08367129629629629
0 0.22958333333333333 0.45658333333333334 0.016455729166666665 0.06596759259259259
0 0.1995625 0.4966157407407408 0.018627604166666666 0.08557407407407408
0 0.17220833333333332 0.5080277777777777 0.014557291666666666 0.10775462962962963
0 0.16988020833333334 0.4896620370370371 0.0142421875 0.07616666666666667
0 0.18871093749999998 0.4471712962962963 0.016817708333333334 0.06711111111111112
