0 0.5972447916666667 0.48207407407407404 0.0314375 0.07627314814814815
0 0.8030520833333333 0.5587361111111111 0.024830729166666666 0.09779166666666667
0 0.7851588541666668 0.5385601851851851 0.0306640625 0.07088425925925927
0 0.6923385416666666 0.5513148148148148 0.031057291666666667 0.09862962962962962
0 0.6624244791666667 0.5666527777777778 0.0254609375 0.10578240740740741
0 0.8932291666666666 0.5758240740740741 0.021046875 0.08744444444444444
0 0.8385625 0.6173611111111111 0.030270833333333334 0.10106018518518518
0 0.7704557291666667 0.5319027777777778 0.021440104166666665 0.087
0 0.5614453125 0.46626388888888887 0.0193125 0.08375
0 0.605078125 0.4273148148148148 0.0132421875 0.07756018518518519
0 0.7546901041666667 0.49070833333333336 0.023018229166666668 0.07550000000000001
1 0.7972187500000001 0.4529398148148148 0.006541666666666667 0.012296296296296296
0 0.7541796875000001 0.48545370370370367 0.023255208333333333 0.07619907407407407
