0 0.2608932291666667 0.6538981481481482 0.03394010416666667 0.11195833333333334
0 0.14266406250000002 0.592287037037037 0.023260416666666665 0.10048611111111112
0 0.20692968750000001 0.5651018518518518 0.027671875000000002 0.10459259259259258
0 0.3051302083333333 0.4336527777777778 0.012330729166666667 0.06271759259259259
0 0.3579140625 0.48703703703703705 0.01684375 0.09175462962962963
0 0.21011197916666668 0.47946296296296304 0.013786458333333333 0.07375462962962963
0 0.31485416666666666 0.507087962962963 0.018747395833333333 0.07625925925925926
0 0.15609895833333332 0.5490648148148148 0.018046875 0.09710185185185186
0 0.22728125 0.5137685185185186 0.019450520833333332 0.08106944444444444
0 0.20790625000000001 0.4947407407407408 0.0151875 0.07688425925925925
0 0.3098151041666667 0.4703657407407407 0.0213046875 0.05666203703703704
1 0.36192447916666665 0.44416666666666665 0.006416666666666667 0.010675925925925926
0 0.15777864583333334 0.45681944444444444 0.01739322916666667 0.06557870370370371
