1 0.14577864583333333 0.5181990740740741 0.007947916666666667 0.02127314814814815
0 0.12581770833333333 0.5670231481481481 0.024026041666666668 0.10608333333333332
0 0.15426822916666666 0.506962962962963 0.028541666666666667 0.07587037037037037
0 0.14975260416666666 0.478212962962963 0.023122395833333333 0.07939814814814815
0 0.18899479166666666 0.4877731481481481 0.024838541666666665 0.08726851851851852
0 0.19884114583333332 0.4872083333333333 0.024658854166666667 0.09096296296296295
0 0.21695052083333335 0.4517175925925926 0.020231770833333333 0.07456944444444444
0 0.25072916666666667 0.47058796296296296 0.026372395833333333 0.09464814814814815
0 0.2993229166666667 0.44256481481481486 0.0223984375 0.07874537037037037
0 0.31820052083333333 0.4747638888888889 0.03197395833333334 0.09015277777777778
0 0.37374739583333333 0.47540740740740745 0.023122395833333333 0.09786574074074074
0 0.5125703125 0.578425925925926 0.0442578125 0.10640740740740741
0 0.49157031250000005 0.5109768518518518 0.030257812499999998 0.11281018518518518
