0 0.2724947916666667 0.6644675925925926 0.026166666666666668 0.12081018518518517
0 0.23725520833333333 0.5763287037037037 0.045515625 0.09497222222222222
0 0.1250703125 0.5445185185185185 0.025966145833333332 0.06875925925925927
1 0.11539583333333334 0.5458611111111111 0.006216145833333334 0.011541666666666667
0 0.3515729166666667 0.49015740740740743 0.018697916666666665 0.08444907407407408
0 0.35340364583333334 0.45290277777777777 0.014135416666666668 0.07447685185185185
0 0.18366927083333331 0.5115416666666667 0.015841145833333334 0.08552777777777779
0 0.161375 0.5158703703703703 0.025638020833333334 0.07850462962962963
0 0.2513984375 0.5303518518518519 0.02166927083333333 0.08073148148148147
0 0.23105989583333333 0.45496296296296296 0.016919270833333333 0.06775
0 0.16325520833333332 0.5324861111111111 0.015611979166666668 0.08091666666666666
0 0.180984375 0.5280324074074074 0.01806770833333333 0.08425925925925926
0 0.16959895833333333 0.4593287037037037 0.015768229166666665 0.07016666666666667
