0 0.5639010416666667 0.506074074074074 0.017572916666666667 0.09991666666666667
0 0.5600052083333333 0.43368981481481483 0.014343749999999999 0.07775
0 0.6136276041666666 0.46418055555555554 0.02051822916666667 0.07489351851851853
0 0.6621666666666666 0.5138425925925927 0.021466145833333335 0.0945138888888889
0 0.6620703124999999 0.44230555555555556 0.016148437499999998 0.07066203703703704
0 0.7100885416666666 0.49568055555555557 0.024411458333333334 0.08014814814814815
0 0.7534973958333333 0.4963518518518518 0.026312500000000003 0.07946759259259259
0 0.8233125 0.5894074074074074 0.02802083333333333 0.10649537037037037
0 0.8709505208333332 0.646324074074074 0.034955729166666664 0.11394444444444445
0 0.8258671875 0.5371481481481482 0.017002604166666668 0.08696296296296296
0 0.8257526041666666 0.5570601851851852 0.03318229166666667 0.08980555555555556
0 0.8873567708333333 0.5675231481481481 0.022893229166666664 0.09494907407407407
1 0.8114453125 0.42185648148148147 0.0081015625 0.01723148148148148
