1 0.5921510416666667 0.5022037037037037 0.013919270833333334 0.021430555555555557
0 0.5924661458333333 0.43956944444444446 0.020877604166666668 0.07469907407407407
0 0.8857760416666667 0.5590138888888889 0.0175546875 0.08443981481481481
0 0.7626484375 0.6307268518518518 0.032265625 0.11539351851851852
0 0.6726145833333333 0.5457314814814814 0.023802083333333335 0.10425925925925926
0 0.6248515625 0.484212962962963 0.0200078125 0.08104166666666668
0 0.5943645833333334 0.486462962962963 0.021510416666666664 0.07991666666666666
0 0.7369453125 0.4796435185185185 0.014075520833333332 0.08455555555555555
0 0.7403854166666667 0.48786574074074074 0.021747395833333336 0.08273148148148148
0 0.758296875 0.5544490740740741 0.023565104166666666 0.09919907407407408
0 0.7136171875 0.5235833333333334 0.022776041666666667 0.10355092592592592
0 0.6677916666666667 0.4880092592592592 0.017635416666666667 0.08019907407407408
0 0.6484166666666666 0.48885185185185187 0.019690104166666667 0.08188425925925927
