1 0.18982291666666665 0.48230092592592594 0.006471354166666667 0.013337962962962963
0 0.181015625 0.5152962962962963 0.022111979166666667 0.08368518518518518
0 0.18921875000000002 0.5030416666666666 0.017338541666666665 0.07380092592592592
0 0.24617708333333335 0.5569907407407407 0.022033854166666665 0.10733333333333334
0 0.2743776041666666 0.6707175925925926 0.0261015625 0.11852314814814814
0 0.3030130208333333 0.5852083333333333 0.026132812499999998 0.11491203703703703
0 0.34838541666666667 0.49954166666666666 0.016755208333333334 0.0976111111111111
0 0.27897916666666667 0.4422731481481481 0.017447916666666667 0.06896296296296296
0 0.2685677083333333 0.46822685185185187 0.014656250000000001 0.0769861111111111
0 0.31337760416666666 0.4973287037037037 0.026734374999999998 0.09069444444444445
0 0.2497734375 0.4813796296296296 0.028848958333333334 0.08306944444444445
0 0.242015625 0.4606388888888889 0.014934895833333333 0.06773148148148149
0 0.1506640625 0.4592037037037037 0.0109453125 0.06797222222222223
