0 0.35183072916666663 0.493875 0.020372395833333334 0.08980092592592592
0 0.319609375 0.562787037037037 0.024890625 0.10812037037037037
0 0.288734375 0.46111111111111114 0.01625 0.0786712962962963
0 0.2574635416666667 0.6643194444444445 0.031390625 0.11615277777777777
0 0.22459895833333335 0.5557314814814815 0.017028645833333335 0.09897222222222223
0 0.22366927083333332 0.4941851851851852 0.016286458333333333 0.0774675925925926
0 0.20240364583333334 0.5066759259259259 0.026986979166666664 0.06671296296296296
0 0.17471874999999998 0.4962546296296297 0.024473958333333334 0.07432407407407407
1 0.16312239583333332 0.4854444444444444 0.0061015625 0.011287037037037036
0 0.1508828125 0.5166944444444445 0.01853125 0.09249537037037037
0 0.135515625 0.5495694444444444 0.017234375000000003 0.09262962962962963
0 0.16415104166666666 0.4575138888888889 0.013192708333333332 0.06714351851851852
0 0.09277083333333333 0.5434675925925926 0.01746354166666667 0.07771759259259259
