0 0.45161979166666666 0.4414351851851852 0.0231171875 0.09242129629629629
0 0.481046875 0.541675925925926 0.039388020833333336 0.11773611111111111
1 0.49343489583333333 0.532875 0.009049479166666667 0.01997222222222222
0 0.5635885416666666 0.5337222222222222 0.0241015625 0.10480092592592592
0 0.5409296875 0.4371203703703703 0.02721875 0.07933796296296297
0 0.5935286458333333 0.46185185185185185 0.02219270833333333 0.07684722222222222
0 0.6550885416666666 0.4759027777777778 0.023398437499999997 0.08564814814814815
0 0.6846588541666667 0.49020370370370364 0.024085937499999998 0.0949537037037037
0 0.9020208333333334 0.563574074074074 0.017078125 0.08582407407407407
0 0.7971354166666667 0.6177824074074074 0.024700520833333333 0.11464814814814814
0 0.7253333333333334 0.5954675925925926 0.026567708333333332 0.10989351851851852
0 0.7900520833333334 0.5971388888888889 0.0220703125 0.10162962962962964
0 0.7277239583333334 0.5848796296296296 0.03939322916666667 0.10110648148148148
