0 0.38671875 0.6215277777777778 0.04765625 0.14027777777777778
0 0.2046875 0.5986111111111111 0.026171875 0.10833333333333334
0 0.165625 0.5208333333333334 0.022265625 0.08611111111111111
0 0.24921875 0.46805555555555556 0.023046875 0.07430555555555556
1 0.2453125 0.47708333333333336 0.00859375 0.01875
0 0.21640625 0.44930555555555557 0.027734375 0.075
0 0.31484375 0.4597222222222222 0.029296875 0.07847222222222222
0 0.3859375 0.4791666666666667 0.023046875 0.09236111111111112
0 0.60859375 0.6826388888888889 0.041796875 0.1486111111111111
0 0.53984375 0.5229166666666667 0.0328125 0.10833333333333334
0 0.4015625 0.5194444444444445 0.033984375 0.11388888888888889
0 0.491015625 0.5138888888888888 0.030078125 0.10833333333333334
0 0.442578125 0.53125 0.031640625 0.1111111111111111
