0 0.4578125 0.6361111111111111 0.039453125 0.15486111111111112
0 0.369140625 0.4930555555555556 0.028125 0.09513888888888888
0 0.2265625 0.4666666666666667 0.0234375 0.07916666666666666
1 0.202734375 0.4236111111111111 0.008984375 0.01875
0 0.302734375 0.4930555555555556 0.021484375 0.09652777777777778
0 0.26171875 0.5388888888888889 0.02265625 0.11041666666666666
0 0.242578125 0.5194444444444445 0.0171875 0.09444444444444444
0 0.148046875 0.5097222222222222 0.0265625 0.07847222222222222
0 0.153515625 0.45902777777777776 0.023046875 0.06805555555555555
0 0.16875 0.5215277777777778 0.01796875 0.08194444444444444
0 0.17890625 0.5069444444444444 0.01875 0.08055555555555556
0 0.309375 0.45416666666666666 0.023828125 0.08194444444444444
0 0.362109375 0.4326388888888889 0.019921875 0.075
