0 0.15732291666666667 0.4543009259259259 0.012403645833333334 0.06524537037037037
0 0.18247656250000002 0.5233518518518518 0.016710937500000002 0.09473148148148149
0 0.18368229166666666 0.5407361111111111 0.030833333333333334 0.09037037037037036
0 0.26579166666666665 0.49915740740740744 0.010065104166666667 0.09199537037037038
0 0.29951302083333337 0.5002175925925926 0.021067708333333334 0.09161111111111112
0 0.38201822916666667 0.458037037037037 0.019013020833333335 0.05967592592592593
0 0.43043750000000003 0.4409166666666667 0.027382812500000003 0.0602962962962963
1 0.44200260416666665 0.4331990740740741 0.004651041666666666 0.009245370370370369
0 0.44860677083333333 0.49522222222222223 0.022234374999999997 0.08412962962962962
0 0.49753906249999996 0.491125 0.020760416666666667 0.07618518518518519
0 0.42157291666666663 0.5721435185185185 0.02511197916666667 0.10966203703703704
0 0.3867473958333333 0.5538425925925926 0.020164062500000003 0.11130092592592593
0 0.6289140625 0.6831851851851852 0.0250859375 0.11781018518518518
