0 0.41328125 0.6222222222222222 0.04921875 0.14097222222222222
0 0.328515625 0.5354166666666667 0.026953125 0.09652777777777778
0 0.36484375 0.4701388888888889 0.028125 0.0763888888888889
1 0.371875 0.4652777777777778 0.012109375 0.018055555555555554
0 0.350390625 0.42777777777777776 0.021484375 0.07291666666666667
0 0.4640625 0.4673611111111111 0.022265625 0.07569444444444444
0 0.44453125 0.42777777777777776 0.0265625 0.07847222222222222
0 0.559375 0.5263888888888889 0.02421875 0.1111111111111111
0 0.582421875 0.4736111111111111 0.0234375 0.09305555555555556
0 0.616796875 0.5513888888888889 0.030859375 0.10625
0 0.6515625 0.5743055555555555 0.028125 0.11736111111111111
0 0.628515625 0.6395833333333333 0.042578125 0.13680555555555557
0 0.8046875 0.6763888888888889 0.041796875 0.13819444444444445
