1 0.6154505208333333 0.47393981481481484 0.0065390625 0.010847222222222222
0 0.6203619791666667 0.4350648148148148 0.011601562499999999 0.061490740740740735
0 0.6207083333333333 0.4865046296296296 0.031098958333333333 0.06468055555555556
0 0.6571250000000001 0.48596759259259265 0.0326953125 0.08182870370370371
0 0.6428567708333334 0.4875231481481481 0.03742708333333333 0.05814351851851852
0 0.8644505208333333 0.6218842592592593 0.0191953125 0.1012175925925926
0 0.8161458333333333 0.5628101851851852 0.016966145833333335 0.09722222222222222
0 0.8006119791666666 0.554050925925926 0.022419270833333334 0.08774537037037038
0 0.7244166666666667 0.5397268518518519 0.01756770833333333 0.0681712962962963
0 0.7173333333333333 0.5534953703703703 0.026908854166666666 0.08820370370370371
0 0.7185989583333333 0.5042268518518519 0.0261875 0.07488425925925926
0 0.7860260416666667 0.5266805555555556 0.01639322916666667 0.08333796296296296
0 0.8942526041666666 0.5586851851851852 0.015518229166666668 0.1009675925925926
