0 0.6706979166666667 0.5218657407407408 0.01932552083333333 0.09493981481481481
0 0.6598854166666667 0.5298009259259259 0.024979166666666667 0.1172962962962963
0 0.5889895833333333 0.44025000000000003 0.021351562499999997 0.07417592592592592
0 0.8077552083333334 0.6347870370370371 0.0269921875 0.13053703703703703
0 0.6855130208333333 0.5413194444444445 0.031091145833333333 0.10302777777777777
0 0.7724322916666666 0.5017777777777778 0.020153645833333334 0.07370833333333333
0 0.7545000000000001 0.5137638888888889 0.021234375000000003 0.08039351851851852
0 0.7736979166666667 0.5821388888888889 0.029421875 0.10392592592592592
1 0.6813984375000001 0.43421296296296297 0.00703125 0.01499537037037037
0 0.8931770833333333 0.5611666666666666 0.020700520833333333 0.07685648148148148
0 0.7126328125000001 0.47511574074074076 0.013796874999999998 0.07546296296296297
0 0.7309348958333334 0.5203703703703704 0.026236979166666667 0.09359259259259259
0 0.7098619791666666 0.4435138888888889 0.016213541666666668 0.0665462962962963
