0 0.8255546875 0.6262407407407408 0.021822916666666668 0.115625
0 0.7084791666666667 0.6102685185185186 0.035867187499999995 0.11135648148148149
1 0.6813880208333334 0.5050740740740741 0.013713541666666666 0.02274074074074074
0 0.7326979166666666 0.5278842592592593 0.032265625 0.09564351851851852
0 0.8011666666666667 0.5820972222222222 0.0324296875 0.09849999999999999
0 0.6165520833333333 0.452462962962963 0.024815104166666668 0.07726388888888888
0 0.6873697916666667 0.469 0.0270078125 0.07382407407407408
0 0.7503177083333333 0.46818055555555554 0.01746354166666667 0.06163425925925926
0 0.7001145833333333 0.5352638888888889 0.0238359375 0.0974861111111111
0 0.6975598958333333 0.553787037037037 0.031341145833333334 0.06797685185185186
0 0.8954453125 0.5600925925925926 0.018572916666666665 0.08128703703703705
0 0.7546119791666667 0.4979907407407408 0.021322916666666667 0.078125
0 0.7335286458333333 0.492037037037037 0.021994791666666666 0.08216203703703703
