0 0.48837499999999995 0.53175 0.03281510416666667 0.09958796296296298
1 0.5009166666666667 0.5573888888888889 0.006479166666666666 0.013375
0 0.5721927083333332 0.5352777777777779 0.0307265625 0.0850925925925926
0 0.5973802083333334 0.47563888888888894 0.026755208333333332 0.08100925925925925
0 0.6300911458333334 0.44553703703703706 0.014841145833333335 0.068375
0 0.6410651041666667 0.4977453703703704 0.0263359375 0.0850925925925926
0 0.7051302083333333 0.48139814814814813 0.014421875 0.07543518518518519
0 0.7174635416666667 0.4786111111111111 0.0152578125 0.07803240740740741
0 0.7177760416666668 0.44628240740740743 0.011286458333333334 0.05648148148148148
0 0.6996953124999999 0.6476851851851851 0.024872395833333335 0.13005555555555556
0 0.7239427083333333 0.6289212962962963 0.03825 0.09252777777777778
0 0.8721380208333334 0.562587962962963 0.018601562500000002 0.08398148148148149
0 0.4771927083333333 0.4258425925925926 0.0229921875 0.06168518518518519
