0 0.8951666666666667 0.5623703703703704 0.0167890625 0.08601388888888889
0 0.8183828125 0.6020324074074075 0.0260859375 0.10788888888888888
0 0.7080833333333333 0.5105925925925926 0.025528645833333332 0.08843981481481482
0 0.7529114583333333 0.6148148148148148 0.029809895833333332 0.1175787037037037
0 0.7538125 0.5655462962962963 0.027322916666666665 0.09163425925925926
0 0.6234973958333333 0.5054768518518519 0.028674479166666666 0.10251851851851852
0 0.5821432291666666 0.44650462962962967 0.018135416666666668 0.07431018518518519
1 0.6369322916666668 0.43992592592592594 0.0082734375 0.014708333333333334
0 0.6387317708333333 0.44667129629629626 0.018786458333333332 0.0686851851851852
0 0.6612656250000001 0.46458333333333335 0.0198828125 0.0784675925925926
0 0.7214817708333333 0.45818055555555554 0.018229166666666668 0.06636574074074074
0 0.7250677083333333 0.47344444444444445 0.019057291666666667 0.07087962962962963
0 0.7842291666666666 0.5424027777777778 0.023255208333333333 0.10168055555555555
