0 0.6314348958333333 0.5817638888888889 0.028489583333333336 0.10451851851851851
0 0.5556796875 0.5161527777777778 0.017351562499999997 0.0976111111111111
0 0.5797656250000001 0.690199074074074 0.03962760416666666 0.12616203703703704
0 0.3807994791666667 0.45431944444444444 0.010518229166666667 0.07319444444444444
0 0.24991145833333334 0.48088425925925926 0.018083333333333333 0.07615740740740741
0 0.23285416666666667 0.49536111111111114 0.028346354166666664 0.08094444444444444
0 0.19046354166666665 0.5007222222222222 0.019752604166666667 0.07296296296296297
1 0.16583854166666667 0.41909259259259257 0.005901041666666666 0.010032407407407408
0 0.16500520833333335 0.4906898148148149 0.0162890625 0.1007824074074074
0 0.17263541666666665 0.49468055555555557 0.012825520833333333 0.08049074074074075
0 0.129796875 0.5207870370370371 0.016416666666666666 0.06749074074074074
0 0.1525 0.46424074074074073 0.0138515625 0.06475462962962963
0 0.20405989583333334 0.4473657407407407 0.015390625 0.06065277777777777
