0 0.2512421875 0.6516666666666666 0.034270833333333334 0.11927777777777777
0 0.18863020833333335 0.6053935185185185 0.037450520833333334 0.09614351851851852
0 0.351015625 0.5039814814814815 0.022414062499999998 0.07686111111111112
0 0.3093723958333333 0.44446759259259255 0.0229921875 0.0545
0 0.2427109375 0.4609212962962963 0.017208333333333332 0.07352314814814814
0 0.1946328125 0.5780138888888889 0.02140104166666667 0.09691203703703705
0 0.211984375 0.5759583333333333 0.03990885416666667 0.08611574074074074
0 0.18364322916666667 0.5463935185185186 0.03933072916666667 0.08406018518518518
0 0.21863541666666667 0.48418518518518516 0.023713541666666667 0.08149074074074074
0 0.2704739583333333 0.46490740740740744 0.017497395833333332 0.06966666666666667
0 0.3001901041666667 0.4890694444444445 0.020822916666666667 0.07686111111111112
1 0.16802604166666668 0.638425925925926 0.0069401041666666665 0.014652777777777777
0 0.163109375 0.45552314814814815 0.013591145833333334 0.06632407407407406
