0 0.467578125 0.6604166666666667 0.0390625 0.15833333333333333
0 0.481640625 0.5027777777777778 0.03203125 0.09861111111111111
0 0.386328125 0.5625 0.034375 0.1326388888888889
0 0.356640625 0.48680555555555555 0.024609375 0.08263888888888889
0 0.332421875 0.4909722222222222 0.02421875 0.09652777777777778
0 0.257421875 0.47430555555555554 0.0203125 0.0875
0 0.206640625 0.47291666666666665 0.024609375 0.07152777777777777
0 0.26953125 0.5631944444444444 0.023828125 0.11666666666666667
0 0.272265625 0.5340277777777778 0.038671875 0.10902777777777778
0 0.163671875 0.4625 0.028125 0.07777777777777778
0 0.16484375 0.5652777777777778 0.027734375 0.11388888888888889
1 0.113671875 0.4979166666666667 0.011328125 0.01875
0 0.1109375 0.5291666666666667 0.025390625 0.08819444444444445
