1 0.6874921875 0.34772685185185187 0.0067552083333333336 0.011574074074074073
0 0.6269322916666666 0.4726296296296296 0.0188515625 0.09834722222222222
0 0.6212968750000001 0.429875 0.013565104166666668 0.07235185185185185
0 0.8946380208333333 0.567375 0.015856770833333332 0.08487962962962962
0 0.8550859375000001 0.6040185185185185 0.020260416666666666 0.09427314814814815
0 0.7291171875 0.6024537037037037 0.02166927083333333 0.1042962962962963
0 0.794390625 0.5615787037037037 0.015151041666666667 0.09646759259259259
0 0.7472630208333333 0.4962777777777778 0.0156796875 0.08362499999999999
0 0.6436692708333334 0.49580555555555555 0.027658854166666667 0.08331481481481481
0 0.7827630208333333 0.5518703703703703 0.019731770833333332 0.08519444444444445
0 0.7456770833333334 0.4804583333333333 0.0227265625 0.07078703703703704
0 0.8005572916666667 0.5418472222222223 0.015151041666666667 0.08581944444444445
0 0.7508046875000001 0.5788564814814815 0.027572916666666666 0.10273611111111111
