0 0.263296875 0.47591666666666665 0.012458333333333333 0.07487962962962963
0 0.2625911458333333 0.43596296296296294 0.0180859375 0.0641712962962963
0 0.31840104166666666 0.450662037037037 0.024177083333333335 0.06978703703703704
0 0.4164192708333333 0.48310185185185184 0.019510416666666665 0.08277777777777778
0 0.545171875 0.5579490740740741 0.02340625 0.10166203703703704
0 0.6445442708333334 0.5387361111111112 0.024291666666666666 0.09120833333333334
0 0.5945520833333333 0.47974537037037035 0.014453125 0.08580092592592593
0 0.6869088541666667 0.46424074074074073 0.013223958333333334 0.08180092592592593
0 0.7095390625 0.4838703703703704 0.015117187499999999 0.0802824074074074
1 0.26245572916666665 0.4711064814814815 0.006416666666666667 0.01175462962962963
0 0.7735052083333334 0.4888194444444444 0.017596354166666665 0.06495833333333334
0 0.765953125 0.6027916666666666 0.027005208333333332 0.1083425925925926
0 0.7671015625000001 0.5878935185185185 0.028033854166666667 0.09034259259259259
