0 0.23028645833333333 0.4815 0.0156953125 0.079875
0 0.15971614583333332 0.46047685185185183 0.012432291666666668 0.07013888888888889
0 0.22563281249999997 0.44022222222222224 0.016518229166666665 0.06406018518518519
0 0.20708854166666668 0.4921990740740741 0.018361979166666667 0.08146759259259259
0 0.16776302083333333 0.49298611111111107 0.018609374999999997 0.09014351851851853
0 0.13528645833333333 0.5333194444444445 0.016578125 0.08152314814814815
0 0.5615859375 0.5108287037037037 0.030361979166666667 0.09588888888888888
0 0.6487786458333333 0.5758333333333333 0.030736979166666668 0.11425
0 0.3734296875 0.4525277777777778 0.018593750000000003 0.07728240740740741
0 0.24090625000000002 0.4829814814814815 0.020854166666666667 0.08450925925925926
0 0.60309375 0.6894953703703703 0.055924479166666666 0.13181018518518517
1 0.1594296875 0.4508009259259259 0.0080859375 0.013962962962962963
0 0.14926562499999999 0.5003472222222223 0.017817708333333335 0.09175925925925925
