0 0.7358776041666667 0.57175 0.030619791666666667 0.09306481481481482
0 0.5914973958333333 0.5073055555555556 0.0216640625 0.09022222222222222
0 0.5572265625 0.4465972222222222 0.013794270833333334 0.08047222222222222
1 0.5934270833333334 0.4708657407407408 0.007531250000000001 0.013888888888888888
0 0.6119791666666666 0.501587962962963 0.024390625 0.09583796296296296
0 0.7094583333333334 0.46416666666666667 0.021018229166666666 0.06363425925925925
0 0.7221458333333334 0.48640277777777785 0.022333333333333334 0.07633333333333334
0 0.7443281249999999 0.4961759259259259 0.01628125 0.08121296296296296
0 0.7335078125 0.4648009259259259 0.015953125 0.07224074074074073
0 0.7026015624999999 0.5560787037037037 0.03297135416666667 0.08857407407407407
0 0.8991848958333333 0.5639583333333333 0.021979166666666668 0.0816111111111111
0 0.8239270833333333 0.617986111111111 0.030236979166666667 0.10029166666666667
0 0.8100963541666667 0.5938564814814815 0.030322916666666665 0.08878240740740741
