0 0.268953125 0.6327777777777778 0.029718750000000002 0.10875925925925925
0 0.3238723958333333 0.5397777777777778 0.024854166666666667 0.0957824074074074
0 0.33769010416666667 0.4507962962962963 0.0205078125 0.07353703703703704
0 0.21498958333333332 0.5759305555555555 0.022247395833333336 0.0957824074074074
0 0.185703125 0.5091898148148147 0.0119921875 0.08465740740740742
0 0.22689322916666665 0.48987962962962966 0.023809895833333334 0.08373148148148149
0 0.2690390625 0.5314351851851852 0.0302421875 0.09516203703703704
0 0.2602630208333333 0.4628425925925926 0.014078125 0.07353703703703704
0 0.22602343749999998 0.5196944444444445 0.0269375 0.0821851851851852
0 0.23141145833333335 0.4996111111111112 0.02450520833333333 0.09825462962962962
1 0.23740885416666666 0.42283333333333334 0.0062578125 0.010814814814814815
0 0.1757109375 0.45311111111111113 0.009731770833333332 0.0670462962962963
0 0.1743203125 0.5042453703703704 0.010427083333333333 0.08404166666666667
