0 0.42707812500000003 0.46991203703703704 0.03252083333333333 0.0792638888888889
0 0.49665625 0.410625 0.013528645833333333 0.07274074074074074
0 0.081421875 0.5374953703703704 0.015328125 0.08237037037037036
0 0.35368750000000004 0.48021296296296295 0.01575 0.08501851851851851
0 0.17365364583333334 0.5629027777777778 0.020502604166666667 0.09831944444444445
0 0.24840104166666668 0.5143101851851852 0.016104166666666666 0.08973148148148148
0 0.2790859375 0.5130277777777779 0.021710937500000003 0.09969907407407406
0 0.309609375 0.4788472222222222 0.016104166666666666 0.08431944444444445
1 0.4234921875 0.37609722222222225 0.0054296875000000005 0.008976851851851852
0 0.42266666666666663 0.4109861111111111 0.013695312500000001 0.06727777777777777
0 0.401421875 0.44687037037037036 0.0121640625 0.07031944444444443
