0 0.4527395833333333 0.532962962962963 0.023794270833333336 0.09852314814814815
0 0.30573958333333334 0.6540277777777778 0.038510416666666665 0.1124351851851852
0 0.41203645833333336 0.5015138888888889 0.030684895833333333 0.0935138888888889
0 0.36069010416666664 0.4770231481481481 0.01690625 0.07904166666666666
0 0.21776041666666668 0.5029074074074074 0.01784635416666667 0.08738888888888889
0 0.3309453125 0.44585185185185183 0.013776041666666666 0.07236111111111111
0 0.14290364583333334 0.5079074074074074 0.022351562499999998 0.07677314814814816
0 0.1728515625 0.48996759259259254 0.0145390625 0.07793055555555556
0 0.27690885416666666 0.5023148148148148 0.02734375 0.07793055555555556
0 0.22634635416666665 0.453125 0.013888020833333332 0.06674537037037036
0 0.2237421875 0.47511574074074076 0.013020833333333334 0.071375
0 0.18435416666666665 0.4517731481481482 0.0128046875 0.06558796296296296
