0 0.398828125 0.6486111111111111 0.068359375 0.15625
0 0.450390625 0.5020833333333333 0.023046875 0.12013888888888889
0 0.30234375 0.58125 0.044921875 0.13125
0 0.3484375 0.4951388888888889 0.0265625 0.09375
0 0.196484375 0.5465277777777777 0.033203125 0.10486111111111111
0 0.238671875 0.54375 0.028125 0.11319444444444444
0 0.275 0.48055555555555557 0.0375 0.0798611111111111
0 0.165234375 0.5375 0.03046875 0.10625
0 0.14375 0.5166666666666667 0.03125 0.08333333333333333
1 0.13671875 0.5111111111111111 0.0125 0.018055555555555554
0 0.2328125 0.48680555555555555 0.029296875 0.09791666666666667
0 0.16015625 0.4625 0.02578125 0.08194444444444444
0 0.20234375 0.47291666666666665 0.025 0.07777777777777778
