0 0.3494427083333333 0.5671157407407408 0.036609375000000006 0.11335185185185186
0 0.3819401041666667 0.43877314814814816 0.016864583333333336 0.06581481481481481
1 0.45526302083333337 0.40458796296296295 0.007197916666666667 0.013527777777777777
0 0.4564973958333333 0.5230555555555555 0.024065104166666667 0.09324074074074075
0 0.4074427083333333 0.6563333333333333 0.0460703125 0.13675
0 0.7243880208333333 0.5577916666666667 0.01933333333333333 0.09250925925925925
0 0.835453125 0.6183055555555556 0.02015625 0.08629166666666666
0 0.6039661458333333 0.5354861111111111 0.030234374999999997 0.10420833333333333
0 0.5832942708333333 0.4897824074074074 0.019744791666666664 0.07422685185185186
0 0.5964583333333333 0.45285185185185184 0.012341145833333334 0.06691203703703703
0 0.5501822916666667 0.4788101851851852 0.0259140625 0.07934722222222222
0 0.5671484375 0.6033148148148149 0.03887239583333334 0.10091666666666667
0 0.39880468750000003 0.46125925925925926 0.016453125 0.07130092592592592
