0 0.40325 0.6514814814814816 0.057479166666666665 0.14491666666666667
0 0.4527265625 0.5004259259259259 0.03534895833333333 0.09778240740740742
0 0.3187734375 0.5770277777777778 0.033817708333333335 0.12480092592592593
0 0.3508515625 0.4933842592592593 0.025328125 0.08815277777777777
0 0.28488541666666667 0.4805138888888889 0.028669270833333333 0.07725462962962963
0 0.2086875 0.5420185185185186 0.035768229166666665 0.11564814814814815
0 0.24821354166666668 0.5478333333333333 0.027973958333333333 0.10797685185185185
0 0.23756510416666668 0.4855879629629629 0.0292265625 0.10076851851851852
0 0.20409635416666666 0.4758101851851852 0.024075520833333332 0.07378703703703704
0 0.16324739583333334 0.5431296296296296 0.03173177083333333 0.10154166666666667
0 0.1607421875 0.4631018518518518 0.020041666666666666 0.081375
1 0.12448177083333332 0.5139583333333334 0.009893229166666666 0.017888888888888888
0 0.13320833333333332 0.5242314814814815 0.030640624999999998 0.08972685185185185
