0 0.5545416666666667 0.4294351851851852 0.0098515625 0.06443055555555555
0 0.6249166666666667 0.4707222222222222 0.016184895833333334 0.06943518518518518
1 0.6219765625 0.467875 0.005919270833333334 0.011333333333333334
0 0.6414713541666667 0.5359027777777777 0.02657552083333333 0.08444907407407408
0 0.6516145833333333 0.5247222222222223 0.03248177083333333 0.07805555555555556
0 0.6795390625 0.4870601851851852 0.014893229166666666 0.07714351851851851
0 0.72075 0.4997268518518519 0.020028645833333334 0.08193981481481481
0 0.7202994791666666 0.4683472222222222 0.02375 0.06664351851851852
0 0.7208125 0.47154166666666664 0.015278645833333333 0.072125
0 0.6934036458333334 0.4446111111111111 0.02079947916666667 0.05614814814814815
0 0.797203125 0.6438611111111111 0.03427864583333333 0.11457407407407406
0 0.7900781250000001 0.607912037037037 0.022338541666666666 0.09791666666666667
0 0.9017083333333333 0.5699120370370371 0.01784635416666667 0.08718518518518519
