0 0.6014765625 0.551337962962963 0.030794270833333335 0.09295833333333332
0 0.5889895833333333 0.44025000000000003 0.021351562499999997 0.07417592592592592
0 0.7571067708333333 0.632087962962963 0.0319765625 0.1223564814814815
0 0.651296875 0.5496435185185186 0.031091145833333333 0.10704166666666667
0 0.6541302083333334 0.4650648148148148 0.024752604166666668 0.07370833333333333
0 0.6736354166666667 0.4777453703703704 0.0278125 0.07735185185185185
0 0.7785104166666666 0.5983796296296297 0.024203125 0.11318055555555555
0 0.8955130208333333 0.5663564814814814 0.020700520833333333 0.0851574074074074
0 0.7127369791666667 0.4819351851851852 0.019192708333333332 0.07546296296296297
0 0.7239921875 0.5161574074074075 0.018963541666666663 0.09028240740740741
0 0.7033020833333333 0.45080555555555557 0.016213541666666668 0.0665462962962963
0 0.6324088541666666 0.5545462962962963 0.033317708333333335 0.09260185185185185
