0 0.2841432291666666 0.6604074074074074 0.04051041666666667 0.12225462962962963
0 0.3263880208333333 0.5330648148148148 0.024304687499999998 0.09905555555555556
0 0.4247682291666666 0.492162037037037 0.019677083333333335 0.0944074074074074
0 0.18258072916666668 0.4540740740740741 0.01678125 0.06818981481481481
0 0.2374140625 0.4661805555555556 0.0147578125 0.0763888888888889
0 0.20703125 0.5505601851851852 0.0234375 0.09700462962962964
0 0.21021354166666667 0.5106805555555555 0.019385416666666665 0.05119907407407408
0 0.1944453125 0.5016805555555556 0.017361979166666666 0.07331944444444445
0 0.15726302083333332 0.493962962962963 0.02112239583333333 0.08257407407407408
0 0.14380729166666667 0.5701111111111111 0.020255208333333333 0.09906944444444445
0 0.128328125 0.5410416666666668 0.0153359375 0.09956944444444445
0 0.13874479166666667 0.5145416666666667 0.011864583333333335 0.049652777777777775
