0 0.17037239583333333 0.45110185185185186 0.013940104166666667 0.060069444444444446
0 0.18468489583333333 0.5199768518518519 0.019002604166666666 0.08929629629629629
0 0.20857291666666666 0.5022962962962964 0.025013020833333333 0.09010648148148148
0 0.37129947916666667 0.4955555555555556 0.03026302083333333 0.0858287037037037
0 0.4256536458333333 0.49417129629629636 0.019385416666666665 0.09290277777777778
0 0.5520572916666667 0.4722222222222222 0.020526041666666665 0.0740648148148148
0 0.5868489583333333 0.44896759259259256 0.017466145833333332 0.06881018518518518
0 0.6525468750000001 0.5803425925925926 0.025354166666666667 0.09928703703703703
0 0.7158828125 0.5316157407407407 0.027263020833333332 0.09100462962962963
0 0.7376510416666666 0.5511759259259259 0.022963541666666667 0.09394444444444444
0 0.7611171875 0.5962083333333333 0.020815104166666668 0.09929166666666667
1 0.7614765625000001 0.5921944444444445 0.00796875 0.014476851851851852
0 0.8694921875 0.6518472222222222 0.019098958333333336 0.09629166666666666
