0 0.8220442708333333 0.6055370370370371 0.031028645833333333 0.10768981481481482
0 0.7839348958333333 0.5390555555555555 0.019080729166666664 0.09601388888888888
0 0.7452057291666667 0.6146527777777778 0.030557291666666667 0.12596759259259258
0 0.6418880208333333 0.44799537037037035 0.0222421875 0.06818055555555556
0 0.7205104166666667 0.45326388888888886 0.01639322916666667 0.06474074074074074
0 0.6223098958333334 0.5048518518518519 0.03133072916666667 0.09688888888888889
0 0.747828125 0.569236111111111 0.026455729166666667 0.09528703703703703
0 0.7264739583333333 0.4740324074074074 0.016729166666666666 0.0703425925925926
0 0.6613697916666667 0.4639490740740741 0.0230859375 0.08087962962962962
0 0.7008203125 0.5085046296296296 0.023817708333333333 0.0869537037037037
0 0.89475 0.5622314814814815 0.019171875 0.08681944444444445
0 0.5787291666666667 0.4423425925925926 0.02011197916666667 0.07262037037037038
1 0.6331875 0.4524722222222222 0.006252604166666667 0.012476851851851852
