0 0.7215494791666667 0.44799999999999995 0.0128984375 0.06040277777777778
0 0.7378854166666666 0.47125925925925927 0.015020833333333334 0.07137037037037038
0 0.7837265625000001 0.5242129629629629 0.025901041666666666 0.09807407407407408
0 0.7795833333333333 0.5410185185185185 0.0341875 0.09393055555555554
0 0.74425 0.5716759259259259 0.04830729166666667 0.07860185185185185
0 0.8698515625 0.5491990740740741 0.018408854166666665 0.08693055555555557
1 0.8765729166666667 0.5088425925925926 0.006098958333333334 0.010638888888888889
0 0.7677942708333333 0.6230185185185185 0.045346354166666665 0.11047222222222222
0 0.751515625 0.5680185185185186 0.033632812500000005 0.08968518518518519
0 0.7805104166666667 0.5731712962962963 0.041203125 0.0887037037037037
0 0.8348359375 0.5492268518518518 0.026388020833333335 0.07774074074074074
0 0.9370937500000001 0.6120555555555556 0.017906250000000002 0.09952314814814815
0 0.6117526041666667 0.43763888888888886 0.015645833333333335 0.087125
