0 0.41005989583333335 0.4839259259259259 0.016 0.07653240740740741
0 0.4576614583333333 0.4806759259259259 0.020874999999999998 0.08493055555555555
0 0.4916744791666667 0.42312962962962963 0.011565104166666666 0.05599537037037037
0 0.091375 0.525175925925926 0.013388020833333332 0.0802824074074074
0 0.3008151041666667 0.4466481481481481 0.011419270833333333 0.0480787037037037
0 0.18885156250000001 0.5595324074074074 0.016861979166666666 0.10469907407407408
0 0.28248958333333335 0.5128148148148148 0.0147421875 0.09414351851851852
0 0.30011458333333335 0.5123888888888889 0.01634375 0.09613888888888888
0 0.29034114583333337 0.4628240740740741 0.0153828125 0.06993055555555557
0 0.39486197916666665 0.4210231481481481 0.021002604166666668 0.06168518518518519
0 0.36345052083333335 0.43166203703703704 0.015328125 0.0680324074074074
