0 0.5668593749999999 0.44666666666666666 0.020065104166666667 0.08177314814814815
0 0.5957395833333333 0.5063611111111112 0.02235677083333333 0.09440277777777778
1 0.6780078125000001 0.5263657407407407 0.012059895833333334 0.02625925925925926
0 0.7184947916666666 0.5869583333333332 0.039929687500000005 0.11746296296296296
0 0.7393515625 0.5882499999999999 0.04733333333333333 0.09368981481481482
0 0.672765625 0.4531898148148148 0.0238359375 0.06712962962962964
0 0.8984687499999999 0.5639490740740741 0.018971354166666666 0.08052314814814815
0 0.7778229166666667 0.5453009259259259 0.030213541666666666 0.07594444444444444
0 0.7309036458333333 0.4934212962962963 0.022828124999999998 0.08851851851851851
0 0.7640286458333333 0.5365 0.026138020833333334 0.09015277777777778
0 0.7875833333333334 0.49300000000000005 0.016505208333333334 0.06767592592592593
0 0.7457552083333333 0.4928611111111111 0.019083333333333334 0.08036111111111112
0 0.6162239583333334 0.49970370370370365 0.0269140625 0.08238888888888889
