0 0.2680807291666667 0.479587962962963 0.0186328125 0.08777314814814816
0 0.277 0.47105555555555556 0.016710937500000002 0.07611574074074073
0 0.29324999999999996 0.4538981481481481 0.028578125 0.05183333333333333
0 0.28879427083333337 0.4572361111111111 0.0161875 0.06469444444444444
0 0.22234114583333334 0.46997222222222224 0.015981770833333332 0.07665277777777778
0 0.21823958333333332 0.44487499999999996 0.011903645833333334 0.06467592592592591
0 0.2533932291666667 0.5652916666666666 0.03320052083333333 0.10600462962962963
0 0.2108828125 0.5441944444444444 0.0257734375 0.09387037037037037
0 0.3212213541666667 0.5046944444444444 0.026890625 0.08846296296296297
0 0.357640625 0.5023287037037036 0.026033854166666665 0.09837962962962964
1 0.34764062500000004 0.48739814814814814 0.00646875 0.012648148148148148
0 0.298421875 0.6709583333333333 0.028973958333333334 0.1219814814814815
0 0.1581640625 0.4518425925925926 0.0131015625 0.06484259259259259
