0 0.5583072916666667 0.5206342592592592 0.026505208333333332 0.09516203703703704
0 0.6106770833333334 0.5968101851851851 0.02676302083333333 0.11391666666666667
0 0.5788958333333334 0.6885370370370371 0.036286458333333334 0.12169444444444445
0 0.3963098958333333 0.45589814814814816 0.013895833333333333 0.0718287037037037
0 0.2823072916666666 0.48518055555555556 0.014411458333333333 0.07914814814814815
0 0.24872395833333333 0.5075972222222223 0.0172421875 0.0947037037037037
0 0.14075260416666666 0.5004537037037037 0.015466145833333333 0.07246296296296297
0 0.19879947916666665 0.4996435185185185 0.014375 0.07472685185185185
0 0.185515625 0.5082175925925926 0.0187421875 0.07505092592592594
0 0.17496354166666667 0.5053055555555556 0.018015625 0.07246296296296297
0 0.17532552083333333 0.45758796296296295 0.015104166666666667 0.05337962962962963
0 0.15130729166666665 0.4684259259259259 0.011098958333333332 0.0601712962962963
1 0.163953125 0.40146296296296297 0.005096354166666667 0.010351851851851852
