0 0.5891302083333334 0.4827916666666666 0.024541666666666666 0.07496296296296295
0 0.5971171875 0.4262638888888889 0.017828124999999997 0.0737962962962963
0 0.8928385416666667 0.5768194444444444 0.0191015625 0.08860185185185185
0 0.7599973958333333 0.5332175925925926 0.026625 0.0842175925925926
0 0.7826015625 0.5384629629629629 0.03293489583333333 0.0716712962962963
1 0.7955963541666667 0.490875 0.0063671875 0.011171296296296295
0 0.80190625 0.5557268518518518 0.023846354166666663 0.09374537037037037
0 0.8311354166666667 0.6161388888888888 0.017481770833333334 0.10874074074074074
0 0.5454843749999999 0.4639768518518519 0.026164062499999998 0.07760648148148148
0 0.6873697916666667 0.5508472222222222 0.029552083333333333 0.09948148148148148
0 0.7521510416666667 0.48861111111111116 0.021986979166666667 0.07774537037037037
0 0.748734375 0.48315740740740737 0.020481770833333336 0.07631018518518519
0 0.6509557291666667 0.5572777777777778 0.02303125 0.10148148148148148
