0 0.6709479166666666 0.5325092592592593 0.01932552083333333 0.08518518518518518
0 0.6411744791666667 0.5510879629629629 0.024979166666666667 0.10754166666666666
0 0.5889895833333333 0.44025000000000003 0.021351562499999997 0.07417592592592592
0 0.7700833333333333 0.6254722222222222 0.0269921875 0.13053703703703703
0 0.6668020833333334 0.5395462962962964 0.031091145833333333 0.10302777777777777
0 0.7484817708333333 0.5022222222222222 0.020153645833333334 0.07370833333333333
0 0.716703125 0.5000138888888889 0.026473958333333332 0.08039351851851852
0 0.7497473958333334 0.5825833333333333 0.029421875 0.10392592592592592
1 0.6562005208333334 0.5459675925925925 0.00703125 0.01499537037037037
0 0.8931770833333333 0.5611666666666666 0.020700520833333333 0.07685648148148148
0 0.7126328125000001 0.47511574074074076 0.013796874999999998 0.07546296296296297
0 0.7274427083333334 0.5190416666666667 0.026236979166666667 0.09359259259259259
0 0.7098619791666666 0.4435138888888889 0.016213541666666668 0.0665462962962963
