0 0.9061588541666666 0.6422731481481482 0.021080729166666666 0.08712037037037038
0 0.174828125 0.45145833333333335 0.0142109375 0.06716666666666667
0 0.20978385416666667 0.5018240740740741 0.018000000000000002 0.08475462962962962
0 0.22134114583333334 0.5011851851851852 0.018447916666666668 0.09523148148148147
0 0.4096822916666667 0.49231481481481487 0.023325520833333332 0.08924537037037038
0 0.46614062500000003 0.48692592592592593 0.023674479166666665 0.09051388888888888
0 0.6463541666666667 0.5802037037037037 0.0247890625 0.10590740740740741
0 0.690421875 0.4895 0.030674479166666668 0.06841666666666667
0 0.6904453125 0.47075462962962966 0.018789062500000002 0.06361574074074074
0 0.7996458333333333 0.6030324074074074 0.0285 0.099375
0 0.7949817708333333 0.5335 0.0193359375 0.0807361111111111
0 0.8337265625000001 0.5525046296296297 0.019572916666666666 0.07975
