0 0.6176171875 0.44525925925925924 0.016874999999999998 0.07179166666666667
0 0.6782109374999999 0.4515694444444444 0.019669270833333332 0.06709722222222222
0 0.6909270833333333 0.48095370370370366 0.017231770833333333 0.06903240740740742
0 0.7142109375000001 0.4772361111111111 0.013205729166666668 0.0705324074074074
0 0.6981458333333334 0.51625 0.016783854166666667 0.07381944444444444
0 0.723078125 0.5118287037037037 0.02315625 0.07222222222222222
0 0.7579713541666667 0.5128888888888888 0.025408854166666665 0.07931018518518519
0 0.7062291666666667 0.5786064814814814 0.030906250000000003 0.08588425925925926
0 0.77228125 0.572875 0.0376875 0.09127314814814814
0 0.772375 0.5888425925925926 0.028380208333333334 0.08616666666666667
1 0.7638151041666668 0.6135092592592593 0.0073359375000000004 0.012592592592592593
0 0.7093828125 0.5667037037037037 0.038575520833333335 0.08199074074074074
0 0.8934453125 0.5663657407407408 0.01708854166666667 0.07586111111111112
