0 0.7254791666666667 0.5524768518518518 0.027520833333333335 0.0952638888888889
0 0.591359375 0.4393564814814815 0.021825520833333334 0.08412037037037036
0 0.8868828125 0.5608425925925926 0.016606770833333333 0.09090740740740741
1 0.6439088541666667 0.49580555555555555 0.0122578125 0.018472222222222223
0 0.6100234375 0.5041805555555555 0.024356770833333333 0.09285648148148148
0 0.6277369791666667 0.4572175925925926 0.021825520833333334 0.0832824074074074
0 0.6586979166666667 0.47085185185185185 0.018109375 0.06275925925925926
0 0.6596458333333334 0.5156388888888889 0.03265885416666667 0.08906481481481482
0 0.72125 0.6173703703703703 0.04230729166666667 0.1196064814814815
0 0.7386874999999999 0.48266666666666663 0.02040364583333333 0.06950925925925926
0 0.7547005208333334 0.5618981481481482 0.030286458333333332 0.1112962962962963
0 0.7380130208333333 0.5301898148148149 0.023328124999999998 0.09145833333333334
0 0.7292760416666667 0.4725416666666667 0.022458333333333334 0.07737962962962962
