0 0.629484375 0.6847083333333334 0.028210937499999998 0.12070833333333335
0 0.5887213541666667 0.6003425925925926 0.033231770833333334 0.11262962962962964
0 0.5764088541666667 0.5285138888888888 0.026299479166666664 0.10243055555555555
0 0.42124999999999996 0.4564722222222222 0.0234296875 0.07310185185185185
0 0.33159635416666666 0.4889861111111111 0.0258203125 0.08373148148148149
0 0.3104375 0.5159768518518518 0.029885416666666668 0.1011574074074074
0 0.264296875 0.4906898148148149 0.029406250000000002 0.08373148148148149
0 0.20022395833333334 0.511087962962963 0.013627604166666666 0.08202777777777778
0 0.18695572916666667 0.5325509259259259 0.01769270833333333 0.0867037037037037
0 0.17105729166666667 0.46816203703703707 0.012671874999999999 0.09477777777777778
0 0.17404687500000002 0.4673101851851852 0.00478125 0.06843055555555555
1 0.16759114583333332 0.39612037037037034 0.005260416666666667 0.011050925925925926
0 0.16548958333333333 0.48577314814814815 0.016145833333333335 0.057069444444444443
