0 0.6370885416666667 0.5800972222222223 0.033679687500000006 0.12603240740740743
0 0.696578125 0.5701666666666666 0.0323984375 0.1061712962962963
0 0.6262421875 0.502800925925926 0.025169270833333333 0.08663425925925926
1 0.6203385416666667 0.49172222222222217 0.009518229166666666 0.017620370370370373
0 0.6473854166666667 0.4490092592592593 0.018028645833333336 0.06007870370370371
0 0.6629895833333334 0.47815277777777776 0.016291666666666666 0.07443518518518519
0 0.6847265625 0.4718055555555556 0.0317578125 0.0734537037037037
0 0.7121354166666667 0.5100555555555556 0.019585937499999997 0.08747222222222222
0 0.7012447916666668 0.4893842592592592 0.0230625 0.06956018518518518
0 0.8000885416666667 0.5947638888888889 0.025260416666666667 0.11240740740740741
0 0.8135442708333334 0.6411388888888888 0.03734114583333333 0.12119907407407408
0 0.5141276041666667 0.44340277777777776 0.023888020833333336 0.079125
0 0.9014973958333333 0.5931342592592593 0.02434375 0.10133796296296296
