1 0.5907265625 0.48617592592592596 0.007908854166666666 0.017486111111111112
0 0.5943645833333334 0.44231018518518517 0.015182291666666665 0.08159259259259259
0 0.88684375 0.5609166666666666 0.017317708333333334 0.0952638888888889
0 0.7596041666666667 0.6260879629629629 0.036455729166666666 0.11454629629629628
0 0.6853854166666667 0.553888888888889 0.0317890625 0.10481944444444444
0 0.5966588541666666 0.49173611111111115 0.024515625 0.08624537037037036
0 0.6221614583333334 0.4735277777777778 0.017794270833333334 0.08778703703703704
0 0.71678125 0.5256203703703703 0.029734375 0.10059722222222221
0 0.7583776041666667 0.5539537037037037 0.026255208333333332 0.09118518518518519
0 0.7378567708333333 0.4880092592592592 0.019848958333333333 0.08019907407407408
0 0.7370260416666666 0.47943518518518513 0.017713541666666666 0.08722222222222223
0 0.6447395833333334 0.4974305555555556 0.0226171875 0.08498148148148148
0 0.6660130208333332 0.4947592592592593 0.022458333333333334 0.09932407407407406
