0 0.5686119791666666 0.4509444444444444 0.027010416666666665 0.07910648148148149
0 0.6222890625 0.5949768518518519 0.04849739583333333 0.10472222222222222
1 0.6360104166666667 0.5790694444444444 0.01065625 0.020328703703703703
0 0.6659921875 0.5990462962962964 0.03451822916666667 0.08038425925925925
0 0.8271093749999999 0.5658333333333333 0.028796875 0.07813888888888888
0 0.9067317708333333 0.5711342592592593 0.019283854166666666 0.07869444444444444
0 0.76240625 0.5074212962962963 0.024223958333333333 0.08735648148148148
0 0.7880755208333333 0.5317916666666667 0.019020833333333334 0.08969907407407407
0 0.8088072916666668 0.5332731481481481 0.017421875 0.0841574074074074
0 0.69784375 0.4935277777777778 0.03254166666666666 0.08121296296296296
0 0.6132005208333333 0.4883518518518518 0.019841145833333334 0.08014351851851853
0 0.6404296875 0.5081666666666668 0.0173203125 0.08730092592592592
0 0.6264036458333333 0.4506203703703704 0.021455729166666666 0.06422222222222222
