0 0.8946666666666666 0.5633564814814814 0.01778645833333333 0.08137962962962964
0 0.7782630208333334 0.5937407407407408 0.0257421875 0.11699537037037037
0 0.7369505208333333 0.5352407407407407 0.023809895833333334 0.09839351851851852
0 0.8076354166666667 0.5251527777777777 0.016872395833333335 0.08257870370370371
0 0.672390625 0.5600462962962963 0.025385416666666667 0.11822222222222223
0 0.5711119791666667 0.4441435185185185 0.017864583333333333 0.07475462962962963
0 0.6565677083333333 0.47702777777777783 0.0192421875 0.07224537037037038
0 0.6648541666666666 0.4839398148148148 0.0229140625 0.07521296296296297
0 0.5810625 0.5038703703703703 0.027453125000000002 0.08419907407407408
0 0.6171145833333332 0.5194166666666666 0.022625 0.0968611111111111
0 0.7865625 0.5653194444444444 0.015356770833333333 0.10299074074074074
0 0.7820130208333332 0.508537037037037 0.025567708333333335 0.07448148148148148
1 0.5891770833333333 0.5089074074074074 0.007299479166666667 0.013273148148148149
