0 0.244953125 0.6524351851851852 0.0318125 0.11876388888888888
0 0.20526041666666667 0.6024351851851851 0.048440104166666664 0.09691203703703705
0 0.3508723958333333 0.49433796296296295 0.018653645833333333 0.07043518518518518
0 0.30756510416666666 0.43765740740740744 0.0167734375 0.06349537037037037
0 0.24076041666666667 0.46117592592592593 0.015328125 0.07455092592592592
0 0.19665625 0.5745462962962963 0.029208333333333333 0.09871296296296296
0 0.21971875000000002 0.5755740740740741 0.04526041666666667 0.08791666666666667
0 0.18978645833333332 0.5354722222222221 0.044393229166666666 0.07814814814814815
0 0.21610416666666668 0.4840555555555555 0.01952083333333333 0.07968981481481481
0 0.271703125 0.4645185185185185 0.015328125 0.0699212962962963
0 0.30141927083333336 0.48726851851851855 0.017208333333333332 0.08046296296296297
1 0.18400260416666667 0.592925925925926 0.0070859375 0.015166666666666665
0 0.16383072916666666 0.4542361111111111 0.013013020833333333 0.06683796296296296
