0 0.09081770833333333 0.5262731481481482 0.021604166666666664 0.09094907407407407
0 0.2501015625 0.5145879629629629 0.025833333333333333 0.09806018518518518
0 0.27084895833333333 0.5231250000000001 0.03211979166666667 0.10700462962962963
0 0.3085130208333334 0.4547314814814815 0.021489583333333333 0.0779212962962963
0 0.32748697916666664 0.4381666666666667 0.027432291666666667 0.07527314814814814
0 0.5112916666666666 0.49456944444444445 0.0338359375 0.08443981481481481
0 0.43293489583333333 0.44863425925925926 0.03143489583333333 0.07385648148148148
0 0.46768489583333334 0.4936527777777778 0.027091145833333333 0.10089814814814815
0 0.5636458333333334 0.43400000000000005 0.021489583333333333 0.08523148148148148
0 0.6166822916666667 0.48400000000000004 0.029718750000000002 0.10394444444444445
0 0.6491458333333333 0.5016805555555556 0.033377604166666665 0.10273148148148148
0 0.6246848958333333 0.43145833333333333 0.022861979166666668 0.06592592592592593
1 0.4649244791666666 0.4819675925925926 0.024281249999999997 0.023814814814814813
