1 0.5822526041666667 0.4105694444444445 0.009838541666666667 0.019537037037037037
0 0.5791067708333333 0.4237638888888889 0.016770833333333336 0.06886111111111111
0 0.6264791666666666 0.48333333333333334 0.020078125 0.09196296296296295
0 0.6615156249999999 0.5210416666666667 0.026770833333333334 0.07849537037037038
0 0.6245052083333333 0.42003703703703704 0.018546875 0.07860648148148147
0 0.6680052083333333 0.5001805555555556 0.027494791666666667 0.09268055555555556
0 0.6541770833333334 0.5266296296296297 0.03434895833333333 0.08681018518518518
0 0.46420572916666664 0.4386759259259259 0.015643229166666668 0.08148148148148149
0 0.36006770833333335 0.44297685185185187 0.02265885416666667 0.07861574074074074
0 0.36942187499999996 0.4256990740740741 0.01991666666666667 0.07416666666666666
0 0.2403671875 0.5117175925925925 0.0203203125 0.10142592592592593
0 0.27306510416666663 0.5176712962962964 0.02459375 0.11475925925925926
0 0.07644010416666666 0.5391018518518519 0.023059895833333333 0.09025
