0 0.3377526041666667 0.5433564814814815 0.036143229166666666 0.06642592592592592
0 0.3289609375 0.5347824074074075 0.018072916666666668 0.09530092592592593
0 0.48054427083333334 0.520462962962963 0.01696354166666667 0.08858796296296297
0 0.13893229166666668 0.4824907407407408 0.014963541666666667 0.07197685185185185
0 0.3163151041666667 0.4448148148148148 0.01653125 0.06581481481481481
0 0.1691953125 0.5486898148148148 0.022039062499999998 0.09649537037037037
0 0.28673697916666663 0.5202916666666666 0.029643229166666667 0.0811851851851852
0 0.3149375 0.5269166666666667 0.014580729166666667 0.10126851851851852
0 0.21230729166666668 0.5002824074074074 0.023713541666666667 0.08617129629629629
1 0.3396901041666667 0.5629675925925925 0.0070026041666666665 0.01399537037037037
0 0.28345312500000003 0.45979166666666665 0.015919270833333336 0.07295370370370372
