0 0.4678541666666666 0.5325416666666667 0.0188125 0.09158796296296297
1 0.4826171875 0.551837962962963 0.007234375 0.014921296296296295
0 0.5685755208333333 0.5333148148148148 0.028653645833333335 0.09107407407407407
0 0.5830468750000001 0.4746574074074074 0.017653645833333335 0.08592592592592592
0 0.636734375 0.4949814814814815 0.026049479166666667 0.08952777777777778
0 0.46640885416666666 0.42783333333333334 0.0130234375 0.06225925925925926
0 0.6214661458333333 0.4421481481481481 0.0226796875 0.06802314814814815
0 0.7050885416666667 0.4864675925925926 0.0161015625 0.0717175925925926
0 0.7129661458333333 0.4755416666666667 0.013158854166666668 0.0757175925925926
0 0.7158229166666668 0.4476851851851852 0.011598958333333333 0.057555555555555554
0 0.6722812499999999 0.6520601851851852 0.04328385416666667 0.12958333333333333
0 0.7123619791666667 0.6282083333333334 0.025104166666666667 0.09911111111111112
0 0.8686145833333333 0.5601851851851852 0.01973697916666667 0.081875
