0 0.6124713541666666 0.4376064814814815 0.016708333333333332 0.08724074074074074
0 0.7326328125 0.46423148148148147 0.0105078125 0.06762499999999999
0 0.7467135416666667 0.4779583333333334 0.014921875 0.06968055555555555
0 0.7152421875 0.5536574074074074 0.03015885416666667 0.08768981481481482
0 0.7510208333333334 0.5346574074074074 0.018494791666666666 0.07696759259259259
0 0.7494453125 0.5638009259259259 0.02984375 0.08817592592592594
0 0.7745078125 0.5584768518518518 0.0181796875 0.09919907407407408
0 0.7929505208333333 0.5210185185185185 0.030893229166666664 0.10386574074074074
0 0.8689765625 0.5489490740740741 0.017127604166666664 0.08686574074074074
1 0.8757552083333333 0.5051435185185185 0.006093749999999999 0.009712962962962963
0 0.9369114583333332 0.61125 0.017653645833333335 0.10125462962962964
0 0.7626848958333333 0.5711805555555556 0.018494791666666666 0.09359259259259259
0 0.8334583333333333 0.5499768518518519 0.023854166666666666 0.07771296296296297
