0 0.7145520833333333 0.4437916666666667 0.014869791666666667 0.05541666666666667
0 0.7743828125000001 0.5984444444444444 0.017010416666666663 0.09288425925925926
0 0.7443072916666666 0.6206666666666667 0.035296875 0.11654166666666667
0 0.7992421875000001 0.49840740740740735 0.010911458333333334 0.07232407407407407
0 0.7913567708333333 0.5123703703703704 0.019122395833333337 0.07357407407407407
0 0.7284453125 0.48213888888888895 0.01816145833333333 0.07086111111111111
0 0.7740104166666666 0.5123611111111112 0.016830729166666666 0.08811111111111111
0 0.6103906250000001 0.4444490740740741 0.014067708333333335 0.07023148148148148
0 0.7100052083333334 0.5311666666666667 0.029606770833333334 0.07102777777777777
0 0.90728125 0.5798611111111112 0.01728645833333333 0.07332407407407407
0 0.7211536458333333 0.4632037037037037 0.009260416666666667 0.054675925925925926
0 0.7169635416666666 0.5170787037037038 0.03896354166666667 0.06738888888888889
1 0.7134791666666668 0.5271898148148149 0.006169270833333334 0.012300925925925925
