0 0.900390625 0.5916666666666667 0.02265625 0.10208333333333333
0 0.81171875 0.6409722222222223 0.03671875 0.11666666666666667
0 0.79921875 0.5923611111111111 0.021875 0.10625
0 0.69296875 0.5618055555555556 0.02734375 0.1076388888888889
0 0.7125 0.5097222222222222 0.01875 0.09027777777777778
0 0.708203125 0.49583333333333335 0.015234375 0.0875
0 0.626953125 0.5777777777777777 0.03046875 0.12083333333333333
1 0.61953125 0.5076388888888889 0.0078125 0.014583333333333334
0 0.51953125 0.44027777777777777 0.0203125 0.07777777777777778
0 0.6640625 0.4777777777777778 0.01484375 0.075
0 0.64140625 0.4534722222222222 0.019140625 0.06736111111111111
0 0.676171875 0.46319444444444446 0.01640625 0.07152777777777777
0 0.627734375 0.49583333333333335 0.026171875 0.08611111111111111
