0 0.5842213541666667 0.5151712962962963 0.026341145833333336 0.08219444444444444
1 0.5793463541666667 0.49942592592592594 0.006552083333333333 0.012199074074074074
0 0.6083411458333334 0.5665277777777779 0.0499609375 0.0988287037037037
0 0.6195 0.5132314814814815 0.01796354166666667 0.05060185185185185
0 0.5510130208333333 0.44155092592592593 0.0145703125 0.07244444444444444
0 0.6550442708333333 0.4786527777777778 0.025989583333333333 0.07562037037037037
0 0.7560833333333333 0.5869444444444444 0.0192734375 0.10908796296296296
0 0.7246484375000001 0.46735185185185185 0.015736979166666668 0.06985648148148148
0 0.8918463541666667 0.5633796296296296 0.016515625 0.07293981481481482
0 0.7232552083333333 0.465037037037037 0.01935677083333333 0.06734722222222222
0 0.6981432291666666 0.48612037037037037 0.013104166666666667 0.0777962962962963
0 0.6802005208333333 0.556074074074074 0.01970572916666667 0.09656944444444444
0 0.7699322916666667 0.5537314814814814 0.013955729166666668 0.09525462962962963
