0 0.2944895833333333 0.4971435185185185 0.029916666666666664 0.0855
0 0.6202500000000001 0.5754166666666667 0.027546875000000002 0.09593518518518518
0 0.6897265625000001 0.7040277777777778 0.04780989583333333 0.118875
0 0.30525260416666666 0.45448611111111115 0.012875 0.06775925925925927
0 0.6178515625000001 0.4934444444444444 0.020653645833333335 0.08304166666666667
0 0.4979765625 0.5696898148148148 0.03459895833333334 0.11116666666666666
0 0.2964296875 0.6186527777777777 0.04230208333333333 0.122375
0 0.5320130208333333 0.4518564814814815 0.030523437499999997 0.0742037037037037
0 0.33344531250000004 0.5468564814814815 0.04037760416666667 0.10525462962962963
1 0.6183255208333333 0.608912037037037 0.008307291666666666 0.01862962962962963
0 0.6022630208333334 0.6117546296296297 0.033125 0.11613425925925926
0 0.3994427083333333 0.4648009259259259 0.026796875 0.07664814814814815
0 0.3666145833333333 0.46058333333333334 0.03194010416666667 0.07453703703703704
