0 0.5456510416666667 0.4515925925925926 0.022143229166666667 0.0832824074074074
0 0.9081145833333333 0.6174398148148148 0.02032291666666667 0.10146759259259258
1 0.7597213541666666 0.6070972222222222 0.009963541666666666 0.023148148148148147
0 0.7474635416666667 0.6241203703703704 0.0303671875 0.11623611111111111
0 0.5947213541666667 0.5924814814814815 0.03234375 0.12887962962962962
0 0.5820286458333332 0.5045324074074073 0.0253046875 0.09215740740740741
0 0.6204999999999999 0.4506759259259259 0.022380208333333332 0.08286111111111111
0 0.6425651041666666 0.4683240740740741 0.02997135416666667 0.08019444444444444
0 0.6074531249999999 0.5103657407407408 0.030604166666666665 0.08273611111111112
0 0.6643515625 0.5675972222222222 0.02704427083333333 0.1156574074074074
0 0.7563619791666666 0.5818657407407407 0.04736979166666667 0.09499074074074075
0 0.776921875 0.5280833333333333 0.0252265625 0.09567592592592593
0 0.7949505208333334 0.5329351851851852 0.024119791666666668 0.09272685185185185
