0 0.61809375 0.5924212962962964 0.0362578125 0.1204537037037037
0 0.5936041666666667 0.43926851851851856 0.021351562499999997 0.07417592592592592
0 0.7933958333333333 0.6394120370370371 0.03168489583333333 0.12505555555555556
0 0.6577031249999999 0.545287037037037 0.024950520833333333 0.10097222222222221
0 0.6487161458333334 0.4535324074074074 0.028125 0.07370833333333333
0 0.6935416666666666 0.48409259259259263 0.020223958333333333 0.07735185185185185
0 0.7917864583333334 0.5974768518518518 0.024203125 0.11318055555555555
0 0.9004609375 0.5660694444444445 0.020700520833333333 0.0851574074074074
0 0.6978072916666667 0.4729351851851852 0.0164609375 0.06844907407407406
0 0.7191041666666667 0.5200462962962963 0.021013020833333333 0.09028240740740741
0 0.6852526041666667 0.4524444444444444 0.016213541666666668 0.0665462962962963
0 0.6745260416666666 0.5828703703703704 0.036848958333333334 0.10899074074074074
1 0.6388645833333333 0.5180416666666667 0.010153645833333334 0.02028240740740741
