0 0.7123203124999999 0.4422685185185185 0.013994791666666668 0.059430555555555556
0 0.6687369791666666 0.5809722222222222 0.031033854166666666 0.1122962962962963
0 0.7790338541666666 0.49193055555555554 0.0161953125 0.06986111111111111
0 0.7767057291666667 0.4989351851851852 0.022817708333333336 0.07236574074074074
0 0.7270677083333333 0.495337962962963 0.032427083333333336 0.07525
0 0.75684375 0.49570833333333336 0.016763020833333333 0.11631944444444445
0 0.6289374999999999 0.4470648148148148 0.011203125000000001 0.07185648148148148
0 0.7482473958333333 0.5272175925925926 0.020583333333333335 0.07120833333333333
0 0.9058359374999999 0.5744212962962963 0.015080729166666666 0.076625
0 0.7289869791666667 0.4720648148148148 0.016169270833333336 0.07056018518518518
0 0.7605885416666667 0.5097499999999999 0.008989583333333334 0.11527777777777778
1 0.739265625 0.5120462962962963 0.005888020833333333 0.011342592592592593
0 0.7200442708333333 0.5722453703703704 0.021518229166666666 0.09981481481481481
