0 0.637109375 0.5798611111111112 0.03359375 0.12569444444444444
0 0.696484375 0.5701388888888889 0.032421875 0.10625
0 0.626171875 0.5027777777777778 0.025 0.08680555555555555
1 0.6203125 0.49166666666666664 0.009375 0.017361111111111112
0 0.647265625 0.44930555555555557 0.01796875 0.06041666666666667
0 0.662890625 0.47847222222222224 0.01640625 0.07430555555555556
0 0.684765625 0.47152777777777777 0.031640625 0.07361111111111111
0 0.712109375 0.5097222222222222 0.01953125 0.0875
0 0.701171875 0.4895833333333333 0.023046875 0.06944444444444445
0 0.8 0.5944444444444444 0.025390625 0.1125
0 0.813671875 0.6409722222222223 0.0375 0.12152777777777778
0 0.5140625 0.44305555555555554 0.023828125 0.07916666666666666
0 0.9015625 0.5930555555555556 0.02421875 0.10138888888888889
