0 0.699546875 0.6769675925925925 0.040841145833333335 0.11369907407407408
0 0.56746875 0.5061574074074073 0.017895833333333333 0.08008333333333333
0 0.4471276041666667 0.4430277777777778 0.02685416666666667 0.06297685185185185
1 0.5020807291666667 0.41430555555555554 0.004924479166666666 0.010324074074074074
0 0.5086588541666667 0.5113518518518518 0.03035677083333333 0.08734722222222221
0 0.44930468749999997 0.5443981481481482 0.028263020833333333 0.10640740740740741
0 0.4923541666666667 0.5619398148148148 0.0240234375 0.10414814814814816
0 0.3884973958333333 0.4635509259259259 0.018934895833333333 0.06375462962962963
0 0.2831197916666667 0.5066342592592592 0.013171875 0.09068055555555556
0 0.3231354166666666 0.5058657407407408 0.025924479166666667 0.09363425925925926
0 0.18096874999999998 0.5425416666666667 0.0157578125 0.09736111111111112
0 0.1870234375 0.5285185185185185 0.013807291666666667 0.09991666666666667
0 0.15828906250000002 0.4508518518518519 0.012317708333333333 0.06468518518518518
