0 0.5781796875 0.5134444444444445 0.024841145833333335 0.10622685185185185
0 0.7026796875 0.5995694444444444 0.032111979166666665 0.10962962962962963
0 0.6191197916666666 0.5204212962962963 0.0326796875 0.10555555555555556
0 0.6781901041666667 0.5750509259259259 0.04537239583333333 0.10183333333333333
0 0.826078125 0.5902731481481481 0.035270833333333335 0.09294444444444444
0 0.8996901041666666 0.567125 0.020958333333333336 0.08462499999999999
0 0.5392109375 0.4449444444444445 0.025429687500000003 0.08356944444444445
0 0.8521848958333333 0.6205185185185185 0.02765625 0.10366666666666666
0 0.6806588541666667 0.44754629629629633 0.030119791666666666 0.0807962962962963
0 0.7341041666666667 0.49166203703703704 0.023330729166666668 0.08925462962962963
0 0.69621875 0.46829629629629627 0.021429687500000003 0.07841666666666666
0 0.708328125 0.49014814814814817 0.024625 0.09154166666666666
