0 0.6000338541666667 0.5387407407407407 0.040716145833333335 0.10385185185185185
0 0.5889895833333333 0.44025000000000003 0.021351562499999997 0.07417592592592592
0 0.7474609375 0.6258611111111111 0.040828125 0.1244212962962963
0 0.6547031249999999 0.5466481481481481 0.031091145833333333 0.11637962962962962
0 0.6782708333333333 0.47169444444444447 0.021611979166666666 0.07370833333333333
0 0.6633046875 0.47878703703703707 0.026934895833333337 0.06801388888888889
0 0.7688541666666667 0.5872592592592593 0.03616927083333333 0.11940740740740742
1 0.6153307291666666 0.5074351851851852 0.00703125 0.01499537037037037
0 0.8931770833333333 0.5611666666666666 0.020700520833333333 0.07685648148148148
0 0.71759375 0.47713888888888883 0.013796874999999998 0.07546296296296297
0 0.726328125 0.5182314814814816 0.018963541666666663 0.09028240740740741
0 0.7055546874999999 0.4514814814814815 0.016213541666666668 0.0665462962962963
0 0.6288958333333333 0.5371574074074074 0.029223958333333334 0.08222685185185186
