0 0.30673697916666665 0.4991759259259259 0.017036458333333334 0.08452777777777779
0 0.339890625 0.6556620370370371 0.0221484375 0.1154537037037037
0 0.1802109375 0.43747222222222226 0.010106770833333334 0.03814351851851852
0 0.36523177083333336 0.45705555555555555 0.011955729166666667 0.07710185185185185
0 0.21834895833333334 0.524587962962963 0.018041666666666668 0.09130555555555556
0 0.1643984375 0.4856805555555555 0.02275260416666667 0.11565277777777778
0 0.2948671875 0.445587962962963 0.014820312499999998 0.07021759259259258
0 0.18114322916666667 0.49550925925925926 0.016505208333333334 0.08175462962962964
1 0.15726302083333332 0.433962962962963 0.0057005208333333335 0.010037037037037037
0 0.2016640625 0.5746574074074075 0.0206328125 0.10642592592592592
0 0.19816406250000002 0.48237962962962966 0.016611979166666666 0.07594444444444444
