0 0.5373671874999999 0.5969305555555555 0.049403645833333336 0.13605555555555554
0 0.6805677083333334 0.5014351851851852 0.0239296875 0.09009259259259259
0 0.5757890625000001 0.4360046296296296 0.020666666666666667 0.06833333333333333
0 0.6782083333333334 0.47122222222222226 0.0240546875 0.07956944444444444
0 0.36714583333333334 0.4351435185185185 0.025817708333333335 0.07564814814814814
0 0.6830937499999999 0.4406805555555556 0.016140625 0.059750000000000004
0 0.34953385416666666 0.5066944444444444 0.0194140625 0.08887962962962963
0 0.5756354166666667 0.5264351851851852 0.022833333333333334 0.09639814814814815
0 0.680234375 0.5401342592592593 0.023234374999999998 0.09773611111111112
0 0.6179895833333333 0.45326388888888886 0.021526041666666666 0.07431018518518519
1 0.3538385416666667 0.4945601851851852 0.008346354166666665 0.015222222222222224
0 0.8956640625 0.5991527777777778 0.018716145833333333 0.08825462962962963
0 0.6847031250000001 0.45972685185185186 0.015010416666666667 0.05759722222222222
