0 0.4605338541666667 0.53 0.02359375 0.09659722222222222
0 0.33172916666666663 0.44887037037037036 0.013346354166666666 0.07244444444444444
0 0.22389322916666668 0.5033101851851852 0.017395833333333333 0.08642592592592593
0 0.13238020833333333 0.5079722222222223 0.011677083333333334 0.08218981481481481
0 0.2671458333333333 0.5060648148148148 0.024307291666666668 0.07498611111111111
0 0.18790885416666667 0.4507777777777778 0.009770833333333334 0.06609259259259259
0 0.31802604166666665 0.6526527777777777 0.025023437500000002 0.11989814814814816
0 0.42907812500000003 0.5047962962962963 0.026453125 0.09362962962962963
0 0.35782291666666666 0.4802222222222222 0.022640625 0.07413888888888888
0 0.22698958333333333 0.44887037037037036 0.010723958333333334 0.060583333333333336
0 0.17432291666666666 0.48975462962962957 0.012630208333333334 0.07880092592592593
0 0.2380729166666667 0.46814814814814815 0.014299479166666665 0.07202314814814814
1 0.13547916666666668 0.49335648148148153 0.004528645833333333 0.009745370370370371
