0 0.5896588541666666 0.44955092592592594 0.017635416666666667 0.08623148148148148
0 0.9054270833333333 0.5876990740740741 0.019375 0.09681944444444444
1 0.6976822916666666 0.5864999999999999 0.0122578125 0.02271759259259259
0 0.6306640625 0.4727546296296296 0.026096354166666665 0.07920833333333334
0 0.6713880208333334 0.5346203703703704 0.023723958333333333 0.11297222222222222
0 0.6807213541666666 0.4920185185185185 0.017080729166666666 0.08681018518518518
0 0.7643880208333333 0.49300000000000005 0.01992708333333333 0.08596296296296296
0 0.7352473958333333 0.5823564814814816 0.043890624999999996 0.11425462962962962
0 0.7886640625 0.5304027777777778 0.021666666666666667 0.09891203703703703
0 0.7214479166666667 0.5067083333333333 0.024197916666666666 0.0866712962962963
0 0.6793359375 0.4774629629629629 0.023013020833333335 0.09003703703703703
0 0.6910000000000001 0.5551527777777778 0.028783854166666668 0.10904166666666666
0 0.7059869791666666 0.6020462962962964 0.03993489583333333 0.12550925925925926
