0 0.26795572916666666 0.6250416666666666 0.028919270833333333 0.14686111111111114
0 0.27780208333333334 0.49074074074074076 0.019072916666666665 0.11630092592592593
0 0.24377604166666667 0.4857222222222223 0.015752604166666666 0.083125
0 0.2400703125 0.43107407407407405 0.011783854166666666 0.06389814814814815
0 0.16389583333333332 0.519912037037037 0.017997395833333332 0.0836574074074074
1 0.15426822916666666 0.5328055555555555 0.0053828125000000004 0.010624999999999999
0 0.16402083333333334 0.4829675925925926 0.011598958333333333 0.06238425925925926
0 0.22528385416666669 0.5266990740740741 0.02499479166666667 0.08727314814814814
0 0.19930989583333333 0.5125462962962962 0.030476562500000002 0.074
0 0.21578385416666668 0.48780092592592594 0.027015624999999998 0.079625
0 0.2286328125 0.4467638888888889 0.009645833333333333 0.06541666666666668
0 0.1631796875 0.49181481481481476 0.0248671875 0.07216666666666667
0 0.19046614583333332 0.43577314814814816 0.012273437500000001 0.0794212962962963
