0 0.414328125 0.4410138888888889 0.02362239583333333 0.06191666666666667
1 0.40684375 0.4314861111111111 0.0060625 0.009731481481481482
0 0.45480729166666667 0.6634629629629629 0.03899479166666667 0.11746759259259258
0 0.2724010416666667 0.614162037037037 0.024325520833333333 0.12061574074074073
0 0.260875 0.5565092592592592 0.018695312500000002 0.09784259259259259
0 0.2854114583333333 0.4718657407407407 0.015721354166666666 0.08113425925925925
0 0.30012500000000003 0.46818518518518515 0.011791666666666667 0.08396296296296298
0 0.3160833333333333 0.46374074074074073 0.011630208333333333 0.054300925925925926
0 0.323359375 0.5006203703703703 0.022997395833333333 0.08878703703703704
0 0.3361328125 0.49433796296296295 0.02071354166666667 0.09019907407407408
0 0.3250338541666667 0.4635046296296296 0.015083333333333334 0.07272222222222223
0 0.35235677083333333 0.45231481481481484 0.016197916666666666 0.07337500000000001
0 0.15771354166666668 0.46314814814814814 0.0131875 0.0677824074074074
