0 0.40810677083333335 0.5141851851851852 0.027710937499999998 0.09712037037037037
0 0.43379427083333333 0.48589351851851853 0.017947916666666668 0.09243055555555556
0 0.3913932291666667 0.4519537037037037 0.0274140625 0.07083333333333333
0 0.45613020833333334 0.4349398148148148 0.01646875 0.06625925925925927
1 0.4499609375 0.4273194444444444 0.005205729166666667 0.010226851851851852
0 0.47736718749999996 0.6128148148148148 0.04784895833333334 0.12522685185185187
0 0.5878333333333334 0.6441342592592593 0.041421875000000004 0.11226851851851852
0 0.3172916666666667 0.4713148148148148 0.011080729166666666 0.084875
0 0.2951015625 0.4764074074074074 0.019075520833333335 0.08118055555555555
0 0.3292552083333333 0.5345555555555556 0.025434895833333335 0.10973611111111112
0 0.35040625 0.5315833333333333 0.01989322916666667 0.0948425925925926
0 0.5005208333333333 0.4899398148148148 0.021203125 0.08075462962962963
0 0.19816666666666669 0.4569074074074074 0.015341145833333332 0.0693287037037037
