0 0.44023697916666665 0.5448935185185185 0.03463541666666667 0.09121759259259259
0 0.20356249999999998 0.5113101851851852 0.021325520833333333 0.07978703703703705
0 0.5130312499999999 0.6899861111111111 0.046471354166666666 0.11515740740740742
0 0.23074739583333334 0.45563888888888887 0.017221354166666664 0.07006944444444445
0 0.5071354166666667 0.47665740740740736 0.026302083333333334 0.0796712962962963
0 0.3266666666666667 0.5581990740740741 0.0333671875 0.10278703703703704
0 0.180421875 0.5861666666666666 0.017945312499999998 0.10012962962962962
0 0.42638020833333334 0.43782870370370375 0.020830729166666666 0.06381018518518519
0 0.2306953125 0.5326111111111111 0.020109375 0.0910138888888889
0 0.3894947916666667 0.6174259259259259 0.045432291666666666 0.12353703703703703
1 0.38353125 0.5683703703703704 0.009773437500000001 0.01824074074074074
0 0.3004114583333333 0.45662499999999995 0.0181953125 0.06873611111111111
0 0.2559140625 0.4700740740740741 0.023731770833333332 0.06820833333333334
