0 0.21760416666666668 0.47900000000000004 0.0159375 0.07702314814814815
0 0.17017708333333334 0.455837962962963 0.011304687499999999 0.06833796296296298
0 0.24461197916666666 0.43624999999999997 0.016104166666666666 0.06845370370370371
0 0.23272916666666665 0.4859490740740741 0.024513020833333333 0.08857407407407407
0 0.16934895833333333 0.5060694444444443 0.013000000000000001 0.08584722222222223
0 0.15559375 0.5368287037037037 0.016588541666666668 0.08631481481481482
0 0.5683307291666666 0.5109074074074074 0.0213671875 0.09881481481481481
0 0.6637500000000001 0.566699074074074 0.030234374999999997 0.10790740740740741
0 0.3700546875 0.4482222222222222 0.01671614583333333 0.07743055555555556
0 0.2618359375 0.47306018518518517 0.0281484375 0.08419444444444445
0 0.6165364583333334 0.6776805555555555 0.040257812500000004 0.12926851851851853
1 0.13728385416666666 0.4793287037037037 0.0080859375 0.013962962962962963
0 0.13783333333333334 0.506074074074074 0.020653645833333335 0.07388888888888889
