0 0.5644192708333333 0.4468287037037037 0.0156484375 0.08100462962962963
0 0.9113984375 0.573162037037037 0.0178359375 0.08535648148148148
0 0.8081406250000001 0.5823842592592593 0.027236979166666668 0.10619907407407407
0 0.841140625 0.6387083333333333 0.026440104166666666 0.11807870370370371
0 0.6495859374999999 0.5092731481481482 0.02861197916666667 0.0763287037037037
0 0.5903802083333333 0.4962824074074074 0.028958333333333332 0.08633333333333333
1 0.599328125 0.48979629629629634 0.007703125 0.014138888888888888
0 0.7494765624999999 0.5112175925925926 0.018270833333333333 0.0943287037037037
0 0.663640625 0.5869120370370371 0.040653645833333335 0.10804166666666667
0 0.6831484375 0.5781018518518519 0.03159895833333334 0.10615740740740741
0 0.7065130208333333 0.49393518518518525 0.016372395833333334 0.07781018518518518
0 0.7142552083333332 0.48747685185185186 0.027583333333333335 0.06964351851851852
0 0.7353203125000001 0.4868148148148148 0.018973958333333332 0.08730555555555557
