0 0.6129244791666667 0.4380324074074074 0.016984375 0.0867824074074074
0 0.7344296875 0.47751851851851856 0.011520833333333334 0.053842592592592595
0 0.7359713541666667 0.49229629629629623 0.02529947916666667 0.06904629629629629
0 0.7307473958333334 0.5210138888888889 0.019122395833333337 0.0711574074074074
0 0.7573515625 0.5100324074074074 0.014372395833333333 0.06397685185185185
0 0.7463645833333333 0.564087962962963 0.0251796875 0.07664814814814815
0 0.7624583333333333 0.560712962962963 0.015322916666666667 0.0981851851851852
0 0.7788489583333333 0.5539537037037037 0.02411197916666667 0.09987499999999999
0 0.8334244791666666 0.5455092592592592 0.022328124999999997 0.08044907407407408
1 0.87190625 0.5199583333333333 0.005463541666666667 0.011189814814814816
0 0.8701848958333334 0.550787037037037 0.018885416666666665 0.08129166666666666
0 0.9371145833333333 0.6123379629629631 0.018528645833333336 0.09755092592592593
0 0.793578125 0.5196435185185185 0.027674479166666665 0.10473148148148148
