1 0.7970703125 0.5952037037037038 0.005177083333333333 0.013689814814814814
0 0.7976614583333334 0.6027824074074074 0.025166666666666667 0.09633796296296296
0 0.8207135416666667 0.5525092592592593 0.015885416666666666 0.08084722222222222
0 0.7877890625 0.5296342592592592 0.0167578125 0.08744907407407407
0 0.6696145833333333 0.4883101851851852 0.02059895833333333 0.07237037037037036
0 0.6769375 0.46268055555555554 0.022309895833333333 0.06881018518518518
0 0.4613333333333333 0.48904166666666665 0.023565104166666666 0.09115740740740741
0 0.40733854166666666 0.4933842592592593 0.024648437500000002 0.08791666666666667
0 0.21017708333333335 0.5038101851851852 0.024143229166666665 0.08264351851851852
0 0.22105208333333334 0.5025324074074075 0.019703125 0.09513888888888888
0 0.17451041666666667 0.45125462962962964 0.010619791666666666 0.06809722222222223
0 0.6568802083333334 0.5788703703703704 0.01940625 0.10756481481481482
0 0.9026510416666667 0.6435185185185185 0.019234375 0.09008333333333333
