0 0.8946666666666666 0.5633564814814814 0.01778645833333333 0.08137962962962964
0 0.7762395833333334 0.5928425925925925 0.02371875 0.11699537037037037
0 0.7369505208333333 0.5352407407407407 0.023809895833333334 0.09839351851851852
0 0.8248020833333333 0.5588472222222222 0.016872395833333335 0.10486574074074073
0 0.672390625 0.5623518518518519 0.025385416666666667 0.11822222222222223
0 0.5775520833333334 0.44256481481481486 0.021864583333333333 0.07390277777777778
0 0.6466354166666667 0.46347222222222223 0.017169270833333337 0.06786111111111112
0 0.6609479166666666 0.4846111111111111 0.0218203125 0.07387962962962964
0 0.6096302083333334 0.48395833333333327 0.019109374999999998 0.08392592592592593
0 0.6456380208333333 0.5039583333333333 0.025385416666666667 0.0835462962962963
0 0.7875208333333333 0.5644675925925926 0.015356770833333333 0.10299074074074074
0 0.8034192708333333 0.5336435185185185 0.018682291666666666 0.0902037037037037
