0 0.5535703125 0.490925925925926 0.024554687500000002 0.08900925925925926
0 0.51053125 0.5123518518518518 0.036145833333333335 0.11887962962962961
0 0.43517968749999997 0.49766203703703704 0.034229166666666665 0.10410648148148148
0 0.4328515625 0.44475 0.028661458333333334 0.08915740740740741
0 0.2896770833333333 0.4318472222222222 0.020721354166666664 0.07470833333333333
0 0.25056510416666666 0.45449074074074075 0.020080729166666665 0.08266666666666667
0 0.20866666666666667 0.48329629629629633 0.022088541666666666 0.08348611111111112
0 0.18758072916666665 0.49011574074074077 0.032861979166666666 0.11010648148148149
0 0.15198177083333334 0.5574675925925926 0.020080729166666665 0.09876851851851852
0 0.16813802083333332 0.5799490740740741 0.028661458333333334 0.12262962962962963
0 0.13477604166666665 0.4833796296296296 0.023093750000000003 0.08202777777777778
1 0.1857552083333333 0.4221064814814815 0.010953125000000001 0.016277777777777776
0 0.18611979166666667 0.46714814814814815 0.018986979166666664 0.10799074074074073
