0 0.45782552083333333 0.6362916666666667 0.039539062500000006 0.1548935185185185
0 0.3692109375 0.49334722222222227 0.028213541666666668 0.09532870370370371
0 0.22655989583333333 0.46688425925925925 0.023291666666666665 0.07924537037037037
1 0.20260677083333334 0.4235648148148148 0.008890625000000001 0.018462962962962966
0 0.3028984375 0.49339351851851854 0.021674479166666667 0.09620833333333334
0 0.26171614583333336 0.5386712962962963 0.022630208333333336 0.11074074074074074
0 0.24276041666666667 0.5192638888888889 0.017341145833333335 0.09465740740740741
0 0.1478671875 0.509986111111111 0.026671875 0.07818518518518518
0 0.1534140625 0.4590925925925926 0.022924479166666668 0.06836574074074074
0 0.16891927083333333 0.5217453703703704 0.017781250000000002 0.08159722222222222
0 0.17894791666666665 0.5071111111111111 0.018882812500000002 0.08054166666666666
0 0.3092552083333333 0.45445833333333335 0.023804687499999998 0.08181944444444444
0 0.36197395833333335 0.4323888888888889 0.019911458333333333 0.07530092592592592
