0 0.891015625 0.5777777777777777 0.0296875 0.1
0 0.615234375 0.54375 0.028515625 0.1
0 0.67578125 0.5361111111111111 0.020703125 0.10277777777777777
0 0.621484375 0.4722222222222222 0.025 0.0798611111111111
1 0.621875 0.4708333333333333 0.01015625 0.015277777777777777
0 0.5328125 0.4340277777777778 0.022265625 0.0763888888888889
0 0.78515625 0.6305555555555555 0.033203125 0.12638888888888888
0 0.78125 0.5819444444444445 0.026953125 0.1076388888888889
0 0.71796875 0.49930555555555556 0.01875 0.08541666666666667
0 0.7125 0.4826388888888889 0.014453125 0.07708333333333334
0 0.651953125 0.4777777777777778 0.031640625 0.06736111111111111
0 0.6390625 0.4638888888888889 0.01171875 0.0798611111111111
0 0.66328125 0.4708333333333333 0.01640625 0.07083333333333333
