0 0.3872786458333334 0.5069953703703703 0.031671875 0.09207407407407407
0 0.35556510416666665 0.5127962962962963 0.018880208333333332 0.090375
0 0.31989062500000004 0.6793148148148148 0.034541666666666665 0.1251759259259259
1 0.3188958333333333 0.6187037037037038 0.008171875 0.01613425925925926
0 0.31032552083333337 0.6203333333333334 0.04244270833333333 0.1084537037037037
0 0.29162760416666667 0.5888148148148148 0.026768229166666668 0.09673148148148147
0 0.34142447916666663 0.45158796296296294 0.014718750000000001 0.06311574074074075
0 0.31659375 0.4560925925925926 0.019898437499999998 0.0711574074074074
0 0.28508333333333336 0.47300462962962964 0.02033333333333333 0.07687962962962963
0 0.30337239583333336 0.4604861111111111 0.0116875 0.07729166666666666
0 0.23791927083333334 0.460875 0.014138020833333332 0.07051851851851852
0 0.240515625 0.43775462962962963 0.016458333333333335 0.057069444444444443
0 0.16072135416666666 0.4573657407407407 0.01633333333333333 0.06709259259259259
