0 0.2824036458333333 0.506425925925926 0.022838541666666667 0.0932361111111111
1 0.2862994791666667 0.49397222222222226 0.009854166666666667 0.016305555555555556
0 0.3219036458333333 0.4268472222222222 0.020236979166666665 0.07050462962962963
0 0.33676302083333337 0.43183333333333335 0.026476562500000002 0.07668055555555556
0 0.39860937500000004 0.49851388888888887 0.02637760416666667 0.08862500000000001
0 0.4082109375 0.4488935185185185 0.021395833333333333 0.07096296296296296
0 0.6091041666666667 0.6251574074074073 0.028333333333333332 0.12247685185185185
0 0.6138463541666667 0.5862546296296296 0.02999479166666667 0.10727314814814815
0 0.5650130208333334 0.4573240740740741 0.02196875 0.07833796296296297
0 0.6919270833333333 0.500300925925926 0.020033854166666667 0.0884074074074074
0 0.6663385416666666 0.6123194444444444 0.031106770833333335 0.12019907407407407
0 0.6594817708333333 0.5486203703703704 0.024864583333333336 0.09650925925925927
0 0.878421875 0.5761898148148148 0.017388020833333333 0.08209259259259259
