0 0.22424739583333334 0.5459907407407407 0.033239583333333336 0.09472222222222222
0 0.4392760416666667 0.5047546296296296 0.04354947916666666 0.0972824074074074
0 0.3949557291666667 0.43044444444444446 0.019679687499999998 0.07325925925925926
0 0.5217109375 0.4644305555555555 0.030833333333333334 0.0861898148148148
0 0.257484375 0.4504074074074074 0.019794270833333336 0.07819907407407407
0 0.49888802083333333 0.4285277777777778 0.020854166666666667 0.0693425925925926
0 0.21672135416666669 0.49307870370370366 0.017630208333333335 0.08309259259259259
0 0.682640625 0.533912037037037 0.030786458333333332 0.09600462962962963
0 0.6077708333333334 0.4912083333333333 0.025416666666666664 0.09040740740740741
0 0.41819270833333333 0.43903703703703706 0.01746354166666667 0.07072222222222221
1 0.21682552083333334 0.4801296296296296 0.008346354166666665 0.015222222222222224
0 0.8057161458333333 0.6373425925925926 0.04317708333333334 0.10507407407407408
0 0.48194270833333336 0.48861574074074077 0.03550260416666667 0.08518518518518518
