0 0.27286979166666664 0.4976759259259259 0.016130208333333333 0.08586111111111111
1 0.28329166666666666 0.5159444444444444 0.009518229166666666 0.01500925925925926
0 0.31309895833333334 0.4283518518518519 0.014130208333333333 0.06668981481481483
0 0.320078125 0.4338425925925926 0.0189453125 0.0734212962962963
0 0.39425520833333333 0.44930555555555557 0.026570312500000002 0.06286574074074074
0 0.38865625000000004 0.49284259259259255 0.018661458333333332 0.08718518518518519
0 0.5602552083333333 0.4589398148148148 0.022317708333333335 0.08000462962962963
0 0.6923854166666668 0.4991759259259259 0.017575520833333334 0.0913425925925926
0 0.6512734375 0.6124861111111112 0.0248671875 0.11799074074074074
0 0.5862213541666667 0.6208564814814814 0.03925260416666666 0.12729166666666666
0 0.6512213541666667 0.5467731481481481 0.03403125 0.09665277777777778
0 0.6056484375 0.5849953703703703 0.03801822916666667 0.10502314814814814
0 0.8767421875 0.5764351851851851 0.018098958333333335 0.08258333333333333
