0 0.7145520833333333 0.44322222222222224 0.014869791666666667 0.056560185185185186
0 0.8094114583333333 0.6126157407407408 0.021114583333333332 0.08994444444444445
0 0.7941588541666668 0.6349814814814815 0.03137760416666666 0.11617592592592592
0 0.8231744791666666 0.5200833333333333 0.011507812499999999 0.07741666666666666
0 0.8111093749999999 0.5275972222222222 0.014065104166666667 0.08022685185185185
0 0.7561354166666666 0.4960972222222222 0.012997395833333333 0.07369907407407407
0 0.7782421875 0.5118194444444444 0.019466145833333334 0.08008796296296297
0 0.5956041666666666 0.44402314814814814 0.01728125 0.0716574074074074
0 0.6512473958333334 0.5084861111111111 0.021963541666666666 0.07436111111111111
0 0.9182161458333333 0.5940277777777777 0.016856770833333333 0.07831018518518519
0 0.7199661458333334 0.4713796296296296 0.012057291666666666 0.07153703703703704
0 0.6959166666666667 0.5134120370370371 0.0273203125 0.08268518518518518
1 0.6517031249999999 0.5264953703703704 0.0056875 0.010587962962962964
