0 0.37186458333333333 0.49289351851851854 0.02315885416666667 0.09005555555555556
0 0.3215078125 0.5499305555555555 0.020184895833333334 0.10466203703703704
0 0.27355208333333336 0.6677037037037037 0.031359375 0.11882407407407408
0 0.22043229166666667 0.5524722222222221 0.023544270833333332 0.10106944444444445
0 0.27205208333333336 0.4599722222222222 0.015723958333333333 0.0750787037037037
0 0.21680729166666665 0.4923194444444445 0.021020833333333332 0.08193055555555555
0 0.10505468750000001 0.5487361111111111 0.0207265625 0.08271296296296296
0 0.14163802083333332 0.5432268518518518 0.0164765625 0.09247685185185185
1 0.1609375 0.46146296296296296 0.005864583333333334 0.012717592592592593
0 0.170703125 0.4573009259259259 0.012721354166666667 0.06694444444444445
0 0.17990364583333335 0.507287037037037 0.01740364583333333 0.0816574074074074
0 0.16280729166666666 0.5066990740740741 0.020005208333333333 0.07947222222222222
0 0.163875 0.5079953703703703 0.013684895833333332 0.09491203703703703
