0 0.9011250000000001 0.5803564814814814 0.0186171875 0.08835185185185185
0 0.7007161458333333 0.6211111111111111 0.03772916666666667 0.1283564814814815
0 0.7173229166666667 0.502199074074074 0.015174479166666668 0.09091666666666666
0 0.6574921875 0.4474074074074074 0.022932291666666667 0.07392129629629629
0 0.7001328125 0.48347685185185185 0.022791666666666665 0.08095833333333334
0 0.43271354166666665 0.4362638888888889 0.02169270833333333 0.07308796296296297
0 0.7056432291666667 0.4521157407407408 0.016200520833333332 0.05840740740740741
0 0.722734375 0.47249074074074077 0.0190390625 0.07484259259259259
0 0.4484166666666667 0.5032037037037037 0.024096354166666667 0.0957824074074074
0 0.5971276041666667 0.5197916666666667 0.021841145833333336 0.09639814814814815
0 0.7199348958333334 0.5553703703703703 0.030236979166666667 0.10181944444444445
0 0.6819036458333334 0.46249074074074076 0.017236979166666666 0.07484259259259259
1 0.4539401041666667 0.48181944444444447 0.008346354166666665 0.015222222222222224
