0 0.33286197916666665 0.49142592592592593 0.020041666666666666 0.08652314814814814
0 0.29833072916666664 0.47258796296296296 0.011953125 0.08255555555555555
0 0.31478125 0.5830185185185185 0.029760416666666668 0.11346296296296297
0 0.24975 0.6639953703703704 0.028138020833333333 0.11646296296296296
0 0.23789322916666666 0.5688055555555555 0.021872395833333332 0.10281018518518519
0 0.24993489583333334 0.493875 0.022979166666666665 0.08598611111111111
0 0.10829427083333334 0.5343657407407407 0.022755208333333332 0.07150462962962963
0 0.1334921875 0.5303981481481482 0.0138203125 0.08933333333333333
0 0.15384635416666667 0.5264259259259259 0.020648437500000002 0.08918055555555555
0 0.19413020833333333 0.5014074074074074 0.011713541666666666 0.07300000000000001
0 0.185828125 0.5013287037037036 0.015338541666666667 0.07914351851851852
0 0.15666927083333335 0.4594537037037037 0.014158854166666667 0.06880555555555556
1 0.15915625 0.4019212962962963 0.005815104166666666 0.011273148148148148
