0 0.21895052083333333 0.4495092592592593 0.017151041666666665 0.06838888888888889
0 0.2979609375 0.47397685185185184 0.015421875 0.08249074074074074
0 0.3321640625 0.4714398148148148 0.014244791666666668 0.08084259259259259
0 0.37332812499999996 0.518324074074074 0.019276041666666667 0.09869907407407408
0 0.3385052083333333 0.5397175925925926 0.023072916666666665 0.10997222222222222
0 0.3961588541666667 0.4559861111111111 0.015877604166666667 0.07878703703703704
0 0.42128125 0.5251712962962962 0.025322916666666664 0.10267592592592592
0 0.4581354166666667 0.4870138888888889 0.02221875 0.0869074074074074
0 0.4918177083333333 0.43256481481481485 0.024302083333333332 0.06631944444444444
1 0.475015625 0.4676898148148148 0.00578125 0.01188425925925926
0 0.5305572916666667 0.6089305555555555 0.04112760416666667 0.1252685185185185
0 0.6241171875 0.6433472222222223 0.03784635416666667 0.11144444444444444
0 0.5319635416666667 0.4880046296296296 0.021294270833333333 0.07940740740740741
