0 0.5074375 0.5655 0.027450520833333332 0.09259722222222222
0 0.234984375 0.5069722222222222 0.020419270833333333 0.0799212962962963
0 0.5805677083333334 0.7030601851851851 0.052825520833333334 0.1252638888888889
0 0.2552526041666667 0.4565925925925926 0.0233203125 0.06836111111111111
0 0.38675 0.5671851851851851 0.0315234375 0.10360648148148148
0 0.21599479166666666 0.6021898148148148 0.02723958333333333 0.11166203703703703
0 0.4702838541666667 0.44010648148148146 0.018265625 0.06722685185185186
0 0.2651458333333333 0.5383101851851851 0.025557291666666666 0.09215277777777778
1 0.5034401041666666 0.6610833333333334 0.0106953125 0.01949537037037037
0 0.48391927083333336 0.6296805555555555 0.03441927083333333 0.11843518518518519
0 0.33783854166666666 0.4608472222222222 0.014734375 0.07154629629629629
0 0.29571354166666663 0.4661203703703704 0.025809895833333332 0.07225
