0 0.6485677083333333 0.5044953703703704 0.017966145833333332 0.09508796296296296
1 0.6423776041666667 0.4470462962962963 0.0055859375 0.010782407407407407
0 0.6198072916666667 0.43490277777777775 0.010729166666666668 0.060912037037037035
0 0.6709166666666667 0.4656666666666667 0.021523437500000003 0.06710648148148148
0 0.6945651041666667 0.5090694444444444 0.023109374999999998 0.0872962962962963
0 0.8524296875 0.57025 0.017333333333333333 0.08548611111111111
0 0.6365208333333333 0.4544351851851852 0.018575520833333335 0.0718287037037037
0 0.7478541666666667 0.5283611111111111 0.022000000000000002 0.08162037037037037
0 0.7470416666666666 0.5389074074074074 0.023625 0.08583333333333333
0 0.8137343749999999 0.5397546296296296 0.0187109375 0.08269907407407408
0 0.7752109375 0.6182592592592593 0.03237239583333333 0.10647222222222222
0 0.7913281249999999 0.5920694444444444 0.0235234375 0.090875
0 0.8954947916666666 0.5685601851851851 0.0174921875 0.08655555555555557
