0 0.6065208333333333 0.4457037037037037 0.023364583333333334 0.08210648148148147
0 0.8954817708333334 0.5638287037037036 0.022216145833333333 0.08647685185185185
0 0.7539401041666667 0.6058194444444445 0.0301015625 0.12586574074074075
0 0.7119791666666667 0.4809398148148148 0.022861979166666668 0.09524537037037037
0 0.6732421875 0.48680092592592594 0.0177734375 0.08148148148148149
0 0.6920546875 0.47297222222222224 0.0231484375 0.07549074074074075
0 0.7465572916666667 0.5019629629629629 0.023364583333333334 0.07868518518518519
0 0.7582760416666667 0.5465648148148148 0.045078125 0.09143981481481481
0 0.6270520833333334 0.47220833333333334 0.023578125000000002 0.08925462962962963
0 0.7410052083333334 0.49119444444444443 0.020854166666666667 0.08390740740740742
0 0.664140625 0.49011111111111116 0.0210703125 0.09320833333333334
0 0.7307916666666666 0.49782407407407403 0.026229166666666668 0.11245370370370371
1 0.7179635416666666 0.42410185185185184 0.0131875 0.022337962962962962
