0 0.15743229166666667 0.46494444444444444 0.0166875 0.07054629629629629
0 0.24018750000000003 0.6604768518518519 0.03368489583333333 0.11270370370370371
0 0.28252864583333337 0.5768935185185184 0.024026041666666668 0.10964351851851853
0 0.27665625 0.49090277777777774 0.024802083333333332 0.08156944444444444
0 0.20471875 0.5169814814814815 0.01923958333333333 0.07782407407407407
1 0.21210677083333335 0.4943611111111111 0.005481770833333333 0.007212962962962963
0 0.27599999999999997 0.4497407407407408 0.010619791666666666 0.03327314814814815
0 0.23665364583333334 0.502 0.033171874999999997 0.08133333333333334
0 0.21479166666666666 0.5469259259259259 0.02695833333333333 0.10108796296296296
0 0.22266927083333332 0.4792638888888889 0.02118489583333333 0.07451388888888888
0 0.19832812500000002 0.5111342592592593 0.0221640625 0.09278240740740741
0 0.3358541666666667 0.45656944444444447 0.020971354166666668 0.06831481481481481
0 0.26141145833333335 0.47528240740740735 0.0189453125 0.07399074074074073
