0 0.6591770833333332 0.5426296296296296 0.0265859375 0.08483796296296296
0 0.6488359375 0.5469120370370371 0.024979166666666667 0.10775462962962963
0 0.6036692708333333 0.4441805555555555 0.017247395833333335 0.07417592592592592
0 0.8121744791666666 0.6418009259259259 0.03520052083333333 0.11538425925925926
0 0.7039817708333334 0.5267268518518519 0.02635677083333333 0.10302777777777777
0 0.7724322916666666 0.5017777777777778 0.020153645833333334 0.07370833333333333
0 0.768390625 0.5115231481481481 0.021234375000000003 0.08039351851851852
0 0.8017942708333333 0.572037037037037 0.026265625 0.10392592592592592
1 0.7764192708333333 0.36406944444444445 0.00703125 0.01499537037037037
0 0.8931770833333333 0.5611666666666666 0.020700520833333333 0.07685648148148148
0 0.7126328125000001 0.47511574074074076 0.013796874999999998 0.07546296296296297
0 0.7328281249999999 0.5203703703703704 0.026236979166666667 0.09359259259259259
0 0.7054427083333333 0.4435138888888889 0.016213541666666668 0.0665462962962963
