0 0.5305234375 0.6855972222222223 0.028197916666666666 0.12531944444444446
0 0.1530755208333333 0.45876388888888886 0.010984375 0.0675787037037037
0 0.20742447916666668 0.5085694444444444 0.020127604166666667 0.08970833333333333
0 0.204046875 0.49962962962962965 0.010455729166666667 0.08633333333333333
0 0.25967708333333334 0.49695833333333334 0.011666666666666665 0.08876851851851852
0 0.2879453125 0.4973287037037037 0.020244791666666664 0.0941712962962963
0 0.30940104166666665 0.5550092592592593 0.030651041666666667 0.10432407407407407
0 0.3278802083333333 0.5685694444444443 0.029296875 0.11331944444444444
0 0.37769791666666663 0.4866296296296296 0.024119791666666668 0.08362962962962962
0 0.3794635416666667 0.45973148148148146 0.0227578125 0.057199074074074076
0 0.3934505208333333 0.4783240740740741 0.030023437500000003 0.08389351851851852
0 0.42107031250000004 0.445162037037037 0.020536458333333334 0.05720833333333333
1 0.41979947916666666 0.44713425925925926 0.0050494791666666665 0.009245370370370369
