0 0.8946666666666666 0.5633564814814814 0.01778645833333333 0.08137962962962964
0 0.7746875000000001 0.5908703703703704 0.02371875 0.11699537037037037
0 0.7405 0.5344537037037037 0.023809895833333334 0.09839351851851852
0 0.8266875 0.5675185185185185 0.017539062499999997 0.09382870370370369
0 0.6733880208333333 0.5556481481481482 0.027382812500000003 0.11191203703703703
0 0.5815442708333334 0.4405925925925926 0.016098958333333333 0.07390277777777778
1 0.610640625 0.5022268518518518 0.0057005208333333335 0.01150462962962963
0 0.6365442708333333 0.46425925925925926 0.019609375 0.07022685185185185
0 0.6609479166666666 0.4846111111111111 0.0218203125 0.07387962962962964
0 0.6134010416666666 0.4792268518518519 0.019109374999999998 0.07840740740740741
0 0.6602760416666666 0.49922685185185184 0.018731770833333335 0.0835462962962963
0 0.7875208333333333 0.5644675925925926 0.015356770833333333 0.10299074074074074
0 0.8094088541666667 0.5438935185185185 0.018682291666666666 0.0902037037037037
