0 0.16820312499999998 0.5053657407407407 0.014041666666666668 0.07901851851851852
0 0.32541927083333333 0.5051481481481481 0.013919270833333334 0.08466203703703704
0 0.348875 0.6561064814814815 0.034101562499999995 0.11278240740740741
0 0.18523437499999998 0.4391759259259259 0.009317708333333334 0.03794444444444444
0 0.39248177083333335 0.4584074074074074 0.012203125 0.07659259259259259
0 0.2269609375 0.5302824074074074 0.01865625 0.09030092592592594
0 0.15394270833333332 0.5328287037037037 0.018828124999999998 0.076625
0 0.18378645833333335 0.49836111111111114 0.013458333333333333 0.07947685185185184
1 0.14740885416666666 0.5281712962962962 0.0059713541666666665 0.011194444444444444
0 0.2064765625 0.5995 0.0243359375 0.10543981481481482
0 0.20775520833333333 0.4448472222222222 0.015625 0.05994444444444444
