0 0.26328125 0.6279259259259259 0.021429687500000003 0.113
0 0.123875 0.5819120370370371 0.02335416666666667 0.10058796296296296
0 0.26328125 0.5842685185185185 0.030096354166666665 0.10272685185185185
0 0.26376302083333336 0.43424074074074076 0.015169270833333333 0.062064814814814816
0 0.211515625 0.45842592592592596 0.01709375 0.06677314814814814
0 0.16974218749999997 0.5119305555555556 0.022151041666666666 0.07790277777777778
1 0.16167708333333333 0.4785416666666667 0.005536458333333333 0.01027314814814815
0 0.15939062499999998 0.5487407407407408 0.023114583333333334 0.09844907407407408
0 0.240890625 0.5523796296296297 0.020466145833333334 0.10058796296296296
0 0.2382421875 0.486462962962963 0.02335416666666667 0.06805555555555555
0 0.15481510416666666 0.5198472222222221 0.015890625000000002 0.09545370370370371
0 0.1809375 0.48474999999999996 0.024317708333333334 0.09288425925925926
0 0.1673359375 0.45585648148148145 0.013963541666666666 0.0693425925925926
