0 0.5986015625000001 0.5398703703703703 0.02158854166666667 0.09755092592592593
0 0.5949583333333333 0.44001388888888887 0.016494791666666668 0.0694675925925926
0 0.6322526041666666 0.46715277777777775 0.017330729166666666 0.08862500000000001
1 0.631828125 0.4263703703703704 0.004989583333333334 0.009203703703703704
0 0.66609375 0.47268055555555555 0.0160546875 0.08808796296296297
0 0.6727838541666666 0.5347546296296296 0.030966145833333333 0.0905462962962963
0 0.6840911458333333 0.45130555555555557 0.020630208333333334 0.05668981481481482
0 0.6943776041666666 0.4784305555555556 0.024604166666666667 0.07325
0 0.6972473958333333 0.4591574074074074 0.020890625 0.06239814814814815
0 0.7256458333333333 0.4951203703703704 0.022778645833333333 0.07893055555555556
0 0.7609036458333333 0.538675925925926 0.021049479166666666 0.08944444444444444
0 0.76853125 0.6234861111111111 0.036622395833333335 0.11372685185185186
0 0.8912630208333333 0.5626898148148148 0.015510416666666667 0.0756574074074074
