0 0.48783072916666664 0.5439490740740741 0.033015625 0.10516203703703704
0 0.34252604166666667 0.5525509259259259 0.033127604166666665 0.11900925925925926
0 0.31169531250000004 0.47473148148148153 0.022442708333333335 0.08418981481481481
0 0.10822395833333333 0.5131851851851852 0.02326302083333333 0.09173611111111112
0 0.17273177083333333 0.48498148148148146 0.02705208333333333 0.0879074074074074
1 0.18243229166666666 0.42442129629629627 0.011846354166666666 0.01712962962962963
0 0.15868229166666667 0.4660694444444445 0.012166666666666666 0.07356944444444444
0 0.16720833333333335 0.5063240740740741 0.021671875 0.0880787037037037
0 0.19101302083333332 0.4771851851851852 0.026489583333333334 0.08797685185185185
0 0.2805104166666667 0.49050925925925926 0.033067708333333334 0.09672685185185186
0 0.4696458333333334 0.5802453703703704 0.036294270833333336 0.11846296296296296
0 0.5191380208333334 0.5053055555555556 0.020492187499999998 0.10564351851851851
0 0.6578932291666667 0.684212962962963 0.03962760416666666 0.128125
