0 0.5791406250000001 0.4419490740740741 0.01847135416666667 0.08125
0 0.8914973958333333 0.5632870370370371 0.02323958333333333 0.08987962962962963
1 0.6916458333333334 0.5494259259259259 0.009739583333333333 0.019175925925925926
0 0.7015182291666666 0.5654953703703703 0.028143229166666665 0.09788425925925927
0 0.7512890624999999 0.5665694444444445 0.021559895833333335 0.10719907407407409
0 0.641203125 0.4595648148148148 0.025723958333333335 0.0699074074074074
0 0.6730729166666667 0.49240740740740735 0.01894010416666667 0.08543981481481482
0 0.7160937500000001 0.4720462962962963 0.021023437500000002 0.07934259259259259
0 0.6955078125 0.5064398148148148 0.0208203125 0.08604166666666667
0 0.6751901041666667 0.4775972222222222 0.02384375 0.065375
0 0.725296875 0.5653148148148148 0.030023437500000003 0.10110648148148148
0 0.7407109374999999 0.4867916666666667 0.023911458333333333 0.07660185185185185
0 0.7583072916666667 0.5325925925925926 0.03492708333333334 0.09297685185185185
