0 0.16876562499999997 0.5556898148148148 0.0181640625 0.09908796296296296
0 0.15393229166666667 0.5176157407407407 0.017859375 0.08429166666666667
0 0.15098177083333333 0.47052314814814816 0.018315104166666665 0.06491666666666666
0 0.18503645833333332 0.49312962962962964 0.024973958333333334 0.07944907407407407
0 0.1723984375 0.5347037037037037 0.014531249999999999 0.0931712962962963
0 0.17761979166666667 0.5213842592592592 0.019526041666666667 0.0810601851851852
1 0.16841406250000002 0.48138888888888887 0.005440104166666667 0.011078703703703703
0 0.20694270833333334 0.522962962962963 0.018518229166666667 0.09202777777777778
0 0.214234375 0.46925925925925926 0.018518229166666667 0.06075
0 0.23715104166666665 0.48037037037037034 0.020833333333333332 0.0763888888888889
0 0.33167968750000004 0.45661574074074074 0.015138020833333333 0.06828703703703703
0 0.35121875 0.650087962962963 0.031263020833333335 0.11718055555555557
