0 0.7565624999999999 0.6090231481481482 0.025895833333333333 0.11430555555555556
0 0.7570911458333334 0.5865462962962963 0.02705208333333333 0.08694444444444445
0 0.7599166666666667 0.48376388888888894 0.02109114583333333 0.06379166666666666
0 0.24648697916666668 0.43730092592592595 0.015924479166666665 0.06061111111111111
0 0.25805208333333335 0.4706574074074074 0.012325520833333332 0.0746388888888889
0 0.277859375 0.4521111111111111 0.025536458333333335 0.069125
1 0.26039843749999997 0.4877175925925926 0.0054531250000000005 0.01025462962962963
0 0.5123098958333333 0.5528472222222223 0.019997395833333334 0.09706481481481481
0 0.4073932291666667 0.48051851851851857 0.014736979166666667 0.08284722222222221
0 0.6280182291666667 0.5374675925925926 0.028119791666666668 0.09449074074074074
0 0.5866979166666667 0.4799490740740741 0.0196328125 0.08455555555555555
0 0.71084375 0.4837824074074074 0.016611979166666666 0.0805925925925926
0 0.6803828125 0.4644490740740741 0.016098958333333333 0.08037962962962963
