0 0.6004244791666667 0.4973796296296296 0.019861979166666665 0.0904861111111111
0 0.6115026041666667 0.4363842592592593 0.014440104166666667 0.08159259259259259
0 0.6444765625 0.44799074074074074 0.014098958333333333 0.07331944444444445
0 0.698703125 0.4757222222222222 0.015770833333333335 0.07533796296296295
0 0.6664192708333334 0.5080740740740741 0.022408854166666665 0.08478703703703704
1 0.8081354166666667 0.38078240740740743 0.005830729166666667 0.012699074074074074
0 0.7754635416666668 0.6236203703703703 0.02090625 0.10035185185185184
0 0.8001510416666666 0.6071527777777778 0.0222734375 0.10665277777777778
0 0.7681640625 0.5255046296296296 0.019171875 0.07789814814814815
0 0.7277005208333333 0.5283055555555556 0.018898437499999997 0.06596759259259259
0 0.7481015625 0.48501851851851857 0.0176640625 0.059550925925925924
0 0.7129375 0.5462314814814815 0.04072135416666667 0.08702314814814814
0 0.8942239583333333 0.5606574074074074 0.019606770833333335 0.08771296296296296
