0 0.23515885416666665 0.5659259259259259 0.02304166666666667 0.10217592592592592
0 0.2203203125 0.4704351851851852 0.013513020833333333 0.07625925925925926
0 0.246296875 0.46825 0.0160625 0.05850462962962963
0 0.2688776041666667 0.4680833333333333 0.015911458333333333 0.08027777777777778
0 0.2316875 0.4478611111111111 0.017109375 0.05786111111111111
0 0.28279166666666666 0.583050925925926 0.032945312500000004 0.110125
0 0.2843880208333333 0.6696481481481482 0.028609375 0.12017129629629629
0 0.1573828125 0.4549722222222222 0.014419270833333333 0.06743518518518518
0 0.23242968749999998 0.47430555555555554 0.015484375 0.05811574074074074
0 0.26378645833333336 0.47970833333333335 0.0248671875 0.08432870370370371
0 0.3223046875 0.5042129629629629 0.027778645833333334 0.08984722222222222
0 0.3513046875 0.49789814814814815 0.030908854166666666 0.10074537037037037
1 0.35727864583333335 0.447125 0.006369791666666667 0.011041666666666667
