0 0.398828125 0.54375 0.045703125 0.11527777777777778
0 0.48984375 0.6326388888888889 0.042578125 0.1326388888888889
0 0.416015625 0.47430555555555554 0.023046875 0.0798611111111111
0 0.491015625 0.46319444444444446 0.025 0.0763888888888889
0 0.595703125 0.5222222222222223 0.030859375 0.10555555555555556
0 0.631640625 0.5527777777777778 0.030859375 0.10972222222222222
0 0.608203125 0.46597222222222223 0.019921875 0.08194444444444444
0 0.694921875 0.6395833333333333 0.0359375 0.1375
0 0.70546875 0.5763888888888888 0.028515625 0.10486111111111111
1 0.416796875 0.46597222222222223 0.0078125 0.016666666666666666
0 0.3953125 0.4222222222222222 0.025390625 0.06944444444444445
0 0.85390625 0.6680555555555555 0.034375 0.13194444444444445
0 0.49140625 0.4270833333333333 0.020703125 0.06875
