0 0.6662187500000001 0.6063287037037037 0.04099479166666666 0.12688425925925925
0 0.5936197916666667 0.48163888888888884 0.02049739583333333 0.0979212962962963
0 0.6146901041666666 0.4932222222222222 0.022502604166666666 0.09041203703703703
0 0.6104609375 0.4427083333333333 0.01834635416666667 0.07993981481481481
0 0.6432864583333333 0.47252777777777777 0.020927083333333332 0.08861574074074074
0 0.6530677083333334 0.5074305555555555 0.034041666666666665 0.09639814814814815
0 0.7649062499999999 0.4872453703703704 0.0276640625 0.07855092592592593
0 0.7626822916666666 0.51375 0.024653645833333335 0.09588888888888888
0 0.7977994791666667 0.5254722222222222 0.031247395833333334 0.09385648148148147
0 0.7831432291666667 0.4797314814814815 0.023291666666666665 0.11193518518518518
0 0.7788802083333334 0.4688981481481482 0.025513020833333334 0.11320833333333333
1 0.7835390624999999 0.4203425925925926 0.010463541666666666 0.01864351851851852
0 0.8917552083333333 0.5724953703703703 0.02049739583333333 0.09361574074074075
