0 0.5625963541666666 0.4899074074074074 0.0269140625 0.08588425925925926
0 0.7711484375000001 0.49567129629629636 0.0193203125 0.08847222222222222
0 0.9046979166666667 0.6349027777777778 0.01690104166666667 0.09343055555555556
0 0.5408072916666666 0.450087962962963 0.026231770833333334 0.07497685185185185
0 0.7260963541666666 0.5083564814814815 0.03249479166666667 0.0741712962962963
0 0.753921875 0.5546574074074074 0.023065104166666666 0.09822685185185184
0 0.7188828125000001 0.6310324074074074 0.033169270833333334 0.11636574074074074
0 0.6633619791666666 0.5413009259259259 0.025958333333333337 0.09585648148148149
1 0.7905729166666667 0.49361574074074077 0.0059713541666666665 0.011967592592592594
0 0.7787604166666667 0.5201296296296296 0.0278515625 0.08224537037037037
0 0.6470494791666667 0.4825555555555555 0.026203125 0.07488888888888888
