0 0.5010546875 0.6365601851851852 0.03370572916666667 0.14227314814814815
0 0.1614765625 0.45858796296296295 0.014940104166666666 0.06924537037037037
0 0.23853125 0.4627777777777778 0.020338541666666664 0.06268981481481481
0 0.3207994791666666 0.49773148148148144 0.025463541666666666 0.09951388888888889
0 0.328984375 0.4489444444444445 0.017734375 0.077125
0 0.38116145833333337 0.4354675925925926 0.021143229166666666 0.07603703703703704
0 0.4065859375 0.49247685185185186 0.026979166666666665 0.09466666666666666
0 0.17165364583333334 0.5408611111111111 0.0200078125 0.10089351851851852
1 0.17078125 0.50325 0.010533854166666667 0.019203703703703702
0 0.1930234375 0.5360046296296296 0.03410416666666667 0.09118055555555556
0 0.19810156250000002 0.5017731481481481 0.030617187499999997 0.08091666666666666
0 0.26767187499999995 0.5191574074074075 0.021067708333333334 0.08820370370370371
0 0.2807838541666667 0.5329722222222222 0.03243489583333333 0.1053287037037037
