0 0.6119218750000001 0.487212962962963 0.01699739583333333 0.08074999999999999
0 0.6018567708333333 0.44980555555555557 0.022294270833333334 0.0740787037037037
0 0.705125 0.5272314814814815 0.024661458333333334 0.09608333333333333
0 0.6937395833333333 0.48131944444444447 0.018549479166666667 0.07559722222222222
0 0.7571432291666667 0.5165138888888889 0.018783854166666666 0.08347685185185186
0 0.7681588541666666 0.50525 0.015213541666666667 0.06985648148148148
0 0.7862708333333334 0.5459907407407407 0.01896875 0.09164351851851851
0 0.8068177083333333 0.629125 0.031247395833333334 0.11296759259259259
0 0.8565 0.569625 0.017247395833333335 0.06672685185185186
0 0.9095833333333334 0.6092777777777778 0.01690364583333333 0.08418981481481481
1 0.8002473958333333 0.459625 0.006229166666666667 0.011597222222222222
0 0.7846171875 0.5173564814814815 0.026924479166666668 0.08497222222222221
0 0.7986875 0.5083101851851852 0.0141953125 0.07982870370370371
