0 0.38829947916666663 0.6631851851851852 0.026309895833333333 0.11947222222222223
1 0.39572916666666663 0.4266898148148148 0.0052265625 0.010379629629629631
0 0.4081119791666667 0.44078240740740743 0.02228125 0.06675
0 0.3478723958333333 0.49010648148148156 0.029059895833333335 0.08526851851851852
0 0.35268229166666665 0.45394444444444443 0.016119791666666668 0.07149537037037038
0 0.3063958333333333 0.4935509259259259 0.029265625 0.07912037037037037
0 0.28428125000000004 0.47325925925925927 0.0158125 0.07921296296296296
0 0.2796536458333333 0.4466527777777778 0.020729166666666667 0.06387037037037037
0 0.27430208333333334 0.4378240740740741 0.0070390625 0.0667824074074074
0 0.29445312500000004 0.46267592592592593 0.011859375 0.07758333333333334
0 0.23240625 0.6078749999999999 0.03233333333333333 0.11626388888888889
0 0.2523984375 0.5483611111111111 0.0229609375 0.10024074074074074
0 0.15699218750000002 0.4575972222222222 0.011955729166666667 0.06630092592592593
