0 0.8159401041666666 0.6414907407407406 0.040611979166666666 0.10612962962962963
0 0.7622864583333333 0.5103657407407408 0.027703125 0.08195833333333333
0 0.7175260416666667 0.47243981481481484 0.016419270833333333 0.08028703703703703
0 0.6185052083333333 0.4951759259259259 0.022828124999999998 0.07754166666666668
1 0.6245182291666667 0.496962962962963 0.008776041666666668 0.015287037037037038
0 0.6614270833333333 0.5040555555555556 0.027307291666666667 0.0841712962962963
0 0.57709375 0.44777314814814817 0.021888020833333334 0.07731481481481481
0 0.7942005208333334 0.5909212962962963 0.032945312500000004 0.10233796296296296
0 0.7133932291666666 0.5688009259259259 0.025018229166666666 0.10178703703703704
0 0.730328125 0.4931342592592593 0.017739583333333333 0.07253703703703704
0 0.7414661458333334 0.5045648148148147 0.015447916666666667 0.09446296296296296
0 0.9035208333333333 0.5684953703703703 0.021234375000000003 0.08047222222222222
0 0.7202526041666667 0.5825046296296297 0.02656510416666667 0.11207870370370371
