0 0.6123307291666666 0.43716666666666665 0.014911458333333332 0.08594444444444443
0 0.7189583333333334 0.44453240740740746 0.011794270833333334 0.05908796296296296
0 0.7363072916666666 0.46627777777777774 0.013546875000000002 0.0679212962962963
0 0.7367447916666666 0.5522222222222222 0.028070312500000003 0.08420833333333333
0 0.7717838541666667 0.5485833333333333 0.014911458333333332 0.09980555555555556
0 0.7802630208333333 0.52025 0.0301171875 0.09200925925925926
0 0.7814322916666666 0.5727546296296296 0.0416171875 0.08507870370370371
0 0.7504869791666666 0.5915 0.03918229166666667 0.08583796296296296
0 0.8687135416666667 0.5492731481481482 0.0157890625 0.08559722222222221
1 0.8744166666666667 0.5088148148148148 0.0053593749999999996 0.010222222222222221
0 0.8336276041666667 0.5488425925925926 0.023781249999999997 0.0795324074074074
0 0.795078125 0.6316666666666667 0.03654947916666666 0.10760185185185185
0 0.9370390625 0.6126064814814814 0.017934895833333336 0.09789814814814815
