0 0.22826822916666664 0.512824074074074 0.025270833333333336 0.08466203703703704
0 0.15964583333333332 0.5098379629629629 0.0191796875 0.07947685185185184
0 0.35777604166666666 0.65425 0.023486979166666665 0.12333333333333332
0 0.1741692708333333 0.4514212962962963 0.016544270833333333 0.05882407407407408
0 0.33210416666666664 0.45360648148148147 0.014140624999999999 0.07138888888888888
0 0.26101822916666667 0.4708703703703704 0.017625000000000002 0.0752037037037037
0 0.18847395833333333 0.4846851851851852 0.021552083333333336 0.0851712962962963
0 0.18330729166666665 0.5551898148148149 0.022432291666666666 0.09856018518518518
1 0.18451822916666666 0.4481527777777778 0.006135416666666667 0.012935185185185185
0 0.148375 0.45979166666666665 0.011174479166666666 0.066625
0 0.22955989583333333 0.4618101851851852 0.022447916666666668 0.06434259259259259
