0 0.57253125 0.5228194444444444 0.022380208333333332 0.08222685185185186
0 0.5506145833333334 0.4415046296296296 0.016153645833333334 0.07262037037037038
0 0.6097552083333333 0.5425648148148149 0.018119791666666666 0.08631018518518518
0 0.6302083333333334 0.5720833333333334 0.017677083333333333 0.09693981481481481
0 0.6611979166666667 0.4777268518518519 0.023838541666666668 0.07776388888888888
0 0.6982838541666666 0.4847175925925926 0.014296874999999999 0.07851851851851852
0 0.6883359375 0.5613981481481481 0.03277083333333333 0.09296759259259259
0 0.7181380208333333 0.4645509259259259 0.017729166666666667 0.06836574074074074
0 0.7187447916666667 0.45914351851851853 0.016442708333333333 0.06169907407407408
0 0.7566614583333333 0.5824583333333333 0.016111979166666665 0.10485185185185185
0 0.7700416666666666 0.5528009259259259 0.014927083333333334 0.09637037037037037
0 0.8917604166666667 0.5637453703703704 0.0163046875 0.07352777777777778
