0 0.6756432291666666 0.6792638888888889 0.023203124999999998 0.11288425925925927
0 0.44475781249999996 0.4335787037037037 0.024374999999999997 0.07390740740740741
1 0.4576796875 0.40638888888888886 0.004940104166666666 0.009810185185185186
0 0.4869114583333333 0.5061712962962963 0.0228203125 0.08276388888888889
0 0.545703125 0.4968935185185185 0.030338541666666666 0.07700925925925926
0 0.4730026041666667 0.5651944444444444 0.03191666666666667 0.11023611111111112
0 0.4284661458333333 0.5481296296296296 0.022494791666666666 0.10965277777777778
0 0.38598177083333335 0.4639537037037037 0.024104166666666666 0.06228240740740741
0 0.31096874999999996 0.5038935185185186 0.0190078125 0.09691203703703705
0 0.27727083333333336 0.5075138888888889 0.024164062500000003 0.08875925925925926
0 0.18597916666666667 0.5290185185185186 0.015950520833333332 0.09944907407407408
0 0.176484375 0.5420277777777778 0.016697916666666666 0.09806481481481481
0 0.15710416666666666 0.45332407407407405 0.0106640625 0.06595833333333333
