0 0.3817083333333333 0.49480555555555555 0.0335390625 0.08494907407407408
0 0.3788776041666667 0.4555138888888889 0.03054166666666667 0.07823611111111112
0 0.4617265625 0.46291666666666664 0.0221015625 0.07922222222222222
0 0.4334635416666667 0.6295555555555555 0.0468671875 0.12502777777777777
0 0.4438463541666666 0.5595648148148149 0.0407578125 0.11258796296296296
0 0.4946015625 0.471212962962963 0.023210937499999997 0.07527314814814814
0 0.6074453125 0.47183796296296293 0.017609375 0.07491203703703704
0 0.6858359375 0.5032175925925926 0.024427083333333332 0.0796712962962963
0 0.6371875 0.5736898148148148 0.05664322916666666 0.08760648148148148
0 0.6765859375000001 0.5869629629629629 0.02783333333333333 0.11097685185185185
1 0.667171875 0.5704444444444445 0.007872395833333334 0.014462962962962962
0 0.7054348958333333 0.5768657407407407 0.018338541666666666 0.09049074074074075
0 0.8020989583333333 0.6921388888888889 0.04330729166666667 0.11158796296296296
