0 0.606046875 0.6821944444444444 0.041445312500000005 0.12053240740740742
0 0.5921276041666667 0.5996342592592593 0.027630208333333333 0.1118425925925926
0 0.569171875 0.5246342592592593 0.019979166666666666 0.10088425925925926
0 0.4112578125 0.4562453703703704 0.010200520833333334 0.07292592592592594
0 0.31349218749999996 0.48987500000000006 0.019127604166666666 0.07972685185185185
0 0.28490624999999997 0.5151898148148147 0.020617187500000002 0.09786111111111111
0 0.23857291666666666 0.4938425925925926 0.023591145833333334 0.08085648148148149
0 0.1860755208333333 0.519912037037037 0.016364583333333335 0.07783333333333334
0 0.19096354166666665 0.5047962962962963 0.014239583333333333 0.07027777777777779
0 0.16747916666666668 0.47381481481481486 0.011901041666666667 0.05894444444444444
0 0.1573828125 0.4974305555555556 0.015515625 0.07821296296296296
1 0.16482291666666665 0.39692592592592596 0.0057395833333333335 0.011712962962962963
0 0.16205989583333333 0.4647453703703704 0.011265625 0.057430555555555554
