0 0.6890442708333333 0.46905555555555556 0.013700520833333334 0.07059722222222223
0 0.6617708333333333 0.4505555555555556 0.011177083333333334 0.0718287037037037
0 0.600234375 0.43249074074074073 0.011419270833333333 0.060898148148148146
0 0.6974557291666666 0.5426574074074074 0.03203645833333333 0.06956944444444445
0 0.7084869791666667 0.536449074074074 0.0379140625 0.0800138888888889
1 0.7016692708333333 0.5285648148148149 0.007869791666666666 0.013402777777777777
0 0.7447369791666667 0.5602962962962963 0.0297109375 0.08316666666666667
0 0.7607552083333334 0.5671944444444444 0.02383333333333333 0.08711111111111111
0 0.7804322916666667 0.5511296296296296 0.021729166666666667 0.08612500000000001
0 0.7628619791666666 0.49890740740740747 0.021838541666666666 0.081
0 0.7372552083333334 0.4817592592592592 0.01740364583333333 0.07075
0 0.818125 0.6235787037037037 0.032591145833333335 0.10764351851851851
0 0.8968385416666667 0.5656157407407407 0.015421875 0.08494444444444443
