0 0.5301692708333333 0.5009305555555555 0.019369791666666667 0.08254166666666667
1 0.5243776041666667 0.4934212962962963 0.007223958333333333 0.013625
0 0.531171875 0.4445046296296296 0.012018229166666667 0.07262037037037038
0 0.5762083333333333 0.5159537037037037 0.0198359375 0.0817638888888889
0 0.5994791666666667 0.5962175925925925 0.038828125 0.10556944444444445
0 0.6283229166666667 0.5642685185185184 0.031122395833333334 0.08617129629629629
0 0.7238749999999999 0.5493055555555556 0.027166666666666665 0.09423148148148147
0 0.7396796875 0.5367083333333333 0.022690104166666666 0.09868981481481481
0 0.7156953125 0.48787499999999995 0.014354166666666666 0.08470833333333333
0 0.6955130208333333 0.474787037037037 0.021177083333333332 0.07600462962962963
0 0.6917187499999999 0.46285185185185185 0.021018229166666666 0.06652314814814815
0 0.687578125 0.4531712962962963 0.015247395833333333 0.06347685185185185
0 0.8970729166666668 0.5716944444444444 0.017338541666666665 0.0749675925925926
