0 0.51934375 0.5381157407407408 0.02725 0.11092592592592593
0 0.480734375 0.511638888888889 0.0222421875 0.1076388888888889
0 0.3780104166666666 0.4673101851851852 0.02234635416666667 0.08831944444444445
0 0.33982812500000004 0.4908842592592592 0.023325520833333332 0.10740740740740741
0 0.239625 0.46879166666666666 0.02187760416666667 0.0984537037037037
0 0.2959583333333333 0.436125 0.017151041666666665 0.07377777777777779
0 0.17845052083333332 0.463837962962963 0.016161458333333333 0.05196296296296296
0 0.18447395833333333 0.5162962962962964 0.020580729166666666 0.08911574074074075
0 0.138203125 0.5634629629629629 0.02713802083333333 0.09672222222222222
0 0.13522916666666665 0.486 0.022716145833333333 0.08137962962962964
0 0.17035937499999998 0.4990092592592592 0.0197421875 0.09425925925925925
0 0.19358333333333333 0.4870879629629629 0.018372395833333333 0.09439351851851852
1 0.18325520833333334 0.4995277777777778 0.016619791666666668 0.025231481481481483
