0 0.513375 0.5573796296296296 0.0267578125 0.11662962962962962
0 0.48452083333333335 0.5159537037037037 0.024604166666666667 0.11238425925925925
0 0.3709166666666667 0.47099537037037037 0.0241484375 0.09906481481481481
0 0.3191015625 0.4886342592592593 0.027096354166666666 0.11217592592592593
0 0.29812760416666667 0.4418657407407407 0.028231770833333333 0.07506944444444445
0 0.24149479166666668 0.4708935185185185 0.027210937499999997 0.09281481481481481
0 0.13083854166666667 0.5651388888888889 0.032653645833333335 0.09788425925925927
0 0.14058854166666668 0.47694444444444445 0.020408854166666667 0.08878703703703704
1 0.16271093749999999 0.4625462962962963 0.006158854166666667 0.016967592592592593
0 0.17292968749999998 0.500824074074074 0.03332291666666667 0.08984722222222222
0 0.19041927083333335 0.493462962962963 0.020697916666666667 0.08616666666666667
0 0.19349739583333334 0.46167592592592593 0.01909375 0.062143518518518515
0 0.18972135416666666 0.4849537037037037 0.020854166666666667 0.0847824074074074
