0 0.6649609375 0.45729166666666665 0.021046875 0.07977314814814815
1 0.6328802083333334 0.4464861111111111 0.005533854166666667 0.01113425925925926
0 0.6297942708333333 0.4540648148148148 0.016286458333333333 0.0726898148148148
0 0.6491848958333333 0.5019212962962963 0.019106770833333335 0.09128703703703704
0 0.6946614583333334 0.5055277777777778 0.023338541666666667 0.08407407407407406
0 0.7565286458333333 0.6081018518518518 0.022278645833333333 0.10830555555555556
0 0.8567187500000001 0.5784537037037037 0.015794270833333332 0.08788425925925926
0 0.8950026041666667 0.5662592592592592 0.016216145833333334 0.08444444444444445
0 0.8129869791666666 0.5401527777777778 0.0184375 0.08175925925925925
0 0.7801302083333332 0.5997962962962963 0.026333333333333334 0.0925787037037037
0 0.7517890625 0.5388055555555555 0.032255208333333334 0.07843981481481482
0 0.7521041666666667 0.5267083333333333 0.021257812499999997 0.08308333333333334
0 0.6200286458333333 0.4355833333333333 0.011140625 0.06151388888888889
