0 0.20994791666666668 0.45843055555555556 0.022934895833333333 0.064875
0 0.25462239583333335 0.46319444444444446 0.015460937499999999 0.07440277777777778
1 0.26057552083333335 0.4534722222222222 0.00484375 0.009259259259259259
0 0.22587239583333335 0.43374537037037036 0.014661458333333332 0.06851851851851852
0 0.4054479166666667 0.47241666666666665 0.016890625 0.07958333333333334
0 0.4428723958333334 0.544949074074074 0.02520572916666667 0.09608796296296297
0 0.57490625 0.4767222222222222 0.0196328125 0.08393055555555555
0 0.6010989583333333 0.537712962962963 0.017833333333333333 0.09988888888888889
0 0.7108359375000001 0.48498148148148146 0.01739322916666667 0.0780787037037037
0 0.7561953124999999 0.582837962962963 0.017575520833333334 0.08538888888888889
0 0.7364322916666667 0.6110694444444444 0.032236979166666666 0.11626388888888889
0 0.6823151041666667 0.4651342592592593 0.0189140625 0.07967592592592593
0 0.7373333333333334 0.47164814814814815 0.012002604166666668 0.06435648148148147
