0 0.284109375 0.6837500000000001 0.03432291666666667 0.12349074074074075
0 0.29754947916666663 0.6175277777777778 0.029065104166666668 0.11978703703703704
0 0.25578645833333336 0.5871064814814815 0.020138020833333332 0.11432407407407408
0 0.31495833333333334 0.4952268518518519 0.023213541666666667 0.09175
0 0.334203125 0.4887916666666666 0.019046875 0.08487037037037037
0 0.29358072916666667 0.46674537037037034 0.017955729166666667 0.078875
0 0.2653098958333333 0.47732870370370367 0.0229140625 0.07499537037037038
0 0.24720572916666667 0.5101296296296297 0.03690364583333334 0.08345833333333334
0 0.23019270833333336 0.4551064814814815 0.017359375 0.06159259259259259
0 0.20923177083333336 0.522638888888889 0.023200520833333335 0.08293518518518518
0 0.19782291666666665 0.5038425925925926 0.021374999999999998 0.07698148148148148
1 0.195578125 0.49931018518518516 0.0066953125 0.013287037037037036
0 0.14928906249999999 0.4638101851851852 0.013768229166666666 0.06887037037037036
