0 0.169234375 0.5089953703703703 0.014979166666666667 0.0785462962962963
0 0.33555989583333334 0.504962962962963 0.028 0.08263425925925927
0 0.36291666666666667 0.65425 0.023067708333333332 0.11144444444444444
0 0.18893489583333334 0.44228703703703703 0.009710937499999999 0.03975
0 0.4068098958333334 0.45972685185185186 0.012328125 0.07835185185185185
0 0.23121354166666666 0.5328796296296296 0.0136328125 0.08930092592592592
0 0.1499375 0.5433657407407407 0.015942708333333333 0.07206944444444444
0 0.18350520833333334 0.5019907407407407 0.017065104166666668 0.07648611111111112
1 0.1442578125 0.5633055555555556 0.0057552083333333335 0.011194444444444444
0 0.21901302083333332 0.6078055555555555 0.0379375 0.1062638888888889
0 0.21798958333333335 0.44528703703703704 0.0178984375 0.06293518518518518
