0 0.6627578125 0.546875 0.0265859375 0.0805925925925926
0 0.656296875 0.5437268518518519 0.020203125 0.11412037037037037
0 0.6011822916666667 0.4441805555555555 0.017247395833333335 0.07417592592592592
0 0.8175 0.640537037037037 0.03520052083333333 0.11538425925925926
0 0.7036822916666666 0.529912037037037 0.02635677083333333 0.09560185185185185
0 0.7757161458333334 0.5007175925925925 0.020153645833333334 0.07370833333333333
0 0.768390625 0.5115231481481481 0.021234375000000003 0.08039351851851852
0 0.8017942708333333 0.5802407407407407 0.026265625 0.10392592592592592
1 0.7575989583333332 0.35270833333333335 0.00703125 0.01499537037037037
0 0.8931770833333333 0.5611666666666666 0.020700520833333333 0.07685648148148148
0 0.7126328125000001 0.47511574074074076 0.013796874999999998 0.07546296296296297
0 0.7337239583333334 0.521962962962963 0.026236979166666667 0.09359259259259259
0 0.7054427083333333 0.4435138888888889 0.016213541666666668 0.0665462962962963
