0 0.823828125 0.6451388888888889 0.043359375 0.11527777777777778
0 0.8875 0.5666666666666667 0.02421875 0.09305555555555556
0 0.770703125 0.5840277777777778 0.0359375 0.10069444444444445
0 0.668359375 0.51875 0.023046875 0.09583333333333334
0 0.6953125 0.48125 0.017578125 0.07291666666666667
0 0.742578125 0.5027777777777778 0.023046875 0.08680555555555555
0 0.658203125 0.4444444444444444 0.01875 0.07152777777777777
0 0.63046875 0.46458333333333335 0.01875 0.0763888888888889
0 0.587890625 0.5118055555555555 0.022265625 0.10138888888888889
0 0.5546875 0.43333333333333335 0.014453125 0.075
0 0.75859375 0.5229166666666667 0.041015625 0.09513888888888888
0 0.766015625 0.5381944444444444 0.0328125 0.09097222222222222
1 0.775390625 0.51875 0.01015625 0.017361111111111112
