0 0.5343854166666666 0.5080925925925927 0.029875 0.09659259259259259
0 0.5885937499999999 0.4651898148148148 0.020057291666666664 0.07586574074074075
0 0.5536354166666667 0.43388888888888894 0.022932291666666667 0.06861574074074074
0 0.6343541666666667 0.5107731481481481 0.034994791666666664 0.08399537037037037
0 0.6502369791666667 0.4525324074074074 0.014166666666666666 0.0632638888888889
0 0.7334114583333334 0.5095231481481481 0.030434895833333333 0.08299537037037037
0 0.8041015625 0.5337824074074075 0.017252604166666668 0.0933611111111111
1 0.8099557291666667 0.5183101851851851 0.006661458333333333 0.017532407407407406
0 0.8331796874999999 0.6012407407407407 0.01509375 0.10550462962962963
0 0.8506536458333334 0.5397037037037037 0.024203125 0.08975925925925926
0 0.8780520833333333 0.6128472222222222 0.02814583333333333 0.08375462962962962
0 0.8440572916666667 0.6520231481481481 0.04065625 0.10118518518518518
0 0.8879791666666667 0.5658194444444444 0.017268229166666666 0.09267592592592593
