0 0.900015625 0.5848148148148148 0.019888020833333336 0.07894444444444446
0 0.6795989583333333 0.6273333333333333 0.04334895833333333 0.12114351851851853
0 0.7137395833333334 0.4974305555555556 0.016065104166666667 0.08137962962962964
0 0.6427994791666667 0.44686574074074076 0.0208984375 0.07392129629629629
0 0.7038046875 0.4804537037037037 0.02099739583333333 0.07860185185185185
0 0.4232265625 0.43427314814814816 0.018484375 0.07564814814814814
0 0.708375 0.44065740740740744 0.013513020833333333 0.04681944444444444
0 0.7185520833333333 0.46373148148148147 0.015231770833333333 0.060930555555555564
0 0.4313515625 0.5071898148148148 0.025411458333333335 0.09237037037037038
0 0.5906536458333334 0.5192268518518518 0.027190104166666666 0.09639814814814815
0 0.7138697916666668 0.5507453703703703 0.023390624999999998 0.10124074074074074
0 0.67175 0.45985185185185184 0.014705729166666666 0.07380092592592592
1 0.4404895833333333 0.48331944444444447 0.008346354166666665 0.015222222222222224
