1 0.5985963541666667 0.47380092592592593 0.008619791666666666 0.015231481481481481
0 0.5847187500000001 0.4401296296296296 0.0148671875 0.07582407407407407
0 0.8866041666666666 0.5607731481481482 0.018424479166666667 0.0865462962962963
0 0.6004557291666667 0.48568981481481477 0.03210677083333333 0.07133796296296296
0 0.6222421874999999 0.4757777777777778 0.019533854166666666 0.08103703703703703
0 0.6433151041666666 0.5455185185185185 0.03875 0.11368055555555556
0 0.7583385416666667 0.6198287037037037 0.027598958333333333 0.11468518518518518
0 0.7373411458333333 0.47380555555555554 0.016447916666666666 0.08272685185185186
0 0.7461979166666667 0.4863935185185185 0.01834635416666667 0.08680555555555555
0 0.7550546874999999 0.5660462962962963 0.020877604166666668 0.10975
0 0.6986328125 0.5226018518518518 0.026807291666666667 0.10439351851851852
0 0.6580651041666666 0.48688425925925927 0.0200078125 0.06669907407407408
0 0.6755416666666666 0.4925787037037037 0.021747395833333336 0.09918055555555555
