0 0.31134114583333333 0.6397731481481482 0.026570312500000002 0.11503703703703703
0 0.41003125 0.547875 0.044645833333333336 0.09190277777777778
0 0.32724739583333334 0.5168657407407408 0.03127083333333333 0.08772222222222222
0 0.3647526041666667 0.48633796296296294 0.020606770833333333 0.08193981481481481
0 0.32562239583333336 0.44327777777777777 0.022231770833333334 0.06523148148148149
0 0.276546875 0.4755740740740741 0.023497395833333334 0.08162037037037037
0 0.22250260416666665 0.5125277777777778 0.02169010416666667 0.09318518518518519
0 0.226390625 0.5051342592592593 0.0211484375 0.08483333333333334
0 0.20596354166666667 0.4935694444444444 0.015002604166666666 0.08097685185185186
1 0.27121614583333337 0.43926388888888884 0.004880208333333333 0.008356481481481482
0 0.2717578125 0.46754166666666663 0.014640624999999999 0.07326388888888889
0 0.2910989583333333 0.46287962962962964 0.039223958333333336 0.07937037037037037
0 0.16936197916666668 0.4614351851851852 0.015182291666666665 0.06683796296296296
