0 0.6024296875 0.5266342592592592 0.022151041666666666 0.11280092592592593
0 0.5443880208333333 0.4330555555555555 0.020468749999999997 0.07718518518518519
0 0.8899296875 0.5719861111111111 0.025703125 0.09782407407407408
0 0.7253854166666667 0.5019305555555555 0.02411458333333333 0.09031018518518519
0 0.7020182291666667 0.47965740740740737 0.02075 0.07367592592592592
0 0.6776223958333334 0.5430694444444444 0.0284140625 0.10379166666666667
0 0.7602473958333333 0.5784722222222223 0.026544270833333335 0.10880092592592593
0 0.6757552083333334 0.4986064814814815 0.036265624999999996 0.08166203703703703
0 0.651171875 0.5046759259259259 0.04056510416666667 0.06888425925925926
1 0.6597708333333333 0.5081574074074073 0.008973958333333334 0.021018518518518516
0 0.6463125000000001 0.4568101851851852 0.019627604166666666 0.0738425925925926
0 0.6556119791666667 0.4691064814814815 0.021963541666666666 0.07052314814814815
0 0.774265625 0.6296527777777777 0.035515625 0.12143518518518519
