1 0.6567500000000001 0.49856481481481485 0.005645833333333333 0.010675925925925926
0 0.648453125 0.5136157407407408 0.023205729166666668 0.08968055555555556
0 0.652046875 0.4461851851851852 0.015052083333333332 0.0680925925925926
0 0.68775 0.4647175925925926 0.0184296875 0.06911574074074074
0 0.7011380208333333 0.5108703703703704 0.022049479166666667 0.08075925925925925
0 0.6196484375 0.4351203703703704 0.011338541666666667 0.061407407407407404
0 0.7397812500000001 0.5397407407407407 0.022916666666666665 0.08683333333333333
0 0.8102213541666666 0.6215787037037036 0.024846354166666664 0.10635648148148148
0 0.7462473958333333 0.5322314814814815 0.01963541666666667 0.09155555555555556
0 0.80325 0.5794166666666667 0.02479947916666667 0.08467129629629629
0 0.818375 0.5422685185185185 0.027161458333333333 0.08074074074074074
0 0.8431015625 0.5596851851851852 0.013604166666666667 0.08811111111111111
0 0.9002005208333334 0.5700231481481481 0.016645833333333335 0.08390277777777777
