0 0.406640625 0.6659259259259259 0.0255078125 0.12068055555555557
0 0.41391927083333335 0.44326851851851856 0.025020833333333332 0.06026388888888888
1 0.4058333333333334 0.43925925925925924 0.0057109375 0.010939814814814814
0 0.35215885416666665 0.4538564814814815 0.016666666666666666 0.07097222222222223
0 0.32731770833333335 0.4908888888888889 0.02628125 0.0855
0 0.30947656250000005 0.49502314814814813 0.028231770833333333 0.08871759259259258
0 0.2862005208333333 0.47387962962962965 0.013002604166666666 0.07908796296296297
0 0.29562760416666667 0.46455555555555555 0.015033854166666666 0.07797222222222222
0 0.15377083333333333 0.4617546296296296 0.010924479166666667 0.0699675925925926
0 0.23540885416666668 0.61125 0.031072916666666665 0.1123611111111111
0 0.2553619791666667 0.5488888888888889 0.019664062500000003 0.10049074074074074
0 0.28480208333333334 0.43260185185185185 0.010658854166666667 0.04016666666666667
0 0.2882942708333333 0.44922222222222224 0.012057291666666666 0.06773148148148149
