1 0.6160729166666666 0.4679675925925926 0.011783854166666666 0.01902777777777778
0 0.7071328124999999 0.5978981481481481 0.028783854166666668 0.11580555555555555
0 0.615125 0.5242175925925926 0.021114583333333332 0.1146574074074074
0 0.6694921875 0.5041064814814814 0.023091145833333333 0.08287499999999999
0 0.6671979166666666 0.48055555555555557 0.026411458333333335 0.06810185185185184
0 0.7356015625 0.4715555555555555 0.022458333333333334 0.07822685185185185
0 0.8908359375 0.5706851851851852 0.021351562499999997 0.08809722222222222
0 0.5795781249999999 0.4470925925925926 0.0188203125 0.08552777777777779
0 0.7526432291666667 0.5022083333333334 0.021747395833333336 0.08892129629629629
0 0.7191536458333334 0.5675231481481481 0.026255208333333332 0.10567129629629629
0 0.7152395833333334 0.4978518518518518 0.019057291666666667 0.07738888888888888
0 0.6999375000000001 0.5083981481481482 0.01913802083333333 0.0956712962962963
0 0.6614244791666667 0.5154305555555555 0.0291015625 0.10411111111111111
