1 0.39075 0.5375694444444444 0.0071796875 0.013745370370370371
0 0.3693489583333333 0.5108101851851852 0.023471354166666666 0.09180555555555556
0 0.405109375 0.42489814814814814 0.0231953125 0.06038425925925926
0 0.4856067708333333 0.4673657407407407 0.031205729166666665 0.0795324074074074
0 0.5070078125 0.5144953703703703 0.029270833333333336 0.08836574074074074
0 0.5250572916666667 0.6513888888888889 0.030382812500000002 0.1304675925925926
0 0.6223020833333333 0.6139212962962962 0.026744791666666667 0.10878703703703703
0 0.564234375 0.4933333333333333 0.026117187500000003 0.09541203703703705
0 0.5511770833333334 0.44010648148148146 0.019109374999999998 0.06936574074074074
0 0.688453125 0.4432175925925926 0.018791666666666665 0.0563425925925926
0 0.6340677083333334 0.49389814814814814 0.033921875 0.07899074074074074
0 0.6881328124999999 0.4750694444444445 0.013377604166666666 0.07757407407407407
0 0.8498541666666667 0.578125 0.017994791666666666 0.09003240740740741
