0 0.2889088541666667 0.5005185185185185 0.017526041666666665 0.08533796296296296
0 0.34486197916666667 0.6552175925925926 0.0290859375 0.11753703703703704
0 0.17586197916666665 0.4433425925925926 0.010671874999999999 0.050694444444444445
0 0.3506770833333333 0.45335185185185184 0.0105546875 0.07497685185185185
0 0.20620312500000001 0.5234490740740741 0.01629947916666667 0.09048148148148148
0 0.17926041666666667 0.5091111111111112 0.018187500000000002 0.08674074074074074
0 0.28673697916666663 0.44316666666666665 0.0091328125 0.05625925925925926
0 0.2021328125 0.5647314814814814 0.023234374999999998 0.10397222222222223
1 0.16065625 0.3926064814814815 0.0051041666666666674 0.01148611111111111
0 0.15287499999999998 0.4545185185185185 0.013052083333333332 0.05748611111111111
0 0.20637239583333333 0.46568055555555554 0.010481770833333333 0.05449537037037037
