0 0.4628802083333333 0.6629351851851852 0.03301041666666667 0.11846296296296296
0 0.41410677083333336 0.44101851851851853 0.023588541666666667 0.06225462962962963
1 0.4055885416666667 0.4307962962962963 0.0040182291666666665 0.00887037037037037
0 0.29220572916666665 0.6133101851851852 0.034604166666666665 0.11804166666666667
0 0.2667890625 0.5571851851851852 0.029354166666666667 0.09714814814814815
0 0.15874218750000002 0.46328240740740745 0.010942708333333334 0.0700601851851852
0 0.3439375 0.4976759259259259 0.03412760416666667 0.09009259259259259
0 0.32254947916666665 0.5060694444444443 0.017234375000000003 0.09184722222222222
0 0.3263333333333333 0.48116666666666663 0.023265625 0.07647222222222222
0 0.28609114583333334 0.4718564814814815 0.017098958333333334 0.08127777777777778
0 0.2990364583333333 0.4669259259259259 0.010955729166666667 0.08372222222222223
0 0.33952343749999997 0.46375925925925926 0.016846354166666667 0.07327777777777778
0 0.35300781249999996 0.4529351851851852 0.015109375000000001 0.07168518518518519
