1 0.21054947916666666 0.42016666666666663 0.008252604166666667 0.017189814814814817
0 0.12627864583333334 0.5141666666666667 0.016369791666666668 0.06706018518518518
0 0.22137760416666669 0.5219675925925926 0.026502604166666666 0.09860185185185184
0 0.15593229166666667 0.5173472222222222 0.02228125 0.08519907407407408
0 0.17902604166666666 0.5029629629629631 0.025984375 0.0903888888888889
0 0.21455729166666665 0.4559490740740741 0.022216145833333333 0.08782407407407407
0 0.25298177083333334 0.5443703703703703 0.027346354166666666 0.10530092592592592
0 0.29276822916666667 0.49672222222222223 0.0266328125 0.09106944444444445
0 0.2970234375 0.45583333333333337 0.0183828125 0.07927314814814815
0 0.3401875 0.49268055555555557 0.03144010416666667 0.09892129629629628
0 0.34730208333333334 0.4350462962962963 0.023059895833333333 0.07719444444444445
0 0.426234375 0.6411388888888888 0.0470625 0.1467037037037037
0 0.15177083333333333 0.462625 0.022052083333333337 0.07541666666666667
