1 0.653140625 0.47044907407407405 0.0063671875 0.009324074074074075
0 0.6495390625 0.5095972222222223 0.021580729166666666 0.09778703703703703
0 0.6942083333333334 0.5143796296296296 0.022611979166666667 0.08090277777777778
0 0.6200833333333333 0.4351203703703704 0.010713541666666666 0.06208796296296297
0 0.6453072916666667 0.4494259259259259 0.0163203125 0.07170833333333333
0 0.6817395833333334 0.464375 0.0223828125 0.06702314814814815
0 0.7462734375 0.5282777777777777 0.021046875 0.08563888888888889
0 0.7458151041666666 0.535837962962963 0.019674479166666665 0.09330092592592593
0 0.7926588541666667 0.6278703703703704 0.026424479166666667 0.1044537037037037
0 0.8002265625 0.5855648148148148 0.027986979166666665 0.08087962962962962
0 0.8155546875 0.5437638888888888 0.02371614583333333 0.076625
0 0.8465729166666667 0.5677314814814814 0.0184921875 0.08725925925925926
0 0.8980494791666668 0.5694259259259259 0.016205729166666665 0.08387037037037037
