0 0.333984375 0.6395833333333333 0.04765625 0.1451388888888889
0 0.1578125 0.46597222222222223 0.01953125 0.07777777777777778
0 0.278125 0.5541666666666667 0.02578125 0.1111111111111111
0 0.316015625 0.43472222222222223 0.019921875 0.07708333333333334
0 0.27578125 0.46319444444444446 0.0171875 0.08472222222222223
0 0.227734375 0.4909722222222222 0.03125 0.08402777777777778
0 0.16171875 0.5076388888888889 0.025 0.09236111111111112
0 0.1109375 0.5173611111111112 0.019921875 0.07569444444444444
0 0.183984375 0.5152777777777777 0.02265625 0.08263888888888889
0 0.1890625 0.48819444444444443 0.02109375 0.08611111111111111
0 0.2078125 0.5027777777777778 0.028125 0.09097222222222222
0 0.208203125 0.48541666666666666 0.01640625 0.08263888888888889
1 0.172265625 0.38333333333333336 0.00859375 0.018055555555555554
