0 0.5589036458333333 0.4462453703703704 0.020294270833333336 0.08104166666666668
0 0.5860442708333333 0.4864537037037037 0.027093750000000003 0.09250462962962963
1 0.5857369791666667 0.46705555555555556 0.009348958333333332 0.01375462962962963
0 0.6262864583333333 0.5869027777777778 0.0390859375 0.1114675925925926
0 0.6633776041666667 0.5828287037037038 0.035171875 0.11087037037037037
0 0.651953125 0.5044212962962963 0.024968749999999998 0.08632407407407408
0 0.8134973958333334 0.5740277777777778 0.027395833333333335 0.09988888888888889
0 0.8547786458333333 0.628 0.023442708333333333 0.10751851851851853
0 0.6884244791666667 0.5025185185185186 0.020130208333333333 0.0845324074074074
0 0.6743984375000001 0.482625 0.024044270833333332 0.07858796296296296
0 0.913390625 0.5788148148148148 0.016744791666666665 0.07939351851851852
0 0.7571276041666667 0.5131296296296296 0.02355208333333333 0.08978703703703704
0 0.7639140624999999 0.5015509259259259 0.015570312499999999 0.0874212962962963
