0 0.6794583333333333 0.6027407407407408 0.03618489583333333 0.11862037037037039
0 0.803390625 0.6557037037037037 0.03366145833333333 0.12228703703703703
0 0.6348307291666667 0.5198657407407408 0.02988802083333333 0.07843981481481482
0 0.6339661458333333 0.4827222222222223 0.0251328125 0.07590740740740741
0 0.6675104166666667 0.4438472222222222 0.024690104166666667 0.06722685185185186
1 0.5874479166666667 0.5425462962962964 0.017653645833333335 0.018990740740740742
0 0.6121302083333333 0.5267824074074073 0.027015624999999998 0.07741203703703704
0 0.5793593749999999 0.4489398148148148 0.0313125 0.07049074074074074
0 0.8962682291666667 0.5604027777777778 0.0158046875 0.08122685185185184
0 0.8169973958333333 0.5994027777777778 0.027359375000000002 0.08772685185185186
0 0.7332057291666667 0.5324768518518519 0.023096354166666666 0.09226388888888888
0 0.716359375 0.4949537037037037 0.021841145833333336 0.07256944444444445
0 0.6896249999999999 0.4713888888888889 0.022354166666666668 0.0652824074074074
