0 0.7303697916666666 0.6053425925925926 0.022010416666666664 0.116125
0 0.7510625 0.5825138888888889 0.023856770833333332 0.08802314814814814
0 0.7191901041666667 0.46693055555555557 0.010174479166666667 0.06415740740740741
0 0.7078098958333333 0.48638888888888887 0.015575520833333334 0.0749675925925926
0 0.6924036458333334 0.46894907407407405 0.016010416666666666 0.08327314814814815
0 0.5711770833333334 0.476875 0.013502604166666666 0.08199074074074074
0 0.57878125 0.5378425925925926 0.017906250000000002 0.1006574074074074
0 0.39083072916666667 0.5384166666666667 0.025075520833333333 0.10036111111111111
0 0.41925520833333335 0.4667222222222222 0.019817708333333333 0.07829166666666668
0 0.2636953125 0.4579259259259259 0.013164062499999999 0.07102777777777777
0 0.18273177083333333 0.46178240740740745 0.01403125 0.06160185185185185
1 0.22936197916666667 0.4683287037037037 0.0046770833333333334 0.008217592592592592
0 0.21371614583333332 0.43362962962962964 0.012343749999999999 0.06904166666666667
