0 0.5447916666666667 0.44643518518518516 0.018270833333333333 0.08224537037037037
0 0.5857161458333333 0.5088472222222222 0.020065104166666667 0.09080555555555556
0 0.6142369791666666 0.5116435185185185 0.023997395833333334 0.08794907407407407
0 0.678546875 0.5722685185185185 0.03965625 0.09011574074074075
0 0.7144192708333333 0.5983240740740742 0.0317421875 0.10488888888888889
0 0.7374765624999999 0.4966944444444444 0.0235546875 0.08200925925925925
0 0.7129739583333333 0.486462962962963 0.019731770833333332 0.08409259259259258
0 0.8254635416666667 0.5905416666666666 0.029893229166666667 0.07875
0 0.8496692708333333 0.619300925925926 0.028367187500000002 0.09046759259259259
0 0.8984635416666666 0.5645185185185184 0.018153645833333332 0.07955555555555556
0 0.7045651041666667 0.4639490740740741 0.014440104166666667 0.07506018518518519
0 0.69659375 0.45489351851851856 0.019572916666666666 0.06597685185185184
