0 0.14077343750000001 0.5597037037037037 0.025169270833333333 0.10752314814814815
0 0.133984375 0.48268518518518516 0.020955729166666666 0.08668518518518518
0 0.527625 0.5232777777777777 0.025052083333333332 0.09710648148148149
0 0.48249479166666664 0.5131805555555555 0.022593750000000003 0.1122962962962963
0 0.3879739583333333 0.46297222222222223 0.021255208333333334 0.08326388888888889
0 0.3558307291666667 0.495625 0.03302083333333333 0.10581018518518519
0 0.24005729166666667 0.46435648148148145 0.018591145833333333 0.09528240740740741
0 0.19666927083333335 0.4897870370370371 0.019434895833333334 0.09066666666666667
0 0.17229166666666668 0.47614351851851855 0.016315104166666667 0.06338888888888888
0 0.295734375 0.4365 0.01748697916666667 0.07424074074074075
0 0.18486979166666667 0.5197175925925925 0.026520833333333334 0.08350925925925926
0 0.1762890625 0.5063101851851852 0.022361979166666667 0.07981018518518518
1 0.16763020833333334 0.4058333333333333 0.015169270833333333 0.020648148148148148
