0 0.3427057291666667 0.4818842592592592 0.018453125 0.07294907407407407
0 0.4115494791666666 0.4708333333333333 0.027713541666666668 0.0934537037037037
0 0.49642708333333335 0.4119398148148148 0.013601562499999999 0.07322222222222222
0 0.08136197916666667 0.5375462962962962 0.0156796875 0.08331018518518518
0 0.3595 0.4795185185185185 0.020778645833333335 0.08186574074074075
0 0.17209114583333335 0.5622638888888889 0.0233203125 0.09959722222222223
0 0.24511458333333333 0.515449074074074 0.016263020833333332 0.0874537037037037
0 0.27439843750000004 0.5146666666666667 0.015861979166666665 0.10012962962962962
0 0.31329427083333333 0.4787731481481482 0.018026041666666666 0.08303703703703705
0 0.4231770833333333 0.40827314814814814 0.0124921875 0.06974537037037037
1 0.4259348958333333 0.37306018518518513 0.0057552083333333335 0.01061574074074074
0 0.4003828125 0.4441435185185185 0.019578125000000002 0.07049537037037037
