0 0.32032812499999996 0.4326111111111111 0.017450520833333334 0.07112962962962963
0 0.3336692708333333 0.47062037037037036 0.0325 0.07919444444444444
1 0.34354947916666667 0.4737314814814815 0.012372395833333332 0.02238888888888889
0 0.4444635416666667 0.4661898148148148 0.019203124999999998 0.08806018518518519
0 0.41565624999999995 0.4315462962962963 0.029174479166666666 0.07786111111111112
0 0.3623385416666667 0.6216388888888889 0.053825520833333335 0.14782407407407408
0 0.28529166666666667 0.5286388888888889 0.02880729166666667 0.09871759259259259
0 0.5305572916666667 0.522 0.035731770833333336 0.10119907407407408
0 0.5632864583333334 0.4784907407407407 0.026406250000000003 0.09099537037037038
0 0.5791666666666667 0.6373194444444444 0.0481953125 0.13979629629629628
0 0.6072343750000001 0.5700000000000001 0.024005208333333337 0.10955092592592593
0 0.6024348958333333 0.543587962962963 0.021049479166666666 0.1177824074074074
0 0.7678854166666667 0.6778564814814815 0.05213020833333334 0.1401388888888889
