0 0.25329166666666664 0.5028703703703704 0.025158854166666668 0.08300462962962962
0 0.5482421875 0.5753888888888888 0.032007812499999996 0.10309722222222222
0 0.6252838541666667 0.7081157407407407 0.04864583333333334 0.12021296296296298
0 0.2718828125 0.4574953703703704 0.015697916666666666 0.06976851851851851
0 0.5709973958333333 0.4883472222222222 0.025559895833333336 0.08575462962962963
0 0.4217838541666667 0.5657268518518519 0.044796875 0.10561111111111111
0 0.24102864583333333 0.6118194444444445 0.034690104166666666 0.11553703703703704
0 0.48898958333333337 0.44302314814814814 0.031325520833333335 0.06907870370370371
0 0.2853333333333333 0.5399490740740741 0.029723958333333335 0.09998611111111111
0 0.5198203124999999 0.6219537037037037 0.043671875 0.11744907407407407
1 0.5384322916666666 0.6419722222222223 0.009229166666666667 0.017180555555555557
0 0.35721875000000003 0.46154629629629634 0.029763020833333334 0.07295370370370372
0 0.3172213541666667 0.4634814814814815 0.0233359375 0.07400925925925926
