0 0.6077239583333333 0.5437546296296296 0.025736979166666667 0.11409722222222221
0 0.671828125 0.5380416666666668 0.0219921875 0.09380092592592593
0 0.7736458333333334 0.6304027777777778 0.034830729166666664 0.11937962962962964
0 0.7670781249999999 0.5794675925925926 0.0266875 0.1056388888888889
0 0.7090651041666667 0.48160185185185184 0.014085937500000001 0.07411574074074075
0 0.7240130208333333 0.5018425925925926 0.020091145833333334 0.08607407407407407
0 0.6378281250000001 0.4938101851851852 0.03459375 0.06239351851851852
1 0.6303098958333333 0.4947546296296297 0.007786458333333333 0.013560185185185186
0 0.6419609375 0.4584074074074074 0.017296875 0.08098611111111112
0 0.6614270833333333 0.4884768518518518 0.0280546875 0.07075
0 0.6578593749999999 0.47072685185185187 0.023419270833333335 0.07581944444444445
0 0.5399036458333334 0.43194907407407407 0.01598958333333333 0.07751851851851851
0 0.8893697916666666 0.573125 0.02127864583333333 0.10056481481481482
