0 0.6183697916666666 0.5906018518518519 0.019640625000000002 0.1167962962962963
0 0.5543645833333334 0.5177546296296296 0.019640625000000002 0.0975324074074074
0 0.5757005208333333 0.6905370370370371 0.029802083333333333 0.12281481481481481
0 0.38791927083333333 0.45544444444444443 0.017947916666666668 0.07405092592592592
0 0.27193489583333336 0.48343981481481485 0.025059895833333335 0.0782638888888889
0 0.23671354166666667 0.5060138888888889 0.018963541666666663 0.0885
0 0.183703125 0.45105092592592594 0.016286458333333333 0.05151851851851852
0 0.18349218750000001 0.5048240740740741 0.015440104166666666 0.08084722222222222
0 0.18856770833333333 0.4969259259259259 0.00825 0.07106944444444444
0 0.17217447916666667 0.4986203703703704 0.0194609375 0.08949537037037038
0 0.13441927083333333 0.5106527777777777 0.013747395833333334 0.07069444444444443
0 0.1510234375 0.46552777777777776 0.011000000000000001 0.06467592592592591
1 0.1665703125 0.4038564814814815 0.0057109375 0.013537037037037037
