0 0.3522161458333333 0.6625 0.029236979166666666 0.11688888888888889
0 0.38390364583333336 0.49994444444444447 0.024197916666666666 0.09387962962962963
0 0.38446614583333333 0.4427083333333333 0.021231770833333333 0.07039351851851852
0 0.3450833333333333 0.4999675925925926 0.01913541666666667 0.08052777777777778
0 0.34265885416666664 0.44934722222222223 0.013630208333333334 0.07086111111111111
1 0.3747109375 0.46765277777777775 0.006895833333333334 0.013263888888888888
0 0.26476041666666666 0.6139675925925926 0.047638020833333336 0.11520833333333333
0 0.2590104166666667 0.5577824074074074 0.027752604166666663 0.08900925925925926
0 0.28638020833333333 0.4741111111111111 0.015244791666666667 0.07789351851851851
0 0.3013723958333333 0.46643981481481483 0.015473958333333334 0.07968981481481481
0 0.16221875 0.4552731481481481 0.011166666666666667 0.06565277777777778
0 0.254953125 0.447 0.010606770833333333 0.06797685185185186
0 0.25657552083333335 0.4349305555555556 0.018244791666666666 0.06204166666666666
