0 0.3491796875 0.6556574074074074 0.033625 0.11180555555555556
0 0.3255520833333333 0.504925925925926 0.013890625 0.08630555555555555
0 0.31767447916666663 0.43825000000000003 0.014627604166666667 0.07024537037037036
0 0.39244270833333333 0.4584212962962963 0.013200520833333333 0.07659722222222222
0 0.22706770833333334 0.5299814814814815 0.019921875 0.09002314814814814
0 0.2057890625 0.5983101851851852 0.025619791666666666 0.10501388888888889
0 0.15478645833333332 0.5321666666666667 0.016533854166666667 0.07457407407407408
1 0.147234375 0.5284722222222222 0.005981770833333333 0.011893518518518519
0 0.16825 0.5064166666666666 0.0138203125 0.08201851851851852
0 0.18313541666666666 0.49725925925925923 0.014216145833333334 0.08026388888888888
0 0.19241666666666665 0.4814074074074074 0.016533854166666667 0.07516203703703704
0 0.18523697916666665 0.4388842592592593 0.010179687500000001 0.03879166666666667
0 0.20765885416666666 0.4443888888888889 0.01589322916666667 0.05835648148148148
