1 0.4101067708333333 0.538412037037037 0.0123671875 0.02601388888888889
0 0.44573958333333336 0.4401296296296296 0.019111979166666668 0.07798148148148148
0 0.61428125 0.5894351851851852 0.03224479166666667 0.13165277777777779
0 0.6808385416666667 0.6242453703703703 0.033632812500000005 0.1164212962962963
0 0.5729453125 0.4395138888888889 0.02216145833333333 0.05404166666666667
0 0.48340364583333334 0.5039351851851852 0.029916666666666664 0.10163425925925926
0 0.4590078125 0.47424537037037034 0.020106770833333332 0.07677314814814816
0 0.4613984375 0.4625833333333333 0.000020833333333333333 0.0073518518518518525
0 0.671578125 0.5234444444444445 0.023848958333333333 0.09644444444444444
0 0.6275052083333333 0.4915925925925926 0.032486979166666666 0.08651388888888889
0 0.5660208333333333 0.4763703703703704 0.024442708333333334 0.07982407407407408
0 0.7690338541666667 0.6242546296296296 0.027888020833333336 0.11168055555555555
0 0.4280598958333333 0.5063518518518518 0.026096354166666665 0.08018518518518518
0 0.8809947916666666 0.5869074074074074 0.019940104166666663 0.08477314814814815
