0 0.4055104166666667 0.494787037037037 0.016598958333333334 0.07686111111111112
0 0.44903385416666663 0.4846666666666667 0.018333333333333333 0.07994907407407408
0 0.4903046875 0.4401296296296296 0.013570312499999999 0.05843518518518519
0 0.10734895833333334 0.5134861111111112 0.0173828125 0.0802824074074074
0 0.30038020833333334 0.44686574074074076 0.011872395833333334 0.06318055555555556
0 0.18159895833333334 0.5557500000000001 0.024091145833333334 0.09640740740740741
0 0.19400260416666668 0.5453611111111111 0.026838541666666667 0.09428703703703703
0 0.3060833333333333 0.5140972222222222 0.025395833333333333 0.09613888888888888
0 0.2881770833333333 0.4590509259259259 0.013619791666666665 0.0715
1 0.4470286458333333 0.47677314814814814 0.0064609375 0.01225925925925926
0 0.348921875 0.43352314814814813 0.027942708333333333 0.05444907407407407
0 0.3297291666666667 0.4418611111111111 0.012755208333333332 0.07014351851851851
