0 0.5821171875 0.5012546296296296 0.027385416666666666 0.08861574074074074
0 0.61165625 0.43586111111111114 0.0168125 0.08841666666666666
0 0.6342473958333333 0.45091203703703703 0.0157578125 0.0741712962962963
0 0.6798723958333334 0.5087314814814814 0.017739583333333333 0.08935648148148148
0 0.7053489583333333 0.47934259259259265 0.019546875000000002 0.06802777777777777
0 0.7623671875 0.5509537037037037 0.020244791666666664 0.09539814814814815
0 0.7354947916666668 0.6285277777777777 0.023164062500000002 0.11854166666666667
0 0.81059375 0.6244907407407407 0.022442708333333335 0.10937962962962963
0 0.8950494791666667 0.5678240740740741 0.01828645833333333 0.07329166666666667
0 0.7759661458333333 0.5189583333333333 0.017351562499999997 0.07325462962962963
0 0.7667552083333333 0.4926203703703703 0.010963541666666667 0.046439814814814816
0 0.7495625 0.5305601851851852 0.0257265625 0.0679351851851852
1 0.7954817708333334 0.4071666666666667 0.006247395833333333 0.009782407407407406
