1 0.29082552083333335 0.608875 0.014690104166666666 0.030518518518518518
0 0.14316666666666666 0.570675925925926 0.029817708333333335 0.10223611111111111
0 0.1974296875 0.5428055555555555 0.026528645833333333 0.1049537037037037
0 0.2462109375 0.4523611111111111 0.025432291666666666 0.07998148148148147
0 0.6911640625000001 0.6436712962962963 0.0449453125 0.12934722222222222
0 0.27208072916666665 0.5281851851851852 0.020169270833333332 0.0952037037037037
0 0.34958333333333336 0.47068518518518515 0.03266666666666666 0.087
0 0.4086692708333333 0.4577222222222222 0.030255208333333335 0.09264814814814815
0 0.38038802083333334 0.4613287037037037 0.021924479166666667 0.09791203703703705
0 0.4676458333333333 0.45187499999999997 0.029817708333333335 0.0965462962962963
0 0.5020130208333333 0.4855972222222223 0.025104166666666667 0.10552314814814816
0 0.5713489583333333 0.5180509259259259 0.03990364583333333 0.10611574074074075
0 0.2695598958333333 0.6250555555555555 0.03924479166666666 0.11355555555555556
