0 0.2366640625 0.5534490740740741 0.024450520833333333 0.09108333333333334
0 0.278625 0.5398981481481482 0.03529947916666667 0.08937037037037036
0 0.42542968750000004 0.5841342592592592 0.032424479166666666 0.10599074074074075
0 0.14737499999999998 0.46994444444444444 0.015359375 0.06896296296296296
0 0.32843489583333335 0.4464259259259259 0.015541666666666667 0.06699074074074074
0 0.180625 0.5408981481481481 0.023986979166666665 0.09112037037037037
0 0.1946015625 0.5323287037037037 0.025796875 0.07619907407407407
0 0.24347395833333335 0.5106064814814815 0.030924479166666668 0.06979166666666667
0 0.13776041666666666 0.5670092592592593 0.025557291666666666 0.09428703703703703
1 0.22990625 0.5522037037037038 0.008088541666666666 0.014092592592592592
0 0.09840364583333333 0.5855138888888889 0.015083333333333334 0.097875
0 0.26896614583333334 0.46550462962962963 0.022151041666666666 0.07312962962962963
