0 0.8946666666666666 0.5633564814814814 0.01778645833333333 0.08137962962962964
0 0.7860260416666667 0.5825046296296297 0.024953125 0.1075925925925926
0 0.743328125 0.5309537037037036 0.023809895833333334 0.09839351851851852
0 0.8024869791666667 0.6173148148148149 0.022799479166666668 0.11594907407407407
0 0.6520859375000001 0.5267824074074073 0.02940104166666667 0.10931944444444444
0 0.5930703125 0.4437129629629629 0.016098958333333333 0.07390277777777778
1 0.6452213541666667 0.44731944444444444 0.0057005208333333335 0.01150462962962963
0 0.6395078125 0.4520648148148148 0.023971354166666667 0.05514814814814815
0 0.6647552083333333 0.4676990740740741 0.020468749999999997 0.06775
0 0.6798020833333334 0.46513888888888894 0.022213541666666666 0.07085648148148149
0 0.6886380208333333 0.4736944444444444 0.024552083333333332 0.07414814814814814
0 0.7787135416666667 0.539800925925926 0.021799479166666667 0.09231481481481482
0 0.7844010416666667 0.5749722222222222 0.034890624999999995 0.10252777777777779
