0 0.349125 0.6103055555555555 0.03496875 0.14465277777777777
0 0.1886848958333333 0.43562962962962964 0.015440104166666666 0.08289814814814815
0 0.23269010416666666 0.5440601851851852 0.034895833333333334 0.09827314814814815
0 0.24820833333333334 0.47159259259259256 0.0177578125 0.07905555555555555
0 0.15788020833333333 0.4582777777777778 0.013125 0.05352777777777778
1 0.16452083333333334 0.44688425925925923 0.004169270833333334 0.008782407407407407
0 0.30340885416666663 0.480787037037037 0.025940104166666665 0.07658333333333332
0 0.16197135416666666 0.5104351851851852 0.019455729166666665 0.08097685185185186
0 0.16073697916666668 0.5322546296296297 0.0228515625 0.0845462962962963
0 0.22242187500000002 0.5300601851851852 0.021463541666666665 0.09003703703703703
0 0.221265625 0.46829629629629627 0.011117187499999999 0.06423148148148149
0 0.16606510416666667 0.48353240740740744 0.0372109375 0.08427314814814815
0 0.32564322916666666 0.4857268518518519 0.021307291666666665 0.0738425925925926
