0 0.3814791666666667 0.4696527777777778 0.017177083333333332 0.07154166666666667
0 0.4507317708333333 0.4709074074074074 0.020703125 0.09659259259259259
0 0.4922916666666667 0.41127314814814814 0.021244791666666665 0.07232407407407407
0 0.081421875 0.5357731481481481 0.013213541666666667 0.08602314814814815
0 0.3374661458333333 0.47988425925925926 0.018924479166666668 0.08230555555555556
0 0.18131770833333333 0.5627638888888888 0.020656249999999998 0.09950462962962964
0 0.26145833333333335 0.5121018518518519 0.016263020833333332 0.09215277777777778
0 0.28617447916666666 0.5121018518518519 0.017625000000000002 0.09727777777777778
0 0.3019192708333333 0.48155092592592597 0.0128984375 0.08631018518518518
1 0.43130989583333335 0.3678935185185185 0.0052109375 0.009171296296296295
0 0.41993749999999996 0.4113981481481481 0.012307291666666666 0.0667824074074074
0 0.4062161458333333 0.4272685185185185 0.0257109375 0.07119907407407407
