0 0.6545208333333333 0.6166712962962962 0.04015104166666667 0.12586574074074075
0 0.6032135416666667 0.43880555555555556 0.021351562499999997 0.07417592592592592
0 0.84946875 0.6443888888888889 0.035625000000000004 0.11260185185185186
0 0.6356484375 0.5207268518518519 0.031697916666666666 0.09396759259259259
0 0.6834739583333334 0.44375462962962964 0.017841145833333336 0.06763425925925926
0 0.7989348958333333 0.5720972222222223 0.024203125 0.10308333333333333
0 0.8968489583333333 0.5684027777777778 0.020700520833333333 0.0851574074074074
0 0.7009322916666666 0.5172777777777777 0.021013020833333333 0.09028240740740741
0 0.6549010416666667 0.4508009259259259 0.016213541666666668 0.0665462962962963
0 0.6812317708333333 0.5897824074074074 0.036848958333333334 0.10081944444444445
1 0.6353359375000001 0.5316805555555556 0.010153645833333334 0.02028240740740741
0 0.7177421875000001 0.47732870370370367 0.020223958333333333 0.07735185185185185
0 0.6838515624999999 0.47051851851851856 0.0164609375 0.07610185185185185
