0 0.5890625 0.6256944444444444 0.033203125 0.13541666666666666
0 0.490625 0.5027777777777778 0.030078125 0.10277777777777777
0 0.43359375 0.4361111111111111 0.028515625 0.07916666666666666
0 0.376171875 0.45416666666666666 0.026953125 0.07569444444444444
0 0.3546875 0.49930555555555556 0.032421875 0.08819444444444445
0 0.336328125 0.5347222222222222 0.03203125 0.1076388888888889
0 0.32265625 0.5243055555555556 0.02890625 0.09375
0 0.277734375 0.5388888888888889 0.0375 0.08680555555555555
0 0.2953125 0.5840277777777778 0.03671875 0.10069444444444445
1 0.28203125 0.5722222222222222 0.009765625 0.018055555555555554
0 0.2546875 0.48819444444444443 0.031640625 0.0763888888888889
0 0.275 0.4486111111111111 0.023828125 0.07222222222222222
0 0.187890625 0.4486111111111111 0.015234375 0.07083333333333333
