0 0.6486249999999999 0.45493055555555556 0.02234375 0.06405092592592593
0 0.62640625 0.5298009259259259 0.03263802083333333 0.09462499999999999
0 0.6653203125 0.5370555555555555 0.025106770833333333 0.08949074074074075
0 0.6880416666666667 0.4731157407407407 0.0130546875 0.06739814814814815
0 0.68553125 0.5266759259259258 0.02234375 0.075875
0 0.7134635416666666 0.5218796296296296 0.027994791666666668 0.08681481481481482
0 0.7484869791666667 0.47479166666666667 0.013682291666666667 0.0734212962962963
0 0.7554531250000001 0.5005648148148149 0.02234375 0.08301851851851852
0 0.7344270833333333 0.5635 0.03954166666666667 0.08748148148148148
0 0.7512473958333333 0.5524537037037037 0.015440104166666666 0.09350925925925925
0 0.9062786458333334 0.5831388888888889 0.019205729166666668 0.08793055555555555
0 0.5892083333333333 0.43252314814814813 0.014333333333333333 0.06068055555555555
