0 0.26883593749999996 0.6546666666666666 0.02987760416666667 0.11475
0 0.13895572916666668 0.5810925925925926 0.01925 0.10416666666666667
0 0.20763020833333332 0.5747175925925926 0.021455729166666666 0.10995833333333332
0 0.3539791666666667 0.48739351851851853 0.024411458333333334 0.08570370370370371
0 0.3176614583333333 0.447375 0.01975 0.06735648148148149
0 0.20853385416666667 0.4889074074074074 0.017244791666666665 0.07839351851851853
1 0.31713541666666667 0.4199259259259259 0.007268229166666667 0.012101851851851851
0 0.2969088541666667 0.5135046296296296 0.017945312499999998 0.08373611111111111
0 0.2826458333333333 0.4741111111111111 0.026317708333333335 0.06841666666666667
0 0.22702864583333332 0.516 0.018145833333333337 0.09478703703703704
0 0.15762760416666666 0.5479074074074074 0.022507812500000002 0.09941203703703703
0 0.19772916666666665 0.5028101851851852 0.021705729166666667 0.0805324074074074
0 0.15564843750000001 0.4575787037037037 0.013835937500000001 0.06672685185185186
