0 0.45546875 0.5027777777777778 0.01875 0.1
0 0.478515625 0.4354166666666667 0.0265625 0.07430555555555556
0 0.528515625 0.4756944444444444 0.030078125 0.09027777777777778
0 0.542578125 0.475 0.015234375 0.0798611111111111
0 0.594140625 0.46944444444444444 0.019140625 0.08472222222222223
0 0.70234375 0.6263888888888889 0.030859375 0.12638888888888888
0 0.80078125 0.5430555555555555 0.03359375 0.09097222222222222
0 0.762109375 0.5986111111111111 0.040234375 0.10625
0 0.774609375 0.5326388888888889 0.020703125 0.08472222222222223
0 0.7828125 0.5180555555555556 0.01796875 0.08402777777777778
1 0.78046875 0.5263888888888889 0.009375 0.016666666666666666
0 0.863671875 0.5715277777777777 0.023046875 0.09513888888888888
0 0.789453125 0.6222222222222222 0.042578125 0.1125
