0 0.4883385416666667 0.6606157407407408 0.03970052083333333 0.12051388888888889
0 0.41419791666666667 0.4410324074074074 0.022966145833333333 0.06222222222222223
1 0.4055885416666667 0.4293472222222222 0.005205729166666667 0.011231481481481483
0 0.376921875 0.48305555555555557 0.020546875000000003 0.08507407407407407
0 0.36421614583333334 0.4987916666666667 0.02228645833333333 0.09036111111111111
0 0.3533046875 0.479625 0.0118125 0.07880092592592593
0 0.35485156250000005 0.4495925925925926 0.018005208333333335 0.06495833333333334
0 0.2931484375 0.4731342592592593 0.029002604166666668 0.08180555555555555
0 0.30097395833333335 0.46688425925925925 0.014755208333333332 0.08111574074074074
0 0.285609375 0.5597777777777777 0.033856770833333334 0.10018981481481481
0 0.33269010416666667 0.6152083333333332 0.039861979166666665 0.11975000000000001
0 0.321359375 0.5055046296296297 0.0133046875 0.09414814814814816
0 0.16406510416666667 0.46464814814814814 0.013559895833333334 0.06933796296296296
