0 0.3058515625 0.6009537037037037 0.0274296875 0.11975462962962964
0 0.327453125 0.491949074074074 0.0194375 0.08599537037037037
0 0.29647395833333334 0.4830925925925926 0.016765625 0.08873148148148148
0 0.2717291666666667 0.4831666666666667 0.018143229166666667 0.08254166666666667
0 0.24978124999999998 0.6648055555555555 0.028184895833333334 0.11522685185185184
0 0.24589322916666667 0.5751018518518519 0.02203125 0.10226851851851852
0 0.2255234375 0.4887083333333333 0.025351562499999997 0.07577314814814815
0 0.19754166666666664 0.4821574074074074 0.013929687500000001 0.0753425925925926
0 0.15429166666666666 0.4597685185185185 0.012796875000000001 0.06828703703703703
1 0.15534375 0.3648796296296296 0.006317708333333334 0.013282407407407408
0 0.13972656249999998 0.5218981481481482 0.0177890625 0.07793518518518519
0 0.16451822916666667 0.5252685185185185 0.0200078125 0.08704166666666666
0 0.15737500000000001 0.517912037037037 0.020841145833333335 0.08058333333333334
