0 0.9132187500000001 0.6386203703703704 0.017575520833333334 0.08874074074074075
0 0.8443307291666666 0.5532962962962963 0.0163125 0.07530555555555556
0 0.7988333333333333 0.6012824074074073 0.0268359375 0.09813425925925925
0 0.8059505208333333 0.5274629629629629 0.012692708333333334 0.0769537037037037
0 0.706953125 0.49599537037037034 0.014895833333333334 0.0669212962962963
0 0.7060989583333334 0.4754305555555556 0.025169270833333333 0.06726388888888889
0 0.63840625 0.5780555555555555 0.0366953125 0.10716666666666666
0 0.4720651041666667 0.48617592592592596 0.02527604166666667 0.0893148148148148
0 0.4153046875 0.49139351851851854 0.012013020833333334 0.0913425925925926
0 0.22248177083333334 0.5000972222222222 0.020033854166666667 0.08983796296296297
0 0.21416927083333331 0.5028981481481481 0.015880208333333333 0.08879166666666666
0 0.17816666666666667 0.45165740740740745 0.0142890625 0.06676388888888889
