0 0.33391927083333334 0.6393148148148149 0.04777083333333333 0.14515277777777777
0 0.1577421875 0.4656342592592593 0.019419270833333332 0.07774074074074074
0 0.27811718750000003 0.5542083333333333 0.025619791666666666 0.11076851851851852
0 0.31598437500000004 0.4344398148148148 0.019776041666666667 0.077
0 0.27564322916666667 0.4633148148148148 0.017304687500000002 0.08480555555555556
0 0.22771875000000003 0.49119444444444443 0.0313515625 0.08422222222222221
0 0.1618125 0.5073796296296297 0.0249453125 0.092625
0 0.11085416666666667 0.5174675925925926 0.02011458333333333 0.07564351851851851
0 0.1838385416666667 0.5150694444444445 0.022473958333333332 0.08283796296296296
0 0.18923177083333334 0.48839351851851853 0.021125 0.08581944444444445
0 0.20782812499999997 0.5024814814814814 0.027979166666666666 0.09122222222222222
0 0.2082161458333333 0.48526851851851854 0.016278645833333334 0.08294907407407406
1 0.1724375 0.3833101851851852 0.0085625 0.017750000000000002
