1 0.15098958333333332 0.48582407407407413 0.008072916666666667 0.010166666666666668
0 0.14524479166666668 0.4780509259259259 0.018317708333333335 0.0765
0 0.37090364583333335 0.47630555555555554 0.017385416666666667 0.08956481481481482
0 0.30097135416666665 0.4408842592592592 0.019817708333333333 0.07207407407407408
0 0.3179166666666667 0.4816898148148148 0.0285625 0.09205092592592592
0 0.16790885416666665 0.5063425925925926 0.03259895833333334 0.07512962962962963
0 0.193109375 0.48596759259259265 0.021940104166666665 0.08128703703703705
0 0.19455729166666666 0.49811111111111117 0.022768229166666668 0.0835
0 0.24909635416666667 0.4693611111111111 0.01925 0.08947222222222222
0 0.20343229166666665 0.4590092592592593 0.0203359375 0.05864814814814815
0 0.12830729166666666 0.569486111111111 0.029500000000000002 0.10627777777777778
0 0.48940104166666665 0.5103703703703704 0.024700520833333333 0.1129212962962963
0 0.5127578125 0.5682361111111112 0.028565104166666667 0.12043055555555555
