0 0.6046354166666668 0.4770740740740741 0.021528645833333335 0.08643981481481482
0 0.6216145833333333 0.4845 0.04138541666666666 0.07423611111111111
0 0.6854557291666666 0.5821574074074074 0.03210677083333333 0.10656481481481482
0 0.71746875 0.5588981481481482 0.0218984375 0.09963888888888889
0 0.806921875 0.5585694444444445 0.022270833333333333 0.09568055555555555
0 0.7539374999999999 0.49522222222222223 0.019486979166666665 0.08050462962962962
0 0.7919817708333333 0.5419074074074074 0.016145833333333335 0.07423611111111111
0 0.8573072916666666 0.6153148148148148 0.020971354166666668 0.10425925925925926
0 0.7905911458333333 0.545537037037037 0.018187500000000002 0.08875
0 0.8943333333333333 0.5717638888888888 0.02078645833333333 0.08248148148148148
1 0.7680416666666667 0.35714814814814816 0.0068671875 0.012208333333333333
0 0.6166979166666666 0.42791666666666667 0.011135416666666667 0.07456481481481482
0 0.7681354166666666 0.4899444444444444 0.018557291666666666 0.06928703703703704
