0 0.28034375 0.6453981481481481 0.033981770833333334 0.11150462962962962
0 0.42837760416666665 0.5441805555555556 0.0307265625 0.09929166666666667
0 0.36891145833333333 0.4783055555555556 0.018796875 0.0812962962962963
0 0.28784375 0.429625 0.012109375 0.06105555555555555
0 0.3026666666666667 0.5077083333333334 0.015002604166666666 0.09318518518518519
0 0.23145052083333334 0.5075462962962963 0.023317708333333336 0.08450925925925926
0 0.22810677083333333 0.4948518518518519 0.020966145833333335 0.08097685185185186
1 0.22268489583333334 0.4665787037037037 0.0054218750000000005 0.010925925925925926
0 0.20786197916666668 0.4717175925925926 0.013375 0.10604166666666667
0 0.19114322916666668 0.5187916666666667 0.0211484375 0.08836574074074074
0 0.25747916666666665 0.46850462962962963 0.025486979166666666 0.07647685185185185
0 0.2599192708333333 0.45517129629629627 0.018075520833333334 0.06651388888888889
0 0.16050520833333334 0.4615972222222222 0.014820312499999998 0.06780092592592592
