0 0.5607421875 0.430625 0.019328124999999998 0.05922685185185186
0 0.6243203125 0.4726666666666667 0.015765625 0.07098148148148148
1 0.6165625 0.5025092592592593 0.005848958333333334 0.010398148148148148
0 0.6614296875 0.5423981481481481 0.03145572916666667 0.08975925925925926
0 0.6621744791666667 0.5255972222222222 0.032940104166666664 0.07487962962962963
0 0.679453125 0.4921203703703704 0.015119791666666667 0.07560185185185185
0 0.7293359375 0.49895833333333334 0.016065104166666667 0.08304166666666667
0 0.686609375 0.4420787037037037 0.011880208333333333 0.06095833333333333
0 0.7129322916666666 0.4642777777777778 0.012690104166666666 0.06216203703703704
0 0.72184375 0.47147685185185184 0.01728125 0.06839814814814815
0 0.7819843750000001 0.6226805555555556 0.037125 0.10343981481481482
0 0.7829973958333334 0.5973564814814815 0.03726041666666667 0.08351851851851852
0 0.903484375 0.5728796296296297 0.019575520833333335 0.08543981481481482
