0 0.4760677083333333 0.6345185185185185 0.052161458333333334 0.15291203703703704
0 0.15698958333333335 0.46094907407407404 0.021249999999999998 0.0714675925925926
1 0.18450260416666667 0.45210648148148147 0.010624999999999999 0.016569444444444446
0 0.23157291666666666 0.4672962962962963 0.0169140625 0.06893518518518518
0 0.16232812500000002 0.5161157407407407 0.0236796875 0.09272222222222222
0 0.17797395833333332 0.5310648148148148 0.024526041666666668 0.0944212962962963
0 0.2701588541666667 0.5376851851851853 0.029705729166666663 0.0969537037037037
0 0.256046875 0.5163009259259259 0.019874999999999997 0.08406481481481481
0 0.31654166666666667 0.4960046296296296 0.03176822916666667 0.0897037037037037
0 0.3915208333333334 0.4938564814814815 0.036789062500000004 0.09893981481481481
0 0.37058854166666666 0.43275462962962963 0.019028645833333333 0.07597222222222222
0 0.319 0.45080555555555557 0.01923958333333333 0.07260185185185185
0 0.18801822916666666 0.5061990740740742 0.03478125 0.07118981481481482
