0 0.5997734375 0.43266203703703704 0.0109375 0.0615787037037037
0 0.6511588541666666 0.4506898148148148 0.0216484375 0.06765277777777777
0 0.6834609374999999 0.4704398148148148 0.018572916666666665 0.07028703703703704
0 0.74453125 0.4806666666666667 0.0181171875 0.07413425925925926
0 0.6718958333333334 0.5398148148148149 0.04147395833333333 0.06684259259259259
0 0.690125 0.5286759259259259 0.027346354166666666 0.06724999999999999
0 0.7375807291666666 0.5669583333333333 0.024953125 0.08548148148148148
0 0.7523932291666667 0.5692870370370371 0.022445312499999998 0.0844675925925926
0 0.780421875 0.5494351851851852 0.021307291666666665 0.08851851851851851
0 0.7627057291666667 0.4978842592592593 0.019140625 0.08750462962962963
0 0.8101614583333333 0.617800925925926 0.03270052083333333 0.10694907407407407
0 0.8958984375 0.5672638888888889 0.01640625 0.08568055555555555
1 0.680671875 0.5323518518518519 0.0063124999999999995 0.01175925925925926
