0 0.5242526041666667 0.49659259259259264 0.0204375 0.07787962962962963
1 0.518234375 0.48839351851851853 0.007372395833333333 0.012574074074074074
0 0.5304010416666667 0.44606944444444446 0.012846354166666666 0.07212962962962964
0 0.5757083333333333 0.5113564814814815 0.018872395833333333 0.08248611111111111
0 0.63071875 0.5878148148148148 0.03875260416666667 0.09799537037037036
0 0.6695286458333333 0.5654722222222223 0.02479947916666667 0.09172222222222222
0 0.6796145833333332 0.4731296296296296 0.0213046875 0.07468518518518519
0 0.6830312500000001 0.504587962962963 0.019700520833333336 0.07421296296296297
0 0.7064244791666667 0.5039583333333333 0.026234374999999997 0.08204166666666667
0 0.7178515625 0.48983796296296295 0.011361979166666668 0.08122222222222222
0 0.7378333333333333 0.4828009259259259 0.017374999999999998 0.07080092592592593
0 0.7281197916666666 0.46604166666666663 0.010291666666666668 0.06836111111111111
0 0.892109375 0.5695648148148148 0.017533854166666665 0.07886111111111112
