0 0.8984635416666666 0.5908472222222222 0.019888020833333336 0.08548611111111111
0 0.5984453125000001 0.6095185185185185 0.0457109375 0.12630092592592593
0 0.6976614583333334 0.49598611111111107 0.020354166666666666 0.07822685185185185
0 0.6051119791666667 0.438875 0.016434895833333334 0.07366203703703704
0 0.6922005208333334 0.4782638888888889 0.01844010416666667 0.08105555555555556
0 0.38910937500000004 0.43651851851851853 0.0239140625 0.07564814814814814
0 0.6990078125 0.4357037037037037 0.015286458333333334 0.05024537037037037
0 0.7048203125000001 0.475462962962963 0.01390625 0.07545833333333334
0 0.383140625 0.5057453703703704 0.020270833333333335 0.09237037037037038
0 0.5759244791666667 0.5260879629629629 0.027190104166666666 0.09639814814814815
0 0.6872291666666667 0.5498287037037037 0.0340546875 0.10124074074074074
0 0.6413359375 0.45643055555555556 0.015320312499999999 0.07301388888888889
1 0.3966380208333333 0.5215185185185185 0.008346354166666665 0.015222222222222224
