0 0.40246875 0.4941851851851852 0.019536458333333333 0.07923611111111112
0 0.4439869791666667 0.48854166666666665 0.026375 0.07402314814814814
0 0.491640625 0.4462083333333333 0.012013020833333334 0.06743055555555556
0 0.11044791666666667 0.5130092592592592 0.017390625 0.08120833333333333
0 0.30355468750000003 0.44749074074074074 0.013604166666666667 0.0661851851851852
0 0.17672916666666666 0.5556111111111111 0.018041666666666668 0.09868518518518518
0 0.18959635416666665 0.5434398148148147 0.024755208333333334 0.089875
0 0.30989062500000003 0.517375 0.022432291666666666 0.09186574074074075
0 0.28829947916666665 0.46325 0.0145 0.07819444444444444
1 0.4391276041666667 0.5060648148148148 0.006515625 0.012162037037037037
0 0.3179635416666667 0.44607870370370367 0.018888020833333335 0.06732870370370371
