0 0.896875 0.5826388888888889 0.025 0.09722222222222222
0 0.52734375 0.43819444444444444 0.019921875 0.07916666666666666
0 0.62109375 0.5527777777777778 0.0265625 0.11875
0 0.663671875 0.4756944444444444 0.015625 0.06736111111111111
0 0.63203125 0.4791666666666667 0.0203125 0.07361111111111111
1 0.625 0.4638888888888889 0.007421875 0.016666666666666666
0 0.652734375 0.4708333333333333 0.015625 0.0625
0 0.68203125 0.55 0.0296875 0.10972222222222222
0 0.626953125 0.46041666666666664 0.01875 0.07152777777777777
0 0.71171875 0.4986111111111111 0.02578125 0.08472222222222223
0 0.70859375 0.4909722222222222 0.018359375 0.07569444444444444
0 0.792578125 0.5888888888888889 0.030078125 0.10138888888888889
0 0.796484375 0.6361111111111111 0.03359375 0.12291666666666666
