0 0.30921614583333334 0.43931018518518516 0.020596354166666667 0.06471759259259259
0 0.35411197916666665 0.48797685185185186 0.0141640625 0.08794907407407407
0 0.40559375000000003 0.566 0.0248828125 0.11569444444444445
0 0.42830208333333336 0.5051064814814815 0.019070312500000002 0.09782870370370371
0 0.40703125 0.4802916666666667 0.028210937499999998 0.0883148148148148
0 0.44613281250000003 0.49426851851851844 0.016361979166666665 0.08899074074074075
0 0.49531770833333333 0.5418842592592593 0.033632812500000005 0.10944444444444444
0 0.531015625 0.48885185185185187 0.0208984375 0.08506481481481482
1 0.6185729166666667 0.5059490740740741 0.006195312499999999 0.010800925925925926
0 0.6221223958333333 0.44814814814814813 0.018546875 0.06793055555555555
0 0.63878125 0.48790277777777774 0.024783854166666668 0.08149074074074074
0 0.6814114583333333 0.5655185185185185 0.026078125 0.10083796296296296
0 0.75109375 0.639337962962963 0.020450520833333333 0.09829166666666667
