0 0.34788281249999997 0.6627962962962963 0.03318489583333333 0.11587962962962964
0 0.28175 0.6161944444444445 0.04288020833333333 0.11550462962962964
0 0.26983333333333337 0.563912037037037 0.0232734375 0.08867592592592592
0 0.3484557291666667 0.5043240740740741 0.0188515625 0.08506481481481482
1 0.3788385416666667 0.49046759259259265 0.006869791666666666 0.012462962962962964
0 0.39189322916666663 0.506537037037037 0.0244765625 0.09071296296296297
0 0.3734921875 0.44466203703703705 0.016361979166666665 0.07262037037037038
0 0.33825781250000003 0.4538611111111111 0.015888020833333332 0.07743055555555556
0 0.30654687500000005 0.46565277777777775 0.018986979166666664 0.0762037037037037
0 0.28966666666666663 0.4737546296296296 0.018549479166666667 0.07821296296296296
0 0.25152604166666664 0.4515185185185185 0.017708333333333333 0.06937962962962964
0 0.25352864583333334 0.4359166666666667 0.019528645833333334 0.06018055555555556
0 0.16369791666666667 0.4552175925925926 0.013231770833333333 0.06622222222222222
