0 0.6617005208333333 0.6399027777777778 0.03842447916666667 0.10942592592592593
0 0.5627265625 0.4895787037037037 0.0243359375 0.08138425925925925
0 0.5778411458333333 0.5938333333333333 0.03641666666666667 0.11868981481481482
0 0.4852890625 0.4904074074074074 0.028455729166666666 0.08689351851851852
0 0.5286171875 0.4362037037037037 0.01709375 0.06720833333333333
1 0.5314296875 0.44866666666666666 0.0065625 0.01161111111111111
0 0.43746875 0.5324351851851852 0.0242421875 0.10556018518518519
0 0.39776302083333337 0.5153287037037036 0.0262109375 0.09333333333333334
0 0.4012578125 0.462337962962963 0.019919270833333332 0.07143518518518518
0 0.34938802083333337 0.47420833333333334 0.0240546875 0.08357870370370371
0 0.3534817708333333 0.5499166666666666 0.028799479166666666 0.11114814814814815
0 0.3096536458333333 0.4765601851851851 0.019398437499999997 0.08228703703703705
0 0.2422265625 0.44613888888888886 0.018567708333333332 0.0696712962962963
