0 0.855046875 0.6327962962962963 0.028348958333333334 0.11755092592592592
0 0.7919296875 0.5604814814814816 0.024307291666666668 0.10206481481481482
0 0.6704921875000001 0.6143472222222223 0.043244791666666664 0.11563888888888889
0 0.6482109375 0.44961574074074073 0.016872395833333335 0.07091203703703704
0 0.6969270833333333 0.44575462962962964 0.021817708333333335 0.06423148148148149
0 0.6300807291666667 0.5153333333333333 0.027544270833333332 0.09491203703703703
0 0.7014036458333333 0.5806666666666667 0.046989583333333335 0.10146759259259258
0 0.7280677083333333 0.47575462962962967 0.025223958333333334 0.07625462962962963
0 0.6785286458333334 0.46677314814814813 0.0176640625 0.07602314814814815
0 0.6966067708333333 0.5111851851851852 0.028005208333333333 0.08349074074074074
0 0.89475 0.5655092592592592 0.019171875 0.08681944444444445
0 0.595234375 0.4430648148148148 0.025916666666666664 0.07262037037037038
1 0.6305885416666667 0.5016666666666666 0.010559895833333333 0.01562962962962963
