1 0.6109036458333333 0.4673425925925926 0.005895833333333334 0.011509259259259259
0 0.6084192708333334 0.47196759259259263 0.021270833333333336 0.07008333333333333
0 0.6258177083333333 0.47206944444444443 0.015143229166666666 0.07974074074074075
0 0.6646588541666667 0.48234722222222215 0.013294270833333333 0.07686111111111112
0 0.6713072916666667 0.4802916666666667 0.015260416666666667 0.07316203703703704
0 0.5999218749999999 0.43250925925925926 0.010981770833333333 0.06144907407407407
0 0.7462161458333333 0.47176388888888887 0.019653645833333334 0.06679166666666667
0 0.7485286458333333 0.49293055555555554 0.019421874999999998 0.07295833333333333
0 0.7671979166666667 0.5371157407407408 0.0130625 0.08857870370370372
0 0.7426328125 0.5891111111111111 0.03190625 0.10131944444444445
0 0.7580677083333334 0.6105879629629629 0.020460937499999998 0.10727777777777778
0 0.7732682291666666 0.5715416666666666 0.02080729166666667 0.0859074074074074
0 0.9060963541666667 0.577912037037037 0.014565104166666667 0.08672685185185186
