0 0.27272135416666665 0.666074074074074 0.024513020833333333 0.12294907407407407
0 0.21051302083333334 0.5906342592592593 0.017794270833333334 0.11716203703703704
0 0.12897916666666667 0.5640277777777778 0.017544270833333334 0.11743518518518518
0 0.20156510416666668 0.5016574074074074 0.0215546875 0.08925925925925926
0 0.35388020833333333 0.4845416666666666 0.0176953125 0.10744444444444445
0 0.33796354166666664 0.4525 0.0227578125 0.0715324074074074
1 0.17058593749999998 0.47795370370370377 0.006817708333333334 0.011546296296296298
0 0.2570807291666667 0.5511064814814816 0.014588541666666668 0.09943518518518518
0 0.1516119791666667 0.5428194444444444 0.02461197916666667 0.09355555555555556
0 0.22146614583333332 0.5347962962962963 0.030778645833333333 0.08713888888888889
0 0.18376822916666666 0.5077916666666666 0.020752604166666667 0.08340277777777778
0 0.24266927083333334 0.46997222222222224 0.024463541666666665 0.06118981481481481
0 0.15735156250000001 0.4595462962962963 0.011630208333333333 0.06920833333333334
