1 0.8093255208333333 0.4413287037037037 0.007611979166666667 0.013569444444444443
0 0.8921666666666667 0.573162037037037 0.015908854166666667 0.08697685185185186
0 0.5982864583333334 0.44112962962962965 0.022205729166666667 0.07014814814814815
0 0.5940807291666667 0.4941296296296296 0.0173359375 0.09218981481481481
0 0.5825026041666667 0.480787037037037 0.021346354166666668 0.09770833333333334
0 0.6557916666666667 0.5976435185185186 0.04243489583333333 0.12442592592592593
0 0.7661458333333333 0.514888888888889 0.018888020833333335 0.09116203703703704
0 0.7926692708333333 0.49188425925925927 0.029497395833333332 0.08195370370370371
0 0.8003333333333333 0.5284583333333334 0.04172395833333333 0.08058333333333334
0 0.7868463541666666 0.5022361111111111 0.01992447916666667 0.07505555555555556
0 0.7633984374999999 0.48993055555555554 0.022833333333333334 0.08493981481481482
0 0.6357395833333332 0.5049953703703703 0.032861979166666666 0.09437962962962963
0 0.6358046875 0.46519907407407407 0.021864583333333333 0.07458333333333333
