0 0.249734375 0.6643935185185185 0.027723958333333333 0.11715277777777779
0 0.3105260416666667 0.5940138888888888 0.032677083333333336 0.11731018518518518
0 0.32803906250000003 0.491962962962963 0.020075520833333336 0.08625462962962963
0 0.26641927083333333 0.48995370370370367 0.024421875 0.08470833333333333
0 0.2983151041666667 0.4796018518518519 0.013122395833333333 0.08965277777777778
0 0.21353645833333335 0.49181018518518516 0.023986979166666665 0.07945370370370371
0 0.19041666666666668 0.4867870370370371 0.0189453125 0.0771388888888889
0 0.24291145833333333 0.5692916666666668 0.02103125 0.10031018518518518
0 0.15522656250000003 0.45788425925925924 0.014593749999999999 0.06452314814814815
0 0.15925260416666667 0.5276388888888889 0.023747395833333334 0.08655092592592592
0 0.129859375 0.5260462962962963 0.022783854166666666 0.07725000000000001
0 0.145796875 0.5237824074074073 0.023817708333333333 0.08642592592592593
1 0.15594791666666669 0.3650648148148148 0.0058515625 0.012023148148148147
