0 0.8139765625000001 0.6330509259259259 0.023304687499999997 0.10933333333333334
0 0.8525625 0.5597453703703703 0.01963541666666667 0.07693518518518519
0 0.7838229166666667 0.5421944444444445 0.022328124999999997 0.08545370370370371
0 0.7949713541666666 0.5108333333333334 0.012307291666666666 0.07378240740740741
0 0.7779609375 0.5175185185185185 0.0171953125 0.07489814814814814
0 0.7492630208333334 0.5208472222222222 0.024723958333333334 0.0776111111111111
0 0.7571276041666667 0.49492592592592594 0.012463541666666666 0.07464814814814816
0 0.9100989583333334 0.6099398148148149 0.016770833333333336 0.08429166666666667
1 0.8028854166666667 0.4392361111111111 0.005942708333333334 0.01150462962962963
0 0.70471875 0.5270694444444445 0.022903645833333333 0.09504166666666666
0 0.6872994791666667 0.4819259259259259 0.023205729166666668 0.07627777777777778
0 0.6135937499999999 0.4872592592592593 0.014906250000000001 0.08177777777777777
0 0.60434375 0.4512685185185185 0.014653645833333334 0.07318518518518519
