0 0.8946666666666666 0.5633564814814814 0.01778645833333333 0.08137962962962964
0 0.7794687499999999 0.5907962962962963 0.028841145833333335 0.11699537037037037
0 0.7373072916666668 0.5325092592592593 0.0267265625 0.09524537037037037
0 0.7898880208333333 0.5070509259259259 0.020153645833333334 0.07194907407407407
0 0.6827083333333334 0.5578009259259259 0.021109375 0.11695370370370371
0 0.5680520833333333 0.44387037037037036 0.019192708333333332 0.07475462962962963
0 0.6571770833333334 0.4766666666666666 0.017804687500000003 0.07683333333333334
0 0.6685651041666667 0.4862870370370371 0.015890625000000002 0.0822962962962963
0 0.5724895833333333 0.5095 0.024075520833333332 0.09363425925925926
0 0.6165468749999999 0.5255555555555556 0.022625 0.09469907407407407
0 0.7857291666666666 0.5578009259259259 0.020286458333333333 0.09018518518518519
0 0.765375 0.49950925925925926 0.024442708333333334 0.07262962962962963
1 0.5757916666666667 0.5067453703703704 0.008346354166666665 0.015222222222222224
