1 0.5649557291666666 0.4039027777777778 0.013143229166666666 0.01624074074074074
0 0.5754791666666667 0.42068055555555556 0.017901041666666666 0.07560185185185185
0 0.5791067708333333 0.5120833333333333 0.03580208333333333 0.0820787037037037
0 0.45541666666666664 0.44054166666666666 0.017416666666666667 0.08636111111111111
0 0.6203906250000001 0.5095694444444445 0.03451041666666667 0.07562962962962963
0 0.6217630208333333 0.47709722222222223 0.02273958333333333 0.0866574074074074
0 0.6584921875 0.4979583333333333 0.025559895833333336 0.09540740740740741
0 0.3423697916666667 0.44584259259259257 0.0203203125 0.0814861111111111
0 0.34833593749999997 0.43 0.0193515625 0.0741712962962963
0 0.27310416666666665 0.5181759259259259 0.023059895833333333 0.11577314814814814
0 0.24024218749999998 0.5079953703703703 0.02266666666666667 0.10975
0 0.08168229166666667 0.5305000000000001 0.024674479166666666 0.09455092592592593
0 0.6273255208333333 0.4209675925925926 0.014513020833333333 0.07330555555555555
