0 0.5888020833333333 0.5826388888888889 0.0402109375 0.11361574074074074
0 0.7352734375 0.6190972222222222 0.03849739583333334 0.12306481481481481
0 0.6266223958333333 0.6154537037037038 0.03590104166666667 0.1220324074074074
0 0.3696276041666666 0.5090462962962963 0.04608072916666666 0.08695833333333335
1 0.3512369791666667 0.4976388888888889 0.010080729166666667 0.019601851851851853
0 0.8649322916666667 0.5941111111111111 0.020768229166666666 0.09441666666666666
0 0.3986744791666667 0.44429166666666664 0.0264921875 0.07297222222222223
0 0.5340885416666666 0.4504351851851852 0.024921875 0.07344907407407408
0 0.39389322916666664 0.4841435185185185 0.031640625 0.08357407407407408
0 0.42119791666666667 0.49713888888888885 0.028171875000000002 0.08850925925925926
0 0.6438854166666667 0.5192175925925926 0.0288046875 0.10006018518518518
0 0.5877838541666667 0.4890601851851851 0.033049479166666666 0.09139351851851851
0 0.5121432291666667 0.4805462962962963 0.025919270833333334 0.08103703703703703
