0 0.6011536458333333 0.5745046296296297 0.0295859375 0.10376388888888889
0 0.5371927083333333 0.5280648148148147 0.030901041666666667 0.10193518518518518
0 0.5890442708333333 0.44309722222222225 0.0192734375 0.07417592592592592
0 0.7532057291666666 0.6295462962962962 0.029315104166666665 0.12063425925925926
0 0.7296692708333333 0.5351574074074075 0.0225546875 0.09789814814814815
0 0.75096875 0.5102777777777778 0.018635416666666668 0.08303703703703705
0 0.7659713541666666 0.5306018518518518 0.018830729166666667 0.07625925925925926
0 0.8255104166666667 0.5713101851851852 0.03915104166666667 0.08616666666666667
1 0.8586380208333334 0.5962777777777778 0.00703125 0.01499537037037037
0 0.8946458333333334 0.573875 0.020166666666666666 0.08225
0 0.7019296875 0.4563333333333333 0.013796874999999998 0.07064351851851852
0 0.7147864583333334 0.500800925925926 0.018453125 0.09473148148148149
0 0.6784374999999999 0.44799074074074074 0.018677083333333334 0.07308333333333333
