0 0.6078828125 0.5267361111111111 0.017247395833333335 0.09116666666666666
0 0.5995859375 0.440912037037037 0.01359375 0.06988425925925926
0 0.6213723958333334 0.45573148148148146 0.01835677083333333 0.04909722222222222
0 0.6400338541666667 0.4658425925925926 0.019364583333333334 0.07020833333333333
0 0.6523020833333334 0.461 0.020348958333333333 0.0597824074074074
0 0.6619973958333334 0.48407407407407405 0.024281249999999997 0.06828240740740742
0 0.6468333333333334 0.5336435185185185 0.024200520833333336 0.08257870370370371
0 0.73834375 0.6095740740740742 0.02740625 0.11135185185185185
0 0.7518802083333332 0.50875 0.027255208333333333 0.08727314814814814
0 0.7670156250000001 0.5459444444444445 0.02761197916666667 0.07880092592592593
0 0.7831875 0.5207962962962963 0.018278645833333333 0.07958333333333334
0 0.89125 0.5634027777777778 0.015601562499999999 0.07816666666666666
