0 0.10600000000000001 0.5583472222222222 0.012812500000000001 0.09777314814814815
0 0.14886458333333333 0.5307453703703704 0.0187421875 0.08761574074074074
0 0.22423958333333335 0.5478472222222222 0.0189375 0.10266203703703704
0 0.3163515625 0.5357916666666667 0.017653645833333335 0.10069444444444445
0 0.3907083333333333 0.49337962962962967 0.012682291666666668 0.09019444444444444
0 0.2612083333333333 0.6615740740740741 0.023752604166666667 0.11785648148148148
0 0.17054166666666667 0.5162361111111111 0.01633333333333333 0.07568055555555556
0 0.18950260416666667 0.4917916666666667 0.022153645833333332 0.0828287037037037
0 0.17423177083333333 0.4563935185185185 0.014718750000000001 0.06813425925925926
0 0.246484375 0.4658981481481482 0.018614583333333334 0.07543518518518519
0 0.16233333333333333 0.5016851851851852 0.013671875 0.0838425925925926
0 0.16934895833333333 0.5173888888888889 0.01903125 0.07176388888888889
1 0.16644791666666667 0.416375 0.005580729166666667 0.00799537037037037
