0 0.5868515625 0.5838425925925925 0.031921875 0.11413888888888889
0 0.5275598958333333 0.5267685185185185 0.024479166666666666 0.10660648148148148
0 0.5786822916666666 0.4433564814814815 0.020731770833333333 0.06846759259259258
0 0.7400729166666667 0.6170925925925926 0.029315104166666665 0.12063425925925926
0 0.7301067708333334 0.5351574074074075 0.0216796875 0.09789814814814815
0 0.7465911458333333 0.5097592592592592 0.018635416666666668 0.08303703703703705
0 0.7672838541666667 0.5370879629629629 0.022625 0.08923148148148148
0 0.8421458333333334 0.5770185185185185 0.03915104166666667 0.08616666666666667
1 0.8729401041666667 0.5838287037037037 0.00703125 0.01499537037037037
0 0.8958125 0.5775046296296297 0.020166666666666666 0.08225
0 0.6988645833333333 0.4552962962962963 0.015255208333333332 0.07064351851851852
0 0.7127421875 0.4966481481481481 0.018453125 0.09162037037037038
0 0.6747890625 0.44799074074074074 0.01604947916666667 0.07308333333333333
