1 0.5174505208333333 0.48693055555555553 0.0074453125 0.014652777777777777
0 0.5243229166666666 0.49778703703703703 0.016846354166666667 0.07774074074074074
0 0.5139296875 0.4487361111111111 0.013111979166666668 0.07133333333333335
0 0.5647317708333334 0.509537037037037 0.018546875 0.078875
0 0.6579114583333333 0.5801759259259259 0.03210677083333333 0.09842592592592592
0 0.6873125000000001 0.5718194444444445 0.025278645833333332 0.09533333333333333
0 0.6675625000000001 0.47851388888888885 0.015736979166666668 0.06397685185185185
0 0.7707734375 0.5081898148148148 0.016364583333333335 0.07833796296296297
0 0.7136171875 0.48854166666666665 0.017252604166666668 0.08276388888888889
0 0.7024661458333333 0.4868703703703704 0.013682291666666667 0.07018981481481482
0 0.6866927083333334 0.4794907407407408 0.01737239583333333 0.08055092592592593
0 0.7617682291666666 0.4883518518518518 0.011929687500000001 0.07035185185185186
0 0.8825208333333333 0.5636203703703704 0.0204296875 0.07318981481481482
