0 0.7153958333333333 0.4415694444444444 0.016557291666666665 0.059861111111111115
0 0.8487135416666667 0.6185462962962963 0.024958333333333336 0.07135185185185186
0 0.8535052083333333 0.6474768518518518 0.026557291666666667 0.11288425925925927
0 0.8619921875000001 0.5470185185185185 0.015973958333333333 0.08022222222222222
0 0.8307421875000001 0.5390324074074074 0.01816927083333333 0.07702777777777778
0 0.7949583333333333 0.5238888888888888 0.020234375000000002 0.08577777777777777
0 0.7823125 0.5230833333333332 0.026848958333333332 0.0864675925925926
0 0.6050703125 0.44422222222222224 0.0178984375 0.07079166666666667
0 0.6262760416666667 0.5010601851851851 0.030221354166666665 0.08716203703703704
0 0.9356223958333333 0.6142777777777777 0.018028645833333336 0.095
0 0.7256822916666666 0.46124537037037033 0.020739583333333332 0.06425
0 0.7746041666666666 0.5357175925925927 0.023513020833333335 0.07994907407407408
1 0.67084375 0.42190740740740745 0.006713541666666667 0.011935185185185186
