1 0.26009895833333335 0.4632175925925926 0.0060104166666666665 0.010476851851851852
0 0.23549218749999998 0.4355509259259259 0.016234375000000002 0.06447685185185185
0 0.2547109375 0.46741666666666665 0.011653645833333334 0.0763425925925926
0 0.24012760416666667 0.4535462962962963 0.026164062499999998 0.06630555555555555
0 0.4030833333333333 0.47772222222222227 0.0140703125 0.08504629629629629
0 0.4784583333333333 0.5495416666666667 0.023304687499999997 0.09906018518518518
0 0.5800364583333334 0.4775648148148148 0.017296875 0.08275462962962964
0 0.6164609375 0.5359861111111112 0.01627083333333333 0.10011574074074074
0 0.7497239583333334 0.6128287037037037 0.02396875 0.11375462962962964
0 0.7549661458333333 0.5661111111111111 0.02396875 0.04826851851851852
0 0.7110859375 0.48443981481481485 0.017419270833333333 0.07908333333333332
0 0.6800416666666667 0.4648009259259259 0.015307291666666667 0.07924537037037037
0 0.7491614583333334 0.47840277777777773 0.0179765625 0.06452777777777778
