0 0.6538854166666667 0.6781203703703704 0.029257812499999997 0.12670833333333334
0 0.5823932291666666 0.6026435185185185 0.020458333333333335 0.11888425925925927
0 0.5832734375 0.5297083333333333 0.021778645833333332 0.10050462962962962
0 0.43588802083333333 0.45716666666666667 0.013419270833333333 0.07117592592592593
0 0.35119531249999997 0.49314351851851856 0.017817708333333335 0.08447222222222223
0 0.33700781249999995 0.5168055555555555 0.031677083333333335 0.10206944444444445
0 0.18940104166666666 0.5441805555555556 0.019796875 0.09112037037037037
0 0.17235416666666667 0.4935324074074074 0.016057291666666664 0.07352314814814814
1 0.181703125 0.4071064814814815 0.00571875 0.010949074074074073
0 0.2913619791666667 0.4898194444444444 0.033216145833333335 0.08407870370370371
0 0.21359895833333334 0.5099583333333333 0.015838541666666667 0.08525462962962964
0 0.1830234375 0.45872685185185186 0.011000000000000001 0.10089814814814815
0 0.18643229166666667 0.4606851851851852 0.012979166666666668 0.06022685185185185
