0 0.8378072916666667 0.6356851851851851 0.028364583333333335 0.1265601851851852
0 0.715875 0.6074675925925926 0.030216145833333333 0.1295138888888889
0 0.8970807291666667 0.5592546296296297 0.017005208333333334 0.08455555555555555
0 0.6195729166666666 0.4544351851851852 0.02245052083333333 0.08211574074074074
1 0.6679609375 0.5257222222222222 0.013075520833333333 0.02013425925925926
0 0.8095807291666667 0.5900185185185185 0.02833072916666667 0.1025324074074074
0 0.7024401041666667 0.5444722222222222 0.029328125 0.090625
0 0.7245833333333334 0.4594537037037037 0.020908854166666668 0.06575925925925925
0 0.6821536458333333 0.47128703703703706 0.026611979166666667 0.08678703703703704
0 0.7449401041666667 0.535425925925926 0.03341145833333334 0.09232407407407407
0 0.6879244791666667 0.5695185185185185 0.029247395833333335 0.09716666666666667
0 0.7361302083333333 0.4962824074074074 0.017638020833333334 0.07912037037037037
