0 0.5673177083333333 0.648375 0.0229296875 0.11441203703703703
0 0.4850260416666667 0.4872962962962963 0.027440104166666666 0.08551851851851852
0 0.4494635416666667 0.6175648148148148 0.026515624999999998 0.12001851851851852
0 0.4039739583333333 0.5103796296296297 0.02256510416666667 0.09362962962962963
0 0.41826562500000003 0.4891805555555556 0.024848958333333334 0.08808333333333333
0 0.43754427083333336 0.4347962962962963 0.024627604166666664 0.06608333333333334
1 0.437015625 0.42285185185185187 0.005354166666666666 0.01025925925925926
0 0.3790807291666667 0.4464212962962963 0.017997395833333332 0.073875
0 0.294875 0.47614814814814815 0.0215703125 0.08245833333333334
0 0.308140625 0.4720972222222222 0.01926302083333333 0.07968518518518519
0 0.32359635416666666 0.5240833333333333 0.0176484375 0.10204629629629629
0 0.3398307291666667 0.5417268518518519 0.019895833333333335 0.10575
0 0.18895572916666667 0.4610925925925926 0.013736979166666666 0.06927314814814814
