0 0.27291666666666664 0.4841712962962963 0.013367187499999999 0.07548148148148148
1 0.2755703125 0.47152777777777777 0.006270833333333333 0.011060185185185185
0 0.28180468750000004 0.43755555555555553 0.015643229166666668 0.06585185185185186
0 0.3617890625 0.44848611111111114 0.023395833333333334 0.06911574074074074
0 0.4305234375 0.48841203703703706 0.02169010416666667 0.08504166666666667
0 0.5744114583333333 0.5602824074074074 0.020963541666666665 0.10227777777777777
0 0.6036666666666667 0.47862499999999997 0.012109375 0.08519444444444445
0 0.6571953125000001 0.5413703703703703 0.017125 0.095
0 0.785046875 0.4934907407407408 0.01365625 0.064875
0 0.70875 0.48331944444444447 0.013513020833333333 0.08137962962962964
0 0.6893723958333333 0.46523148148148147 0.016247395833333334 0.08144444444444444
0 0.7778723958333333 0.5992638888888889 0.025580729166666667 0.11176388888888888
0 0.7742057291666666 0.587087962962963 0.0164296875 0.08996296296296295
