0 0.8946666666666666 0.5633564814814814 0.01778645833333333 0.08137962962962964
0 0.7803333333333333 0.5825046296296297 0.03094791666666667 0.1075925925925926
0 0.745875 0.5314861111111111 0.023809895833333334 0.09839351851851852
0 0.8177708333333332 0.6016018518518519 0.0201015625 0.11275462962962964
0 0.6607239583333333 0.535513888888889 0.02940104166666667 0.10931944444444444
0 0.5930703125 0.4437129629629629 0.016098958333333333 0.07390277777777778
1 0.6370911458333333 0.4443101851851852 0.0057005208333333335 0.01150462962962963
0 0.636796875 0.45176388888888885 0.028374999999999997 0.05514814814814815
0 0.6559479166666667 0.4816990740740741 0.02216145833333333 0.07286574074074073
0 0.6495703125 0.46574074074074073 0.02949479166666667 0.06664351851851852
0 0.6865208333333332 0.47850925925925925 0.015236979166666666 0.07414814814814814
0 0.7846328124999999 0.5413981481481481 0.015356770833333333 0.09231481481481482
0 0.8065026041666666 0.5752407407407407 0.020955729166666666 0.10252777777777779
