0 0.3603723958333333 0.4792638888888889 0.019270833333333334 0.07866666666666666
0 0.20568489583333335 0.5473518518518519 0.023958333333333335 0.10375462962962964
0 0.167859375 0.521263888888889 0.030598958333333332 0.08802314814814814
1 0.15590364583333333 0.4879305555555556 0.0063359374999999996 0.012717592592592593
0 0.22552083333333334 0.4692453703703704 0.0233515625 0.06243055555555555
0 0.2916223958333333 0.4347962962962963 0.014408854166666667 0.06883796296296296
0 0.2825963541666667 0.4978518518518518 0.0203125 0.08623611111111111
0 0.23572135416666665 0.4600046296296296 0.018575520833333335 0.06857407407407408
0 0.20325520833333333 0.5056712962962963 0.027950520833333332 0.08834722222222223
0 0.18157552083333334 0.48874074074074075 0.016190104166666667 0.07977314814814815
0 0.17489062500000002 0.5072175925925926 0.022611979166666667 0.10377777777777777
0 0.18059895833333334 0.4470462962962963 0.010763020833333333 0.06362962962962963
0 0.261328125 0.6422685185185185 0.03376822916666666 0.11453703703703703
