1 0.25370572916666667 0.4567731481481481 0.005908854166666667 0.01025925925925926
0 0.2649713541666667 0.44406944444444446 0.02569270833333333 0.061064814814814815
0 0.23515625 0.5230879629629629 0.02596875 0.08964351851851851
0 0.3064661458333333 0.5070925925925925 0.021020833333333332 0.0864675925925926
0 0.23240885416666668 0.6077268518518518 0.02184635416666667 0.12212962962962963
0 0.26376822916666665 0.4802638888888888 0.03583854166666667 0.07059259259259258
0 0.5516927083333333 0.6061574074074074 0.0250859375 0.1200324074074074
0 0.6329010416666667 0.5418101851851852 0.035265624999999995 0.10448611111111111
0 0.5031666666666667 0.45719907407407406 0.0200703125 0.07033796296296296
0 0.45736458333333335 0.5265185185185185 0.035122395833333334 0.10244907407407407
0 0.44675781249999996 0.49071296296296296 0.03540885416666666 0.08588425925925926
0 0.41034635416666665 0.48306481481481484 0.028815104166666668 0.08486574074074074
0 0.7462916666666667 0.6499907407407407 0.022361979166666667 0.10423148148148148
