0 0.8955572916666666 0.5673888888888888 0.018408854166666665 0.09193981481481482
0 0.6136901041666667 0.4419953703703704 0.01736979166666667 0.09454166666666668
1 0.6924166666666667 0.4990092592592592 0.010763020833333333 0.018532407407407407
0 0.53359375 0.5079259259259259 0.02197395833333333 0.10102777777777777
0 0.5983255208333333 0.47882407407407407 0.02078645833333333 0.09164814814814815
0 0.6955703124999999 0.4632453703703704 0.019302083333333334 0.06577314814814815
0 0.7537708333333334 0.4719583333333333 0.022864583333333334 0.08319907407407408
0 0.7092682291666667 0.5118842592592593 0.0221953125 0.08783333333333333
0 0.7782682291666667 0.5069351851851852 0.018408854166666665 0.09244907407407407
0 0.7159479166666666 0.5462037037037036 0.0177421875 0.10895833333333334
0 0.6568958333333333 0.5008657407407406 0.020638020833333333 0.09086574074074075
0 0.7247083333333334 0.4992824074074074 0.015070312499999999 0.06340740740740741
0 0.7049609375 0.48931481481481487 0.0224921875 0.06116203703703704
