0 0.5913072916666666 0.49910185185185185 0.011690104166666666 0.09042129629629629
0 0.6119947916666667 0.4367175925925926 0.014773437499999998 0.08753703703703704
0 0.6397005208333333 0.44938425925925923 0.015942708333333333 0.07217592592592594
0 0.7016197916666667 0.4766018518518519 0.0213984375 0.07199074074074074
0 0.6749713541666666 0.5066064814814815 0.021234375000000003 0.08670833333333333
0 0.7482942708333333 0.6344259259259258 0.029265625 0.11064814814814815
0 0.8051041666666666 0.6225833333333333 0.028182291666666668 0.11074537037037037
0 0.7613385416666667 0.49612500000000004 0.0127265625 0.0687824074074074
0 0.7712057291666666 0.5172916666666666 0.015776041666666667 0.0772962962962963
0 0.7418645833333334 0.5484768518518519 0.032630208333333334 0.09603240740740741
1 0.8012473958333334 0.41424537037037035 0.005895833333333334 0.01076851851851852
0 0.8951510416666667 0.5670925925925926 0.019260416666666665 0.07417592592592592
0 0.7439869791666667 0.5318055555555555 0.033401041666666666 0.0787824074074074
