0 0.25858593750000003 0.6322083333333333 0.0250390625 0.11043518518518518
0 0.13615625 0.5932546296296296 0.0291328125 0.10615277777777778
0 0.279171875 0.5716388888888889 0.019502604166666666 0.10829166666666666
0 0.30866666666666664 0.44001851851851853 0.017817708333333335 0.0693425925925926
0 0.18683854166666666 0.4984490740740741 0.016372395833333334 0.08004166666666666
0 0.16601041666666666 0.4956666666666667 0.012760416666666666 0.08218055555555555
0 0.1725104166666667 0.5333333333333333 0.015651041666666667 0.09416666666666666
0 0.16155729166666666 0.5005879629629629 0.0197421875 0.11514351851851852
0 0.15517708333333333 0.4898842592592593 0.0132421875 0.09801851851851852
0 0.24630729166666668 0.5489537037037037 0.016854166666666667 0.09801851851851852
0 0.23727864583333333 0.47683333333333333 0.0161328125 0.07533333333333334
1 0.1611953125 0.414125 0.0060182291666666665 0.013268518518518518
0 0.16902083333333331 0.45329166666666665 0.014927083333333334 0.06334722222222222
