0 0.5409817708333333 0.45039351851851855 0.026731770833333335 0.0746388888888889
0 0.562234375 0.48943981481481486 0.027752604166666663 0.0852175925925926
0 0.9045182291666667 0.6348703703703703 0.017109375 0.09393981481481481
0 0.7188880208333334 0.6311898148148147 0.034356770833333335 0.11733333333333333
0 0.7538541666666667 0.553962962962963 0.022744791666666667 0.09789351851851852
0 0.7258151041666667 0.5085787037037037 0.0332109375 0.07552314814814814
0 0.7710130208333333 0.5012129629629629 0.019901041666666668 0.0990787037037037
0 0.7778697916666667 0.5212777777777778 0.030609375 0.08156018518518518
1 0.7902708333333333 0.49280555555555555 0.005565104166666667 0.00999537037037037
0 0.64621875 0.48218055555555556 0.025885416666666668 0.07419907407407408
0 0.6403489583333334 0.4552453703703704 0.022145833333333333 0.05824537037037037
0 0.6595963541666666 0.5124398148148147 0.0346015625 0.07639351851851851
0 0.6629505208333334 0.5408333333333334 0.025138020833333333 0.09662037037037037
