1 0.35049739583333334 0.49092129629629633 0.006619791666666667 0.012375
0 0.3079661458333333 0.4994537037037037 0.024911458333333334 0.0770462962962963
0 0.3425625 0.4921898148148149 0.020200520833333332 0.0882175925925926
0 0.3421223958333333 0.4478009259259259 0.014505208333333333 0.06767129629629628
0 0.359328125 0.4389537037037037 0.018570312500000002 0.06964814814814815
0 0.25726822916666664 0.4461203703703704 0.0141953125 0.06367592592592593
0 0.246359375 0.44072222222222224 0.017901041666666666 0.056685185185185186
0 0.24402604166666667 0.4771990740740741 0.024463541666666665 0.0826712962962963
0 0.24548697916666665 0.4707314814814815 0.014505208333333333 0.07036574074074074
0 0.22606770833333334 0.5328842592592592 0.027479166666666666 0.08614814814814815
0 0.21028645833333334 0.5334722222222222 0.0110859375 0.09969907407407406
0 0.15455729166666668 0.4585138888888889 0.012442708333333333 0.06878703703703705
0 0.3463307291666667 0.6745833333333333 0.039341145833333334 0.12012037037037036
