0 0.15534895833333331 0.4577407407407407 0.011205729166666668 0.06945370370370371
0 0.2048828125 0.5348564814814815 0.018122395833333336 0.09639351851851852
0 0.2206848958333333 0.5324212962962963 0.030976562500000002 0.08871296296296297
0 0.2468203125 0.4777638888888889 0.025427083333333333 0.08299537037037037
0 0.2511145833333333 0.47274537037037034 0.010299479166666665 0.07818055555555556
0 0.23761718750000002 0.43776851851851856 0.013348958333333332 0.06564814814814815
0 0.24963020833333335 0.4278194444444445 0.00665625 0.02325925925925926
0 0.3320703125 0.4497037037037037 0.021335937500000002 0.06381944444444444
0 0.35778125000000005 0.43949074074074074 0.02080989583333333 0.0686851851851852
0 0.312390625 0.5019722222222223 0.016307291666666664 0.08202314814814814
0 0.35085416666666663 0.4986527777777777 0.0284140625 0.08943981481481482
0 0.3367890625 0.6710416666666666 0.026255208333333332 0.1198101851851852
1 0.35476041666666663 0.48845370370370367 0.006348958333333333 0.012611111111111111
