1 0.35197395833333334 0.511712962962963 0.013736979166666666 0.024319444444444446
0 0.27859635416666667 0.46663888888888894 0.021109375 0.0890462962962963
0 0.23760937499999998 0.5044675925925927 0.026244791666666666 0.09124074074074075
0 0.23738541666666665 0.5451759259259259 0.030265625 0.09720833333333333
0 0.30478645833333334 0.44131944444444443 0.02322916666666667 0.08407407407407406
0 0.10263802083333333 0.5162824074074075 0.0192109375 0.0930324074074074
0 0.3807317708333333 0.49642592592592594 0.04109895833333333 0.09302314814814815
0 0.41289583333333335 0.492550925925926 0.03752604166666666 0.08329166666666667
0 0.38994531250000003 0.45829629629629626 0.03607291666666667 0.08030555555555556
0 0.5430078125000001 0.4339722222222222 0.025239583333333333 0.08923148148148148
0 0.5930416666666667 0.49126388888888894 0.03462239583333333 0.0906388888888889
0 0.6255442708333334 0.5071481481481481 0.0321640625 0.09064351851851851
0 0.60990625 0.4381388888888889 0.02322916666666667 0.05388888888888889
