1 0.5082838541666667 0.5194768518518518 0.00725 0.012689814814814815
0 0.5105 0.4985416666666666 0.03045833333333333 0.07681944444444445
0 0.4813177083333333 0.446537037037037 0.016325520833333333 0.07511574074074075
0 0.5556666666666668 0.5088750000000001 0.023575520833333332 0.07747222222222222
0 0.6583802083333333 0.46549537037037036 0.012346354166666665 0.06250462962962963
0 0.6889765625000001 0.47432870370370367 0.020966145833333335 0.07794907407407407
0 0.7068151041666667 0.48921296296296296 0.018046875 0.0834212962962963
0 0.6984270833333334 0.4784675925925926 0.019630208333333333 0.06488888888888888
0 0.7267630208333333 0.5563657407407407 0.018307291666666666 0.07243055555555555
0 0.7006328125 0.5767592592592592 0.029885416666666668 0.09098148148148148
0 0.792078125 0.5373657407407407 0.019585937499999997 0.08407407407407406
0 0.792671875 0.5224814814814814 0.013953125 0.0801574074074074
0 0.8707578125000001 0.5570046296296297 0.021166666666666667 0.07594907407407409
