0 0.7127031250000001 0.4423842592592592 0.014763020833333333 0.0592037037037037
0 0.6496692708333334 0.5719861111111111 0.030104166666666664 0.10723611111111112
0 0.7870651041666666 0.503 0.018507812499999998 0.07206944444444444
0 0.7792213541666667 0.5058287037037037 0.02234375 0.07288425925925926
0 0.7478984375 0.4746759259259259 0.007966145833333334 0.022490740740740738
0 0.7394713541666668 0.5206990740740741 0.025666666666666667 0.07992592592592591
0 0.6289374999999999 0.44661111111111107 0.011203125000000001 0.07276388888888888
0 0.718875 0.5192175925925926 0.019125 0.08258796296296296
0 0.9058359374999999 0.5744212962962963 0.015080729166666666 0.076625
0 0.7211067708333334 0.4702962962962963 0.016317708333333333 0.06393981481481482
0 0.7519036458333334 0.5223888888888888 0.014901041666666667 0.08693981481481482
0 0.7160677083333333 0.5634166666666667 0.014903645833333333 0.09933796296296296
