0 0.3367161458333333 0.5490694444444445 0.033765625 0.12875
0 0.48246875 0.5466342592592592 0.03302083333333333 0.10495833333333333
0 0.29946354166666667 0.4788055555555556 0.026036458333333335 0.08972685185185185
0 0.108046875 0.5134861111111112 0.023515625 0.08682870370370371
0 0.17089583333333333 0.469875 0.020255208333333333 0.10190277777777779
0 0.156953125 0.4649351851851852 0.015721354166666666 0.07366203703703704
0 0.17239322916666666 0.5093148148148148 0.021002604166666668 0.08418055555555556
0 0.26240625 0.49166666666666664 0.029033854166666664 0.09199537037037038
0 0.18500260416666667 0.4611712962962963 0.01932552083333333 0.11237499999999999
0 0.4559479166666666 0.5725925925925925 0.030747395833333333 0.12687037037037038
0 0.5173307291666667 0.5024259259259259 0.020255208333333333 0.09733333333333334
0 0.6420989583333333 0.6877314814814814 0.0311328125 0.12563888888888888
1 0.16914322916666666 0.42150462962962965 0.007317708333333334 0.012324074074074074
