0 0.3187578125 0.559712962962963 0.038158854166666666 0.10643518518518519
0 0.5512526041666667 0.5064398148148148 0.0346953125 0.10166203703703704
0 0.46320833333333333 0.42941666666666667 0.018106770833333334 0.07325925925925926
0 0.5976223958333333 0.4724305555555556 0.030166666666666668 0.09056481481481482
0 0.2955729166666667 0.44757407407407407 0.023302083333333334 0.07491666666666666
0 0.5709166666666667 0.4318888888888889 0.0178671875 0.064875
0 0.25521875 0.4956296296296296 0.018278645833333333 0.08769907407407408
0 0.63903125 0.5262824074074074 0.0336015625 0.09600462962962963
0 0.6370598958333333 0.4988564814814815 0.0183671875 0.08806944444444444
0 0.4936796875 0.4388101851851852 0.0289453125 0.0742037037037037
1 0.2666484375 0.4841805555555555 0.008346354166666665 0.015222222222222224
0 0.8533515625 0.620824074074074 0.031677083333333335 0.09577314814814815
0 0.5682734375 0.4770046296296296 0.031828125 0.08056018518518518
