0 0.8923645833333332 0.5728703703703704 0.018132812499999998 0.09691203703703705
0 0.6020052083333333 0.4429537037037037 0.0186328125 0.07533796296296295
0 0.6612734375 0.6002037037037037 0.029669270833333334 0.12992592592592592
0 0.6055885416666666 0.49690740740740735 0.028666666666666667 0.08558796296296296
0 0.5860234375 0.48061111111111104 0.025369791666666665 0.09586574074074074
0 0.6458645833333333 0.5064027777777778 0.01748697916666667 0.0984537037037037
0 0.6421744791666666 0.4736018518518519 0.020854166666666667 0.08439351851851852
0 0.7652630208333334 0.4885138888888889 0.021213541666666665 0.08618518518518518
0 0.7945390625000001 0.5304212962962963 0.027018229166666668 0.09755555555555555
0 0.7864401041666667 0.5045694444444444 0.015552083333333333 0.0877175925925926
0 0.7615729166666667 0.5137407407407407 0.024580729166666666 0.09077777777777778
0 0.7891276041666667 0.48787499999999995 0.021643229166666667 0.10275
1 0.7881614583333333 0.44060185185185186 0.010390624999999999 0.015842592592592592
