0 0.7069947916666667 0.6845416666666666 0.039773437499999995 0.14472685185185186
0 0.49575520833333336 0.6332916666666667 0.044369791666666665 0.14408796296296297
0 0.2863697916666667 0.6112870370370371 0.035 0.12269907407407406
0 0.22679687499999998 0.522638888888889 0.036768229166666666 0.10001851851851852
0 0.29361197916666665 0.4697546296296296 0.025721354166666665 0.07437962962962963
1 0.3009609375 0.46494907407407404 0.0087265625 0.019449074074074073
0 0.27030208333333333 0.43443055555555554 0.032841145833333335 0.06741666666666667
0 0.3715234375 0.44627314814814817 0.022390625 0.07885648148148149
0 0.4122291666666667 0.4766990740740741 0.020440104166666664 0.08091666666666666
0 0.47641666666666665 0.5169259259259259 0.03169270833333333 0.10503240740740741
0 0.5357838541666666 0.5660324074074075 0.045242187499999996 0.12118055555555556
0 0.5798749999999999 0.5299907407407407 0.02227604166666667 0.11401388888888889
0 0.532453125 0.49293055555555554 0.027098958333333333 0.09255555555555554
