0 0.18787760416666668 0.4594861111111111 0.019546875000000002 0.061875
0 0.25754166666666667 0.4602685185185185 0.014283854166666667 0.07546296296296297
1 0.23902864583333333 0.45193518518518516 0.005575520833333333 0.008930555555555554
0 0.21780729166666665 0.4303101851851852 0.014502604166666665 0.07390277777777778
0 0.40775260416666664 0.5420601851851852 0.022708333333333334 0.09318981481481481
0 0.4145026041666667 0.46627777777777774 0.018919270833333335 0.07436111111111111
0 0.5733750000000001 0.47677777777777774 0.017541666666666667 0.08399074074074074
0 0.5850260416666667 0.5380231481481482 0.0305703125 0.09737037037037037
0 0.7511666666666666 0.5824861111111111 0.024057291666666664 0.08751851851851851
0 0.7316979166666666 0.6053518518518518 0.024463541666666665 0.113625
0 0.7087526041666667 0.4866620370370371 0.01866927083333333 0.07535648148148148
0 0.6906484375 0.46711111111111114 0.01353125 0.08215277777777777
0 0.7237734375 0.4678055555555556 0.013375 0.06350462962962962
