0 0.07315364583333334 0.5375324074074074 0.0256875 0.10177777777777777
0 0.2414609375 0.514 0.025018229166666666 0.10435185185185185
0 0.27697656249999997 0.516087962962963 0.0290390625 0.11448148148148148
0 0.3631979166666667 0.44459722222222225 0.03171875 0.08268518518518518
0 0.3779401041666667 0.4267222222222222 0.023677083333333335 0.07076388888888889
0 0.46751041666666665 0.4378472222222222 0.021442708333333334 0.09300925925925926
0 0.5798072916666667 0.4262361111111111 0.018205729166666667 0.07375925925925926
0 0.6247057291666667 0.4823333333333333 0.023119791666666667 0.09661111111111112
0 0.6587682291666667 0.5186759259259259 0.02646875 0.0779537037037037
0 0.6655807291666667 0.49981018518518516 0.025351562499999997 0.09185185185185185
0 0.6737916666666667 0.5286018518518518 0.03841927083333333 0.08193055555555555
1 0.58421875 0.41183333333333333 0.00759375 0.015171296296296297
0 0.6248177083333334 0.42335648148148153 0.023565104166666666 0.07792592592592593
