0 0.6078125 0.54375 0.02578125 0.11388888888888889
0 0.671875 0.5381944444444444 0.021875 0.09375
0 0.773828125 0.6305555555555555 0.034765625 0.11944444444444445
0 0.7671875 0.5791666666666667 0.0265625 0.10555555555555556
0 0.708984375 0.48194444444444445 0.0140625 0.07430555555555556
0 0.723828125 0.5020833333333333 0.019921875 0.08611111111111111
0 0.637890625 0.49375 0.034765625 0.0625
1 0.63046875 0.49444444444444446 0.0078125 0.013888888888888888
0 0.641796875 0.4583333333333333 0.0171875 0.08125
0 0.661328125 0.48819444444444443 0.028125 0.07083333333333333
0 0.6578125 0.4708333333333333 0.0234375 0.07569444444444444
0 0.53984375 0.43194444444444446 0.016015625 0.07777777777777778
0 0.889453125 0.5729166666666666 0.02109375 0.10069444444444445
