0 0.25023697916666665 0.4825694444444444 0.024359375000000003 0.08615277777777777
1 0.27051041666666664 0.44925 0.007934895833333334 0.01750925925925926
0 0.27724739583333335 0.4367916666666667 0.01670572916666667 0.0758287037037037
0 0.3525598958333333 0.49225925925925923 0.020851562499999997 0.08848611111111111
0 0.3795885416666666 0.4419722222222222 0.0184921875 0.07214814814814816
0 0.5450625 0.45658796296296295 0.021125 0.08734722222222221
0 0.2851692708333333 0.42674537037037036 0.015721354166666666 0.0665462962962963
0 0.6947291666666667 0.5006574074074075 0.01639322916666667 0.09915277777777777
0 0.6181666666666668 0.5409074074074074 0.025994791666666666 0.10101851851851851
0 0.605234375 0.6121527777777778 0.023979166666666666 0.1224861111111111
0 0.8673723958333334 0.5814768518518518 0.0198125 0.08438888888888889
0 0.5306614583333333 0.6188148148148148 0.0359765625 0.12624074074074074
0 0.5737942708333333 0.5812453703703704 0.029169270833333334 0.11332407407407408
