0 0.561125 0.44596759259259255 0.021848958333333335 0.07885185185185185
1 0.58878125 0.4565462962962963 0.014473958333333333 0.01771296296296296
0 0.5927864583333334 0.49982870370370375 0.017716145833333332 0.10342129629629629
0 0.6073697916666667 0.49354629629629626 0.03380729166666666 0.10219444444444445
0 0.7041067708333333 0.45841666666666664 0.018966145833333333 0.06775
0 0.7511171875 0.5635231481481482 0.024744791666666665 0.09793055555555556
0 0.7239010416666667 0.5541203703703704 0.04650260416666666 0.09199074074074073
0 0.8989427083333333 0.5633796296296296 0.017083333333333332 0.08136111111111112
0 0.8042395833333333 0.6127685185185184 0.0331015625 0.10298611111111111
0 0.7951875 0.5956481481481481 0.031390625 0.08950925925925926
0 0.7303515625 0.4827638888888889 0.017450520833333334 0.07186111111111111
0 0.7455807291666667 0.49363425925925924 0.018703124999999998 0.07854166666666666
0 0.7486979166666666 0.4719537037037037 0.014841145833333335 0.0692962962962963
