0 0.15779427083333333 0.4519907407407407 0.013309895833333333 0.06517592592592593
0 0.20329166666666668 0.5431250000000001 0.024395833333333335 0.0854074074074074
0 0.24680208333333334 0.559875 0.0310546875 0.10603240740740741
0 0.22615104166666666 0.4626481481481482 0.011690104166666666 0.07424537037037038
0 0.21896093749999998 0.4428842592592593 0.011630208333333333 0.06427777777777778
0 0.2760182291666667 0.4700972222222222 0.018591145833333333 0.07724537037037037
0 0.2981171875 0.45699537037037036 0.02168229166666667 0.06335185185185185
0 0.32226302083333336 0.5056944444444444 0.02471614583333333 0.0852175925925926
0 0.3565 0.49962500000000004 0.0326875 0.09770833333333334
1 0.3437786458333333 0.46727314814814813 0.006088541666666667 0.011245370370370369
0 0.300671875 0.672037037037037 0.030489583333333334 0.12067129629629629
0 0.26650520833333335 0.4795740740740741 0.017117187500000002 0.08839351851851852
0 0.3125234375 0.45343981481481477 0.028328125 0.052958333333333336
