0 0.21528645833333335 0.543138888888889 0.028968749999999998 0.09312962962962963
0 0.2749088541666667 0.47495370370370377 0.019963541666666664 0.07112037037037038
0 0.2602630208333333 0.4523888888888889 0.0216953125 0.059277777777777776
0 0.22038020833333333 0.4995601851851852 0.0255078125 0.07888425925925925
0 0.16586979166666668 0.4674398148148148 0.016278645833333334 0.07248611111111111
0 0.17912239583333334 0.5290925925925926 0.01765625 0.0819212962962963
0 0.16942708333333334 0.4786990740740741 0.03159635416666667 0.0887037037037037
0 0.23632552083333333 0.47249537037037037 0.012208333333333333 0.07262037037037038
0 0.2842161458333334 0.4643796296296296 0.025700520833333334 0.05638425925925926
0 0.3064739583333333 0.6185694444444444 0.03150260416666666 0.1428148148148148
0 0.19384114583333334 0.490324074074074 0.014229166666666666 0.08368055555555555
0 0.18970572916666667 0.43674074074074076 0.012484374999999999 0.0815
1 0.17029427083333332 0.44431944444444443 0.00490625 0.00936111111111111
