0 0.9505729166666667 0.640074074074074 0.028244791666666665 0.1112962962962963
0 0.8308671875000001 0.6305879629629629 0.03170572916666667 0.11999537037037036
0 0.8917734374999999 0.5754305555555556 0.01821875 0.08877314814814814
1 0.9616562500000001 0.6290462962962963 0.007515625 0.016509259259259258
0 0.6901614583333333 0.5295185185185185 0.027455729166666668 0.09902314814814814
0 0.6809739583333333 0.45319907407407406 0.014875 0.07528703703703704
0 0.5537005208333333 0.6019398148148148 0.04365885416666667 0.13211111111111112
0 0.6080651041666666 0.5484166666666667 0.03880989583333334 0.11842129629629629
0 0.3588046875 0.6486527777777777 0.045018229166666666 0.14193055555555556
0 0.3748359375 0.5589768518518519 0.03738020833333333 0.10915740740740741
0 0.6394036458333333 0.46025 0.012872395833333333 0.07287962962962963
0 0.4565442708333334 0.4312870370370371 0.020026041666666668 0.08298611111111111
0 0.6455703125 0.47118055555555555 0.019247395833333333 0.08323148148148148
