0 0.16723958333333336 0.4673564814814815 0.015559895833333334 0.07436111111111111
0 0.19026041666666668 0.43586574074074075 0.0125546875 0.08156018518518518
1 0.16771354166666666 0.4438564814814815 0.005450520833333333 0.009888888888888888
0 0.1698046875 0.4779861111111111 0.030911458333333332 0.09368518518518519
0 0.17795833333333333 0.5290648148148148 0.020361979166666665 0.08793055555555555
0 0.19844010416666666 0.49165740740740743 0.025411458333333335 0.08522222222222223
0 0.21896093749999998 0.5406805555555555 0.021723958333333335 0.09833333333333334
0 0.22705729166666666 0.4930833333333333 0.029901041666666666 0.07552777777777778
0 0.23663802083333335 0.47441203703703705 0.013307291666666667 0.07552777777777778
0 0.24685677083333332 0.4514722222222222 0.016752604166666667 0.059
0 0.26970312500000004 0.476625 0.025731770833333334 0.06883333333333333
0 0.27860156249999996 0.4600185185185185 0.030380208333333332 0.057574074074074076
0 0.30333072916666665 0.6192037037037037 0.026614583333333334 0.14935185185185187
