0 0.879296875 0.6520833333333333 0.0359375 0.12638888888888888
0 0.733203125 0.64375 0.04140625 0.13125
0 0.733984375 0.5736111111111111 0.0390625 0.09930555555555555
0 0.558203125 0.63125 0.04609375 0.1375
0 0.476953125 0.5486111111111112 0.02890625 0.11805555555555555
0 0.52578125 0.4756944444444444 0.021484375 0.0798611111111111
1 0.47890625 0.46597222222222223 0.01171875 0.019444444444444445
0 0.4640625 0.475 0.017578125 0.08472222222222223
0 0.4359375 0.42291666666666666 0.01875 0.075
0 0.640625 0.5590277777777778 0.0375 0.10416666666666667
0 0.6203125 0.5229166666666667 0.03359375 0.10138888888888889
0 0.5296875 0.4263888888888889 0.025 0.06944444444444445
0 0.63125 0.46111111111111114 0.01796875 0.07708333333333334
