1 0.31583854166666664 0.4214351851851852 0.006145833333333334 0.010296296296296295
0 0.3112890625 0.4387685185185185 0.01903125 0.060939814814814815
0 0.3154427083333333 0.4677407407407408 0.029927083333333333 0.07296296296296297
0 0.27556250000000004 0.545587962962963 0.024184895833333334 0.09315740740740741
0 0.28234114583333336 0.6348333333333334 0.03334635416666667 0.1248611111111111
0 0.36564583333333334 0.5116018518518518 0.028703125 0.08512037037037037
0 0.49432552083333337 0.4876064814814815 0.027117187499999997 0.08230092592592593
0 0.5416588541666666 0.4557962962962963 0.025283854166666668 0.07296296296296297
0 0.5498411458333333 0.5977037037037037 0.026505208333333332 0.1100925925925926
0 0.6696067708333333 0.5473240740740741 0.03322395833333333 0.1035787037037037
0 0.7836302083333333 0.6385277777777778 0.020888020833333333 0.09619907407407408
0 0.46468489583333333 0.4816157407407407 0.0208203125 0.08075925925925925
0 0.5155546875 0.5316712962962963 0.026026041666666666 0.10431481481481482
