0 0.527296875 0.45180555555555557 0.015997395833333334 0.07490277777777778
0 0.5471328124999999 0.49171759259259257 0.017580729166666666 0.08424074074074074
0 0.6382005208333333 0.4795138888888889 0.020559895833333335 0.0748148148148148
0 0.6234166666666667 0.4533564814814815 0.025138020833333333 0.06306018518518519
0 0.6492812499999999 0.5119953703703705 0.033273437499999996 0.07468518518518519
0 0.6508776041666666 0.548675925925926 0.020197916666666666 0.10438888888888888
0 0.6921354166666667 0.6318425925925926 0.040005208333333334 0.11349074074074074
0 0.7451927083333333 0.5569074074074074 0.02891145833333333 0.09769444444444444
0 0.7170963541666667 0.5099166666666667 0.0299140625 0.07149537037037038
0 0.7581875 0.5211203703703703 0.0168984375 0.07249537037037038
1 0.7644453124999999 0.5180555555555556 0.006083333333333333 0.009949074074074074
0 0.7596848958333333 0.5185138888888889 0.0176796875 0.06669907407407408
