1 0.16497916666666665 0.40179166666666666 0.005236979166666667 0.010166666666666668
0 0.17449739583333335 0.45549074074074075 0.013768229166666666 0.06712037037037037
0 0.22471875 0.5487083333333334 0.017533854166666665 0.10301388888888889
0 0.2670625 0.6645509259259259 0.026875 0.12121759259259259
0 0.31659895833333335 0.5384537037037037 0.0181953125 0.09985648148148148
0 0.38643489583333335 0.4938148148148149 0.02121614583333333 0.09044444444444445
0 0.104578125 0.560324074074074 0.011640625 0.09508796296296296
0 0.14819010416666664 0.5320787037037037 0.020096354166666667 0.08687500000000001
0 0.1996328125 0.49102777777777773 0.029080729166666666 0.07939351851851852
0 0.2520390625 0.4635740740740741 0.023669270833333332 0.07583333333333334
0 0.16610677083333333 0.518449074074074 0.025718750000000002 0.07238425925925926
0 0.16886979166666669 0.5032361111111111 0.020515625 0.08830555555555555
0 0.15841406249999998 0.5041574074074074 0.0083828125 0.08305555555555556
