0 0.2721536458333333 0.6678333333333333 0.0255859375 0.12212962962962963
0 0.222234375 0.5971805555555556 0.03707291666666667 0.11305092592592593
0 0.12748697916666668 0.5620046296296296 0.015716145833333334 0.08314814814814815
1 0.12500781249999998 0.5941342592592592 0.006578125000000001 0.013324074074074075
0 0.35220052083333336 0.4892268518518519 0.020572916666666666 0.08834722222222223
0 0.3581536458333333 0.46147685185185183 0.0255859375 0.06587037037037037
0 0.1870390625 0.5095185185185185 0.0209921875 0.09064814814814816
0 0.24119010416666667 0.5516018518518518 0.027361979166666665 0.09058796296296295
0 0.19602083333333334 0.5347962962962963 0.02370572916666667 0.09412037037037038
0 0.16536979166666665 0.5191064814814814 0.013575520833333334 0.0909675925925926
0 0.1480078125 0.529412037037037 0.017283854166666668 0.08149537037037037
0 0.23202604166666668 0.461837962962963 0.016552083333333335 0.06514351851851852
0 0.1644036458333333 0.4587777777777778 0.015822916666666666 0.06458796296296296
