0 0.8450130208333333 0.6520092592592592 0.030606770833333335 0.10162037037037037
1 0.8269244791666667 0.6674583333333334 0.007075520833333334 0.013837962962962963
0 0.8345781250000001 0.6154305555555555 0.0283984375 0.07843981481481482
0 0.9112473958333334 0.5798333333333333 0.01856510416666667 0.08755555555555555
0 0.7999817708333333 0.5662685185185186 0.021825520833333334 0.09434259259259259
0 0.7629765625 0.5089444444444444 0.017059895833333335 0.08053703703703705
0 0.7937083333333333 0.556074074074074 0.020119791666666668 0.09118055555555556
0 0.6707526041666667 0.4926851851851852 0.027697916666666666 0.08309259259259259
0 0.6878124999999999 0.44548611111111114 0.013648437499999999 0.06723148148148148
0 0.7164895833333333 0.4699351851851852 0.018013020833333334 0.0697175925925926
0 0.6129244791666667 0.4342685185185185 0.0107890625 0.06291203703703703
0 0.7787343750000001 0.5461851851851852 0.029291666666666667 0.08289814814814815
0 0.7988333333333333 0.5602685185185186 0.02225520833333333 0.08644907407407407
