0 0.47739322916666665 0.6889907407407407 0.047200520833333336 0.11827314814814814
0 0.35082552083333335 0.6288472222222222 0.0317734375 0.12927314814814816
0 0.30256510416666665 0.5539537037037037 0.0305703125 0.10144444444444445
1 0.30899479166666666 0.5243657407407408 0.009174479166666666 0.016898148148148148
0 0.4069114583333333 0.4363611111111111 0.02405208333333333 0.06524537037037037
0 0.4161927083333333 0.5337175925925925 0.025549479166666667 0.07735185185185185
0 0.4873046875 0.4733472222222222 0.025919270833333334 0.07522685185185185
0 0.1689296875 0.5817962962962964 0.018885416666666665 0.10275462962962963
0 0.19178645833333335 0.5132546296296296 0.020625 0.07769444444444444
0 0.217828125 0.5227824074074074 0.021065104166666668 0.08338888888888889
0 0.2404375 0.4724074074074074 0.023049479166666668 0.0639537037037037
0 0.220796875 0.45345370370370375 0.01825260416666667 0.06093518518518519
0 0.2821666666666667 0.45214814814814813 0.023255208333333333 0.06844907407407406
