0 0.17981250000000001 0.4591574074074074 0.014510416666666666 0.06614814814814815
0 0.26680468749999997 0.4569768518518519 0.0178828125 0.07116203703703704
0 0.20890625000000002 0.4369166666666667 0.016416666666666666 0.06437962962962963
1 0.2153203125 0.4724675925925926 0.0057890625 0.008912037037037038
0 0.37222916666666667 0.5374861111111111 0.024697916666666667 0.09255092592592593
0 0.4241067708333333 0.46361574074074074 0.013648437499999999 0.07928240740740741
0 0.5697942708333333 0.4764490740740741 0.011763020833333334 0.0830324074074074
0 0.5699947916666667 0.5409768518518518 0.022713541666666667 0.10119907407407408
0 0.7065312499999999 0.48668518518518517 0.015317708333333334 0.07559259259259259
0 0.6936848958333334 0.46956944444444443 0.0180625 0.0818101851851852
0 0.710671875 0.464537037037037 0.019494791666666667 0.06255555555555556
0 0.7505416666666667 0.581925925925926 0.024770833333333336 0.08835648148148148
0 0.7290390625000001 0.6044537037037037 0.0219296875 0.1169212962962963
