0 0.20658593749999998 0.5226666666666667 0.01866927083333333 0.0901712962962963
0 0.1542786458333333 0.5188055555555555 0.018315104166666665 0.0832824074074074
0 0.3511328125 0.6506851851851851 0.029921875 0.11738888888888889
0 0.1650208333333333 0.4536805555555556 0.011348958333333332 0.06374537037037037
0 0.3320651041666667 0.45679629629629626 0.016203125 0.0677962962962963
0 0.23678385416666667 0.48069907407407403 0.0204296875 0.07434722222222222
0 0.184828125 0.49187962962962967 0.024515625 0.0790462962962963
0 0.16824479166666664 0.5566111111111111 0.017945312499999998 0.09969907407407406
1 0.16836458333333332 0.4806342592592593 0.0059713541666666665 0.009939814814814815
0 0.21378906250000002 0.470162037037037 0.0181953125 0.06135185185185186
