0 0.1889244791666667 0.48415740740740737 0.014572916666666666 0.07702314814814815
0 0.18537239583333334 0.45614351851851853 0.014718750000000001 0.06833796296296298
0 0.2760234375 0.4339722222222222 0.0188359375 0.0705787037037037
0 0.26934895833333333 0.4671342592592593 0.017513020833333334 0.08007870370370371
0 0.20272395833333334 0.5139583333333334 0.024096354166666667 0.08584722222222223
0 0.2284921875 0.534550925925926 0.022052083333333337 0.09329629629629631
0 0.5761927083333334 0.5017731481481481 0.0213671875 0.09881481481481481
0 0.6953437499999999 0.5564861111111111 0.020257812500000003 0.10468518518518519
0 0.38033333333333336 0.4385509259259259 0.01671614583333333 0.07098148148148148
0 0.32133072916666666 0.4603148148148148 0.030708333333333334 0.08116203703703703
0 0.6618854166666667 0.6741851851851852 0.04207291666666667 0.11905555555555557
1 0.1198359375 0.508287037037037 0.0080859375 0.013962962962962963
0 0.11692187500000001 0.5229490740740741 0.02578385416666667 0.07708333333333334
