1 0.5548203125000001 0.5273842592592592 0.006098958333333334 0.011953703703703704
0 0.5448229166666666 0.5190092592592592 0.023304687499999997 0.0862037037037037
0 0.5446770833333333 0.4422361111111111 0.014744791666666666 0.0705648148148148
0 0.5981119791666667 0.518925925925926 0.016697916666666666 0.08773148148148148
0 0.6801484375 0.5803564814814814 0.031049479166666668 0.10293981481481482
0 0.6883177083333333 0.5681712962962963 0.015716145833333334 0.09531944444444444
0 0.6830338541666666 0.475175925925926 0.0203359375 0.07927777777777778
0 0.6908359374999999 0.4468981481481481 0.011046875000000001 0.06584722222222222
0 0.6948802083333334 0.457662037037037 0.013580729166666666 0.0635324074074074
0 0.7089192708333333 0.48564814814814816 0.015250000000000001 0.07790277777777778
0 0.7498984375000001 0.570287037037037 0.023588541666666667 0.10038425925925927
0 0.775125 0.5512824074074074 0.016109375 0.09502777777777778
0 0.8951276041666667 0.5712638888888889 0.01983072916666667 0.07506944444444445
