0 0.6086067708333334 0.4936898148148148 0.01815885416666667 0.08556944444444445
0 0.5994791666666667 0.4451759259259259 0.014880208333333334 0.07138425925925926
0 0.6476119791666667 0.4452361111111111 0.014736979166666667 0.07170833333333333
0 0.7284973958333333 0.5400694444444444 0.030986979166666664 0.09601851851851852
0 0.6678333333333334 0.5054027777777778 0.025591145833333332 0.08864351851851852
0 0.6988046874999999 0.4750138888888889 0.011989583333333333 0.07606018518518518
0 0.698296875 0.5455092592592592 0.028723958333333334 0.08870833333333333
0 0.7421901041666668 0.4881620370370371 0.015596354166666666 0.05905092592592592
1 0.8088046875 0.39652777777777776 0.0079765625 0.0135
0 0.8942734375000001 0.5604212962962963 0.019583333333333335 0.08708796296296296
0 0.7695546875 0.5301944444444444 0.022046875 0.07789351851851851
0 0.7937057291666666 0.6016342592592593 0.02550520833333333 0.11151388888888888
0 0.7851510416666667 0.6168148148148148 0.022924479166666668 0.09090740740740741
