0 0.5737578125 0.5065833333333334 0.03006770833333333 0.09825925925925927
0 0.5607239583333333 0.43325462962962963 0.015002604166666666 0.07388425925925926
0 0.6221041666666667 0.46237500000000004 0.015526041666666665 0.07342592592592592
0 0.6655703125 0.5136944444444445 0.02109375 0.09430555555555555
0 0.6621640625 0.4420462962962963 0.015854166666666666 0.07120370370370371
0 0.7021223958333334 0.48718981481481477 0.028169270833333333 0.07553703703703704
0 0.7469973958333332 0.49802314814814813 0.022403645833333333 0.08323148148148148
1 0.814078125 0.4655138888888889 0.007598958333333333 0.015416666666666665
0 0.8052994791666667 0.519800925925926 0.030132812499999998 0.10722222222222222
0 0.8020911458333334 0.5213101851851851 0.021356770833333334 0.08648611111111111
0 0.8030390625 0.5922499999999999 0.04408854166666667 0.10188888888888889
0 0.8643229166666667 0.6527453703703704 0.03105208333333333 0.10758333333333334
0 0.8864322916666667 0.5656759259259259 0.024697916666666667 0.09206018518518519
