0 0.6218854166666666 0.5834166666666667 0.02696875 0.12362037037037037
0 0.6620885416666666 0.5864259259259259 0.029174479166666666 0.09968055555555555
0 0.8096640625 0.5549722222222222 0.020739583333333332 0.08943055555555555
0 0.5889375 0.4830416666666666 0.027822916666666666 0.0868425925925926
1 0.5989713541666667 0.4643703703703704 0.008039062500000001 0.01549537037037037
0 0.5593463541666667 0.44883796296296297 0.020390625 0.07950925925925927
0 0.6542734375 0.5011851851851852 0.023302083333333334 0.0879398148148148
0 0.6852421875 0.49938888888888894 0.019125 0.08941666666666666
0 0.7614817708333333 0.5126018518518519 0.020419270833333333 0.0884212962962963
0 0.9136822916666667 0.577388888888889 0.0189296875 0.08146759259259259
0 0.8566796875 0.6156898148148149 0.025510416666666664 0.10655555555555556
0 0.668578125 0.48117129629629624 0.014947916666666667 0.07362962962962963
0 0.7737213541666667 0.5084027777777779 0.01992708333333333 0.09135648148148148
