0 0.5299817708333333 0.4418842592592593 0.0161171875 0.07391666666666666
0 0.45752864583333336 0.46724074074074073 0.018921874999999998 0.07521759259259259
0 0.6557499999999999 0.5553981481481481 0.022091145833333332 0.09886111111111111
0 0.6308281250000001 0.5312546296296297 0.0274296875 0.0974212962962963
0 0.604921875 0.5731759259259259 0.023828125 0.10603703703703703
0 0.7134296875 0.5789351851851852 0.029872395833333332 0.10294444444444445
0 0.8266770833333333 0.6602407407407407 0.021671875 0.09442592592592593
0 0.39138020833333337 0.5000740740740741 0.0264453125 0.09183333333333334
0 0.337546875 0.5021712962962963 0.027908854166666667 0.08886111111111111
0 0.20167447916666664 0.5118935185185185 0.016588541666666668 0.09287500000000001
0 0.17855208333333333 0.5338425925925926 0.0162265625 0.09516203703703704
0 0.16637760416666666 0.44969444444444445 0.009708333333333334 0.061625000000000006
