1 0.5045442708333333 0.49137499999999995 0.0065078125 0.011305555555555557
0 0.49952864583333334 0.49225925925925923 0.01609375 0.08246296296296296
0 0.4703046875 0.4475324074074074 0.01970572916666667 0.07443055555555556
0 0.5512447916666667 0.5064027777777778 0.021445312499999997 0.08064351851851852
0 0.6507109375 0.4592453703703704 0.0155625 0.06745833333333334
0 0.703984375 0.5737083333333334 0.03186979166666667 0.08538888888888889
0 0.7304401041666666 0.5522731481481482 0.018091145833333332 0.08052777777777778
0 0.7065052083333333 0.4879583333333333 0.017208333333333332 0.08450925925925926
0 0.68696875 0.47400925925925924 0.022036458333333335 0.07793518518518519
0 0.6914583333333333 0.4730740740740741 0.017903645833333332 0.07439351851851851
0 0.7959010416666668 0.5483981481481481 0.018828124999999998 0.08837962962962963
0 0.8021614583333334 0.5378148148148149 0.0137109375 0.09310648148148148
0 0.8670651041666667 0.5557361111111112 0.017989583333333333 0.0777962962962963
