0 0.4633046875 0.6826342592592592 0.03240885416666667 0.12033796296296297
0 0.41210416666666666 0.4403888888888889 0.024244791666666664 0.05982407407407407
0 0.37978385416666666 0.45950925925925923 0.022833333333333334 0.05602314814814815
1 0.39994270833333334 0.436 0.005057291666666667 0.00924074074074074
0 0.3284375 0.48139814814814813 0.017958333333333333 0.08082870370370371
0 0.33914843749999996 0.4665648148148148 0.022359375 0.0787824074074074
0 0.29031510416666667 0.4971990740740741 0.018994791666666667 0.09225
0 0.2626354166666667 0.49433333333333335 0.012276041666666666 0.07811111111111112
0 0.27148177083333336 0.5634398148148148 0.02108854166666667 0.11114351851851852
0 0.2743802083333333 0.5525231481481482 0.026351562499999998 0.10097685185185186
0 0.220453125 0.4901388888888889 0.017804687500000003 0.08307407407407408
0 0.216609375 0.4802777777777778 0.016856770833333333 0.07659722222222222
0 0.15277083333333333 0.45879166666666665 0.011533854166666666 0.06830555555555555
