0 0.3808515625 0.6667361111111112 0.04292708333333333 0.10742129629629629
0 0.22719270833333333 0.6119351851851852 0.028874999999999998 0.1125787037037037
0 0.23730729166666667 0.5347685185185185 0.0179609375 0.08502314814814815
0 0.18819010416666665 0.5045185185185185 0.0161640625 0.07168518518518519
0 0.16924479166666667 0.5096111111111111 0.014552083333333334 0.07785185185185185
0 0.14630729166666667 0.5488101851851852 0.016890625 0.07398611111111111
1 0.1393828125 0.5550648148148148 0.006270833333333333 0.012578703703703705
0 0.19776822916666664 0.4805601851851852 0.016341145833333334 0.06208333333333333
0 0.1932421875 0.44322222222222224 0.010924479166666667 0.04718055555555555
0 0.22940364583333334 0.4466203703703704 0.013739583333333333 0.05922685185185186
0 0.3498046875 0.5082731481481481 0.024080729166666665 0.07777314814814815
0 0.3443802083333333 0.4391805555555556 0.025471354166666668 0.06252314814814815
0 0.42133593750000004 0.45925925925925926 0.018239583333333333 0.07672222222222222
