0 0.40844270833333335 0.6789583333333333 0.0296796875 0.12385185185185184
0 0.3786953125 0.43769444444444444 0.015708333333333335 0.061037037037037035
1 0.3767578125 0.427587962962963 0.004145833333333333 0.008666666666666666
0 0.36203385416666667 0.45061574074074073 0.025893229166666667 0.0588287037037037
0 0.2924817708333334 0.4523333333333333 0.009638020833333334 0.07073611111111111
0 0.2996979166666666 0.4484768518518519 0.0146875 0.03951388888888888
0 0.2797708333333333 0.4955462962962964 0.0141953125 0.08746296296296295
0 0.2976432291666667 0.49683333333333335 0.021033854166666664 0.09249537037037037
0 0.22054947916666665 0.4777083333333333 0.012450520833333334 0.08130092592592593
0 0.23094791666666667 0.47618518518518516 0.01925260416666667 0.0782638888888889
0 0.2404765625 0.5570972222222222 0.016481770833333333 0.10478240740740741
0 0.2436484375 0.5433842592592593 0.02958854166666667 0.08528703703703704
0 0.1528671875 0.45842592592592596 0.011304687499999999 0.06788888888888889
