1 0.3331953125 0.6134537037037037 0.014359375 0.02603703703703704
0 0.315875 0.627787037037037 0.034312499999999996 0.1268101851851852
0 0.15993749999999998 0.5714537037037036 0.030473958333333332 0.10379629629629629
0 0.21601041666666668 0.5494305555555555 0.025322916666666664 0.10262037037037038
0 0.2784947916666667 0.5435833333333334 0.027515625 0.10183796296296296
0 0.36602604166666663 0.47614351851851855 0.030473958333333332 0.0963611111111111
0 0.434375 0.4655185185185185 0.029049479166666666 0.08485648148148148
0 0.5231145833333334 0.48861574074074077 0.030255208333333335 0.10571759259259259
0 0.5842838541666667 0.5341296296296296 0.035078124999999995 0.11294444444444444
0 0.71440625 0.6371435185185186 0.034421875000000005 0.12213425925925926
0 0.3985859375 0.4510972222222222 0.02323958333333333 0.0949861111111111
0 0.48622656249999996 0.45187499999999997 0.03738020833333333 0.0965462962962963
0 0.25958333333333333 0.4502175925925926 0.025869791666666666 0.07179166666666667
