0 0.48125 0.6666666666666666 0.058984375 0.14305555555555555
0 0.403125 0.5555555555555556 0.031640625 0.12291666666666666
0 0.344921875 0.4965277777777778 0.018359375 0.08958333333333333
0 0.357421875 0.48541666666666666 0.02109375 0.08611111111111111
0 0.28203125 0.5736111111111111 0.030078125 0.11666666666666667
0 0.292578125 0.53125 0.0265625 0.1076388888888889
0 0.26171875 0.47291666666666665 0.02578125 0.0875
0 0.208984375 0.47152777777777777 0.0234375 0.08125
0 0.165234375 0.5680555555555555 0.0265625 0.1125
0 0.1125 0.5284722222222222 0.02578125 0.09791666666666667
1 0.144140625 0.49444444444444446 0.01015625 0.019444444444444445
0 0.166015625 0.4638888888888889 0.01875 0.07777777777777778
0 0.490625 0.5020833333333333 0.020703125 0.09791666666666667
