0 0.8098281249999999 0.6578287037037037 0.025236979166666666 0.1005787037037037
1 0.70125 0.5420972222222222 0.0035390625 0.009277777777777777
0 0.6946875 0.5674166666666666 0.022591145833333333 0.09265277777777778
0 0.6304401041666666 0.5521064814814814 0.033341145833333335 0.10026388888888889
0 0.5872994791666667 0.5704490740740741 0.042679687499999994 0.10862037037037037
0 0.6082838541666666 0.5298657407407408 0.025856770833333334 0.09813888888888889
0 0.4348046875 0.4646666666666666 0.030723958333333336 0.07528703703703704
0 0.37819791666666663 0.5017777777777778 0.01854427083333333 0.09614814814814815
0 0.32730468749999997 0.5006018518518518 0.012065104166666667 0.09104166666666667
0 0.2004401041666667 0.5170416666666666 0.019033854166666666 0.09587037037037037
0 0.17886197916666668 0.5361388888888888 0.019046875 0.09601388888888888
0 0.16596875000000003 0.44944907407407403 0.009041666666666667 0.06106944444444444
0 0.518 0.44033333333333335 0.0126953125 0.07420833333333333
