0 0.661125 0.4497361111111111 0.017945312499999998 0.05412962962962963
0 0.4509973958333333 0.568787037037037 0.0351953125 0.11251388888888889
0 0.6828411458333333 0.4898287037037037 0.01737239583333333 0.06440277777777778
0 0.6914322916666666 0.6101435185185186 0.03900520833333333 0.10594444444444445
0 0.6900364583333333 0.5360833333333334 0.022205729166666667 0.08991203703703704
0 0.5631510416666666 0.5111249999999999 0.02793489583333333 0.0875324074074074
0 0.4768854166666667 0.440212962962963 0.018838541666666667 0.06451851851851853
0 0.5337734375000001 0.46338888888888885 0.018911458333333336 0.06366666666666668
0 0.7693984374999999 0.5595925925925926 0.018651041666666666 0.07994444444444444
0 0.5809296875 0.6293425925925926 0.03973177083333333 0.12260648148148147
1 0.6806145833333334 0.5911944444444445 0.006841145833333334 0.013601851851851851
0 0.6429791666666667 0.47823611111111114 0.02814583333333333 0.07134722222222223
0 0.8864895833333333 0.6045324074074074 0.015223958333333334 0.07763888888888888
