0 0.6013203125000001 0.4455740740740741 0.018213541666666666 0.07127777777777779
0 0.6473229166666666 0.46955092592592595 0.01940625 0.07628703703703704
0 0.7056536458333333 0.47675 0.019153645833333333 0.0730462962962963
0 0.7283567708333333 0.4988935185185185 0.020557291666666665 0.07055092592592592
0 0.7489921875000001 0.5301296296296296 0.02645052083333333 0.07780092592592593
0 0.7895494791666666 0.6533842592592592 0.0258984375 0.11189814814814815
0 0.7486744791666666 0.6044305555555555 0.02396875 0.10202777777777777
0 0.7517604166666667 0.5852962962962963 0.027671875000000002 0.09555092592592591
0 0.7729557291666667 0.6005833333333334 0.040421875 0.10233333333333333
0 0.721828125 0.5312546296296297 0.02121875 0.08284259259259259
0 0.650875 0.4093935185185185 0.00028125000000000003 0.0005046296296296297
0 0.6548723958333333 0.4438796296296296 0.012083333333333333 0.07101851851851852
0 0.8933828125000001 0.5663287037037037 0.017716145833333332 0.07614351851851851
