0 0.46461458333333333 0.6319490740740741 0.033703124999999994 0.1293148148148148
0 0.42848437500000003 0.5464583333333333 0.03621875 0.11495370370370371
0 0.5019244791666667 0.43538888888888894 0.023690104166666667 0.07655555555555556
0 0.6357213541666666 0.608212962962963 0.02635677083333333 0.12989814814814815
0 0.6574140624999999 0.545287037037037 0.026408854166666666 0.1131111111111111
0 0.7060442708333333 0.5168287037037037 0.019966145833333334 0.09133796296296295
0 0.7982213541666667 0.5970185185185185 0.03326041666666667 0.10833796296296296
0 0.92003125 0.6321574074074074 0.031138020833333332 0.10480092592592592
1 0.9334765625 0.6532824074074074 0.00703125 0.01499537037037037
0 0.8943802083333333 0.5768703703703704 0.019942708333333333 0.08724074074074074
0 0.683078125 0.4484675925925926 0.013317708333333334 0.07064351851851852
0 0.6753281250000001 0.4805277777777778 0.018674479166666664 0.08758796296296296
0 0.6533567708333333 0.45575 0.01639322916666667 0.07308333333333333
