0 0.34874479166666666 0.5570462962962963 0.0349296875 0.11832407407407408
0 0.5791640625 0.5052083333333334 0.0346953125 0.10166203703703704
0 0.47877864583333335 0.43064814814814817 0.029408854166666668 0.07325925925925926
0 0.6135390624999999 0.4662824074074074 0.020940104166666664 0.09056481481481482
0 0.3034166666666666 0.44675462962962964 0.023302083333333334 0.07491666666666666
0 0.5847578124999999 0.43147685185185186 0.028479166666666667 0.06733333333333333
0 0.26859635416666666 0.4985 0.018278645833333333 0.08769907407407408
0 0.6302656249999999 0.5250509259259258 0.02852604166666667 0.09600462962962963
0 0.6438645833333333 0.5097222222222222 0.030130208333333335 0.09339814814814815
0 0.5121328125 0.44024537037037037 0.022026041666666666 0.07625462962962963
1 0.2754140625 0.4817222222222222 0.008346354166666665 0.015222222222222224
0 0.864078125 0.6212361111111111 0.0300625 0.09577314814814815
0 0.5879947916666667 0.4737222222222222 0.0196015625 0.08056018518518518
