0 0.6126406249999999 0.43725 0.0164296875 0.08712962962962963
0 0.7276432291666667 0.5292916666666666 0.0205703125 0.08418518518518518
0 0.7366875 0.47627314814814814 0.009940104166666667 0.06994907407407408
0 0.7452473958333333 0.48633796296296294 0.019052083333333334 0.06945833333333333
0 0.7571875 0.5114953703703703 0.017809895833333332 0.05497685185185185
0 0.7511145833333334 0.5615648148148148 0.034101562499999995 0.07706944444444444
0 0.7764479166666667 0.5559212962962963 0.021812500000000002 0.10013888888888889
0 0.7587760416666666 0.5661064814814815 0.019604166666666666 0.09891203703703703
0 0.7938437500000001 0.5194722222222222 0.029544270833333334 0.10775
0 0.8325 0.5454907407407408 0.022088541666666666 0.08173148148148147
0 0.8695 0.5501527777777777 0.017119791666666665 0.08369444444444445
1 0.8732265625 0.5078148148148148 0.005799479166666666 0.009819444444444445
0 0.9373567708333332 0.612125 0.018361979166666667 0.09915740740740742
