0 0.5838046875 0.43218518518518517 0.0094921875 0.061263888888888896
0 0.6585104166666667 0.44860185185185186 0.016645833333333335 0.06080092592592593
0 0.6453125 0.5171435185185185 0.020677083333333336 0.08091203703703705
0 0.6592265625 0.550087962962963 0.03420052083333334 0.10148611111111111
0 0.6869244791666667 0.4650138888888889 0.014174479166666667 0.06727314814814815
0 0.7007083333333333 0.511712962962963 0.02015625 0.08576851851851851
0 0.7192369791666666 0.5554074074074075 0.02080729166666667 0.0894675925925926
0 0.7185234375 0.5443101851851851 0.02821875 0.08623148148148148
0 0.7343229166666667 0.5336759259259259 0.018466145833333333 0.0894675925925926
0 0.7548671875 0.4981898148148148 0.013263020833333333 0.08183796296296297
0 0.7447916666666666 0.46871296296296294 0.016255208333333333 0.06403703703703703
0 0.9055807291666667 0.5782916666666666 0.018984375 0.0848425925925926
1 0.6407291666666667 0.5161805555555555 0.007466145833333334 0.011231481481481483
