1 0.6056276041666667 0.4849212962962963 0.00628125 0.011166666666666667
0 0.5976328125 0.43277314814814816 0.012276041666666666 0.060138888888888895
0 0.619828125 0.4957037037037037 0.034398437500000004 0.08500925925925926
0 0.6465208333333333 0.46220833333333333 0.025549479166666667 0.05201851851851852
0 0.6577265625000001 0.504712962962963 0.02255208333333333 0.07257407407407407
0 0.6848463541666666 0.48631481481481487 0.022265625 0.07079629629629629
0 0.7374427083333334 0.46449537037037036 0.015273437499999999 0.06927314814814814
0 0.7104661458333333 0.57475 0.04039322916666667 0.10860648148148148
0 0.7391562500000001 0.5375740740740741 0.025549479166666667 0.08957407407407407
0 0.7595677083333333 0.4955787037037037 0.013559895833333334 0.09642592592592593
0 0.7688463541666667 0.5685324074074074 0.0306875 0.09160648148148148
0 0.7750546875000001 0.5894675925925926 0.026549479166666667 0.09185648148148148
0 0.9077265625000001 0.5841388888888889 0.016984375 0.08627777777777779
