0 0.6419010416666667 0.5548287037037037 0.030963541666666667 0.10034722222222223
0 0.683265625 0.5510694444444444 0.022588541666666666 0.10619907407407407
0 0.752625 0.5281527777777778 0.021270833333333336 0.0884537037037037
0 0.8019427083333334 0.5545787037037038 0.024658854166666667 0.09582870370370371
0 0.7860364583333334 0.5378518518518518 0.028609375 0.07575
0 0.5811015625 0.4817685185185185 0.02254427083333333 0.07978240740740741
0 0.8910286458333334 0.5806759259259259 0.023309895833333334 0.09368981481481482
0 0.5945937499999999 0.4250416666666667 0.01834375 0.07690740740740741
0 0.5308072916666666 0.46128703703703705 0.018104166666666664 0.08172222222222222
0 0.8190755208333333 0.6190740740740741 0.030692708333333332 0.09999537037037037
0 0.7515234375 0.48790740740740746 0.019947916666666666 0.07906018518518519
0 0.7429401041666667 0.4772037037037037 0.013794270833333334 0.0751388888888889
