0 0.8054062500000001 0.5905601851851852 0.025653645833333336 0.10368518518518519
0 0.7074192708333332 0.5458796296296295 0.03182552083333333 0.08737037037037038
1 0.6845625 0.5686805555555555 0.0081015625 0.017750000000000002
0 0.6503229166666666 0.47153240740740743 0.019481770833333335 0.07755092592592593
0 0.7189427083333333 0.5163842592592593 0.02999479166666667 0.09215740740740741
0 0.5840677083333333 0.5740972222222221 0.032984374999999996 0.11808333333333333
0 0.56159375 0.5867916666666667 0.05072916666666667 0.1259861111111111
0 0.5207994791666667 0.5476064814814815 0.027776041666666664 0.1237361111111111
0 0.5024739583333333 0.4988935185185185 0.028739583333333332 0.08906481481481482
0 0.4868515625 0.49280555555555555 0.027583333333333335 0.08820370370370371
0 0.4213177083333333 0.45996296296296296 0.03365885416666667 0.08013425925925927
0 0.3586770833333333 0.4996759259259259 0.030476562500000002 0.09474537037037037
0 0.34560677083333335 0.43501388888888887 0.019385416666666665 0.06830092592592593
