0 0.7138281249999999 0.6076851851851851 0.032690104166666664 0.10956018518518519
0 0.8299114583333334 0.6607453703703704 0.031901041666666664 0.12658796296296296
0 0.6791692708333333 0.5373101851851851 0.03661458333333333 0.07748611111111112
0 0.6972968749999999 0.44944907407407403 0.020549479166666666 0.06624537037037037
0 0.6644427083333333 0.4734814814814815 0.019276041666666667 0.06437962962962963
1 0.6460104166666666 0.5554768518518518 0.012703125000000001 0.021791666666666668
0 0.6057213541666666 0.4523564814814815 0.026299479166666664 0.06520370370370371
0 0.6587968750000001 0.5545694444444444 0.0278125 0.08415277777777778
0 0.8961822916666667 0.5628564814814815 0.018377604166666665 0.08158333333333333
0 0.8150078125 0.5941712962962963 0.024734375 0.09721759259259259
0 0.7447734374999999 0.5336435185185185 0.025734374999999997 0.09462962962962963
0 0.714453125 0.4741111111111111 0.018208333333333333 0.07248611111111111
0 0.7304166666666667 0.4927824074074074 0.016666666666666666 0.0824212962962963
