0 0.313078125 0.5915462962962963 0.032690104166666664 0.11874537037037038
0 0.33016406249999997 0.4912824074074074 0.019265625 0.08682407407407407
0 0.2993046875 0.472837962962963 0.012466145833333333 0.0843425925925926
0 0.25632812499999996 0.49166666666666664 0.01961458333333333 0.08573611111111111
0 0.23933072916666667 0.5693842592592592 0.018567708333333332 0.10418055555555555
0 0.24957291666666667 0.6640740740740741 0.027895833333333335 0.11750925925925926
0 0.11759375 0.5289351851851852 0.014630208333333334 0.07529629629629629
0 0.14363020833333331 0.5306435185185185 0.023184895833333333 0.08224074074074074
0 0.1546328125 0.524912037037037 0.020270833333333335 0.0917175925925926
0 0.199734375 0.49448611111111107 0.0145078125 0.07648148148148147
0 0.18489583333333334 0.4990925925925926 0.018088541666666666 0.07531018518518517
0 0.155546875 0.4588101851851852 0.015075520833333333 0.0669351851851852
1 0.15743229166666667 0.3837314814814815 0.0062187499999999995 0.012078703703703704
