0 0.5134010416666667 0.6901111111111111 0.046072916666666665 0.11605092592592592
0 0.38942447916666667 0.6189629629629629 0.04578125 0.12360185185185187
1 0.3833567708333333 0.5684027777777778 0.0115234375 0.018939814814814812
0 0.44019791666666663 0.5454351851851852 0.03353125 0.09029629629629629
0 0.5071432291666667 0.4764490740740741 0.026643229166666667 0.07988425925925927
0 0.4264427083333333 0.43808796296296293 0.022200520833333334 0.06403240740740741
0 0.32646354166666663 0.5569027777777779 0.03447395833333333 0.09875462962962964
0 0.3006145833333333 0.45619444444444446 0.018591145833333333 0.0687175925925926
0 0.2559296875 0.4695925925925926 0.0249609375 0.06807407407407406
0 0.23008333333333333 0.5310648148148148 0.0208671875 0.09127777777777778
0 0.2029609375 0.5115879629629629 0.021411458333333334 0.07799074074074075
0 0.1799140625 0.5856805555555555 0.019187500000000003 0.09903703703703703
0 0.230828125 0.4559398148148148 0.017859375 0.07131944444444445
