0 0.5802890625 0.4455462962962963 0.015500000000000002 0.079625
1 0.6214114583333333 0.47661574074074076 0.0161328125 0.02085648148148148
0 0.6143723958333334 0.5218981481481482 0.0251484375 0.10580092592592592
0 0.6927395833333333 0.5981064814814815 0.04112239583333333 0.11763425925925926
0 0.671546875 0.5035462962962963 0.014549479166666665 0.087375
0 0.6786640625 0.48660185185185184 0.03511197916666667 0.08300925925925927
0 0.7373411458333333 0.47099537037037037 0.018979166666666665 0.08272222222222222
0 0.8931692708333333 0.5703333333333334 0.020481770833333336 0.08317592592592593
0 0.7572317708333334 0.5016481481481482 0.017635416666666667 0.08779629629629629
0 0.6581041666666666 0.5057268518518518 0.022458333333333334 0.08188888888888889
0 0.7174140625 0.5649212962962963 0.0328984375 0.10187500000000001
0 0.7183619791666668 0.5044583333333333 0.024671875 0.0821712962962963
0 0.6998177083333333 0.5137407407407407 0.018109375 0.08948611111111111
