1 0.5334036458333333 0.5132314814814815 0.006104166666666667 0.01312962962962963
0 0.5395729166666666 0.5084351851851852 0.01866927083333333 0.08200462962962962
0 0.5870963541666666 0.5188888888888888 0.0190234375 0.08418981481481481
0 0.5321744791666666 0.44518981481481484 0.0136328125 0.07425925925925926
0 0.6248463541666667 0.5902962962962963 0.024429687500000002 0.11515277777777777
0 0.6351614583333334 0.5721620370370369 0.04323958333333333 0.09437037037037037
0 0.7467838541666667 0.564763888888889 0.020932291666666665 0.10594444444444445
0 0.7642994791666666 0.5467916666666667 0.023260416666666665 0.09387037037037037
0 0.7159817708333333 0.48838888888888893 0.01371875 0.08225462962962962
0 0.6990520833333334 0.47533333333333333 0.022640625 0.07475925925925926
0 0.6773671875 0.4457685185185185 0.019002604166666666 0.06579166666666668
0 0.6882734374999999 0.4596898148148148 0.017921874999999997 0.06450925925925927
0 0.8973645833333334 0.5717222222222222 0.017825520833333334 0.07414814814814814
