0 0.16153125 0.4671018518518519 0.0161328125 0.07080555555555555
1 0.1673125 0.44819444444444445 0.005424479166666666 0.012689814814814815
0 0.164671875 0.47674537037037035 0.03526041666666667 0.07943518518518519
0 0.17502083333333335 0.5075833333333334 0.027125 0.09491666666666668
0 0.181015625 0.516337962962963 0.013705729166666668 0.0951712962962963
0 0.21649218750000002 0.5325787037037036 0.033546875 0.08705092592592592
0 0.21998958333333332 0.5365138888888888 0.028835937500000002 0.10100925925925926
0 0.23904687500000002 0.4781435185185185 0.0172734375 0.07258333333333333
0 0.2662421875 0.476875 0.02598177083333333 0.07918055555555556
0 0.2880234375 0.4862361111111111 0.014755208333333332 0.07715277777777778
0 0.30490104166666665 0.47835185185185186 0.024786458333333334 0.0702962962962963
0 0.33079427083333335 0.610712962962963 0.026039062499999998 0.14264814814814816
0 0.18941145833333334 0.4353148148148148 0.014658854166666667 0.0816111111111111
