0 0.51146875 0.6196342592592593 0.033703124999999994 0.12538888888888888
0 0.45811979166666666 0.5382268518518518 0.03116666666666667 0.10884722222222223
0 0.5292109375 0.4373194444444444 0.023690104166666667 0.07655555555555556
0 0.6650755208333333 0.6198379629629629 0.034565104166666666 0.11699074074074074
0 0.68915625 0.5395555555555556 0.037143229166666666 0.09640277777777777
0 0.7197942708333334 0.5105972222222223 0.019966145833333334 0.09133796296296295
0 0.7848776041666666 0.5767592592592592 0.030419270833333335 0.10048148148148148
0 0.8970963541666667 0.6190694444444444 0.031138020833333332 0.10480092592592592
1 0.9200442708333333 0.5872592592592593 0.00703125 0.01499537037037037
0 0.8938177083333334 0.5778703703703704 0.019942708333333333 0.08225
0 0.6855338541666666 0.4501527777777778 0.01836979166666667 0.07064351851851852
0 0.6850755208333333 0.48750925925925925 0.025408854166666665 0.08758796296296296
0 0.6612656250000001 0.45169907407407406 0.019934895833333334 0.07308333333333333
