0 0.4575833333333333 0.4448657407407407 0.015447916666666667 0.07687037037037037
0 0.4856302083333333 0.49106944444444445 0.01996875 0.08243981481481481
1 0.4940338541666666 0.4734398148148148 0.00659375 0.012601851851851852
0 0.5443385416666667 0.5063703703703704 0.018789062500000002 0.07953703703703704
0 0.6416328124999999 0.4549074074074074 0.020083333333333335 0.07202777777777779
0 0.6849817708333333 0.4740324074074074 0.01836979166666667 0.08156944444444444
0 0.6846979166666666 0.4719398148148148 0.0162734375 0.07251388888888889
0 0.7061145833333333 0.48696759259259254 0.017645833333333336 0.08369907407407406
0 0.7036770833333333 0.5635694444444445 0.02861979166666667 0.09318518518518519
0 0.7320494791666667 0.5505972222222222 0.024085937499999998 0.08186574074074075
0 0.7979088541666666 0.5565787037037038 0.017536458333333334 0.09534259259259259
0 0.8101640625000001 0.5481944444444444 0.015596354166666666 0.08649537037037038
0 0.8646171875 0.5502037037037038 0.014122395833333332 0.07249074074074074
