0 0.6125390625 0.4382268518518519 0.016934895833333335 0.08566666666666667
0 0.7270182291666667 0.4895462962962963 0.020958333333333336 0.05855092592592592
0 0.728796875 0.49744444444444447 0.0198359375 0.07002777777777777
0 0.7554635416666666 0.5038518518518518 0.019276041666666667 0.06753703703703703
0 0.7453098958333333 0.5643333333333334 0.022736979166666667 0.07538425925925926
0 0.7622942708333333 0.5566620370370371 0.01553125 0.09863888888888889
0 0.7846562499999999 0.5540185185185186 0.018713541666666667 0.10033796296296296
0 0.7931223958333333 0.49724537037037037 0.026291666666666665 0.060981481481481484
0 0.7400078125 0.5166527777777777 0.0110546875 0.06460648148148149
0 0.8714166666666666 0.5528472222222223 0.022111979166666667 0.07900462962962963
1 0.8730026041666666 0.5355277777777778 0.006020833333333334 0.011287037037037036
0 0.8327760416666667 0.544675925925926 0.022111979166666667 0.08017592592592593
0 0.9371458333333333 0.6128796296296296 0.01871875 0.09671296296296296
