0 0.39950781249999995 0.5300787037037037 0.0378515625 0.10312962962962963
1 0.40641927083333335 0.5056157407407408 0.006263020833333333 0.016083333333333335
0 0.4029505208333333 0.43382870370370374 0.019848958333333333 0.07196759259259258
0 0.4646640625 0.4313796296296296 0.032445312500000004 0.07315277777777777
0 0.5205338541666666 0.45765277777777774 0.024125 0.07765740740740741
0 0.50575 0.5183425925925925 0.03184375 0.09079629629629629
0 0.6158880208333334 0.4716990740740741 0.026354166666666668 0.08082407407407408
0 0.6876614583333333 0.4950833333333334 0.019398437499999997 0.09110648148148148
0 0.6943411458333333 0.601175925925926 0.03583854166666667 0.10808796296296297
0 0.7149166666666668 0.5672083333333333 0.020890625 0.09062037037037038
0 0.8893151041666666 0.5676296296296296 0.019075520833333335 0.07930555555555556
0 0.7412083333333332 0.6253148148148149 0.03208333333333333 0.11561574074074074
0 0.7487812500000001 0.6099166666666667 0.0359375 0.10185185185185185
