0 0.886796875 0.6465277777777778 0.023604166666666666 0.08997222222222222
0 0.7902552083333333 0.5983287037037037 0.0158359375 0.09721759259259259
0 0.7890520833333333 0.5504537037037037 0.0241015625 0.08687500000000001
0 0.7638854166666668 0.5342777777777777 0.023 0.08053703703703705
0 0.6617057291666666 0.581287037037037 0.025645833333333333 0.1039074074074074
0 0.6257161458333333 0.47862499999999997 0.024442708333333334 0.07892592592592593
0 0.6414687499999999 0.4565740740740741 0.025500000000000002 0.06748148148148148
0 0.45038802083333335 0.4897361111111111 0.018716145833333333 0.08986574074074075
0 0.39237760416666667 0.4935694444444444 0.022583333333333334 0.08838888888888888
0 0.19620572916666665 0.5097453703703704 0.0151796875 0.0852175925925926
0 0.21350260416666667 0.5038055555555556 0.01478125 0.09269444444444444
0 0.17363541666666665 0.4501481481481482 0.010372395833333332 0.06763425925925926
1 0.7848854166666667 0.5878518518518518 0.006768229166666666 0.01450925925925926
