0 0.5164973958333333 0.5893611111111111 0.038299479166666664 0.11291203703703703
0 0.15196354166666665 0.47068518518518515 0.016671875 0.08583333333333333
0 0.12126822916666667 0.5695324074074074 0.023994791666666668 0.10930092592592593
1 0.14109375 0.5255601851851852 0.009575520833333333 0.02736574074074074
0 0.14678125 0.5068379629629629 0.03334375 0.0760324074074074
0 0.18564583333333334 0.48841203703703706 0.027710937499999998 0.08724074074074074
0 0.2574036458333333 0.4726898148148148 0.020276041666666668 0.0898425925925926
0 0.32251562500000003 0.47008333333333335 0.028838541666666665 0.09665277777777778
0 0.3804166666666667 0.4766944444444445 0.031091145833333333 0.09785648148148149
0 0.4975729166666667 0.5092453703703704 0.022981770833333335 0.11288888888888889
0 0.2058671875 0.4811018518518519 0.019713541666666667 0.09064351851851851
0 0.22802604166666668 0.45267129629629627 0.020703125 0.07223611111111111
0 0.29498697916666666 0.45345370370370375 0.026395833333333334 0.0760138888888889
