1 0.13466406250000001 0.5231944444444444 0.0111328125 0.021689814814814815
0 0.11073958333333334 0.5318842592592592 0.01835677083333333 0.07080555555555555
0 0.14065625 0.6027592592592593 0.027195312500000002 0.10679166666666666
0 0.16615364583333334 0.509824074074074 0.020398437499999998 0.08107407407407408
0 0.29146875 0.47302777777777777 0.032380208333333334 0.09058333333333334
0 0.37063541666666666 0.45481944444444444 0.031614583333333335 0.09798148148148147
0 0.17592708333333332 0.45987962962962964 0.016828125000000003 0.07335185185185185
0 0.5621458333333333 0.6272407407407407 0.04833333333333333 0.11949074074074074
0 0.2509895833333333 0.4699305555555555 0.0308515625 0.07985185185185184
0 0.27393489583333336 0.4673611111111111 0.022351562499999998 0.08377777777777778
0 0.28570572916666664 0.45602777777777775 0.01784635416666667 0.08226388888888889
0 0.41259375 0.4771851851851852 0.01835677083333333 0.1004074074074074
0 0.5257578125 0.5068796296296296 0.0279609375 0.10993518518518519
