0 0.8791223958333333 0.6522175925925926 0.03579427083333333 0.1260787037037037
0 0.73309375 0.6434583333333332 0.04148958333333333 0.1313425925925926
0 0.7338046874999999 0.5738194444444444 0.03925260416666666 0.0990462962962963
0 0.5580833333333334 0.6311805555555555 0.04596354166666667 0.1371527777777778
0 0.4769322916666667 0.5482638888888889 0.028880208333333334 0.11775925925925927
0 0.5257447916666667 0.47559259259259257 0.021557291666666666 0.07980555555555556
1 0.47876302083333333 0.4661805555555556 0.011796875 0.019763888888888886
0 0.46401822916666663 0.4748703703703704 0.0176953125 0.08486574074074074
0 0.4359505208333333 0.4228796296296296 0.0189140625 0.07525462962962963
0 0.6407578125000001 0.5586898148148148 0.037421875 0.10390277777777777
0 0.6203177083333333 0.5227037037037037 0.03376041666666666 0.10135185185185185
0 0.529609375 0.4264953703703704 0.025015625 0.06947222222222223
0 0.6313515625 0.4613055555555555 0.018000000000000002 0.07726388888888888
