0 0.371875 0.4373518518518518 0.012270833333333333 0.07083796296296296
1 0.3701666666666667 0.4064351851851852 0.005302083333333333 0.00875462962962963
0 0.35566927083333333 0.4493425925925926 0.02821875 0.05592592592592593
0 0.28431510416666667 0.4416759259259259 0.0084921875 0.06245833333333333
0 0.2925286458333333 0.45614351851851853 0.0151953125 0.06800462962962962
0 0.30314322916666664 0.4957916666666667 0.018401041666666666 0.09441666666666666
0 0.286890625 0.4963379629629629 0.016932291666666665 0.08559722222222221
0 0.2348098958333333 0.5510092592592593 0.019164062500000002 0.10316203703703704
0 0.22921354166666666 0.5369398148148148 0.0158359375 0.0953611111111111
0 0.22202604166666667 0.4759351851851852 0.012471354166666667 0.08216203703703703
0 0.23300260416666668 0.46447685185185184 0.018695312500000002 0.056962962962962965
0 0.15275520833333334 0.45835185185185184 0.0115 0.0678425925925926
0 0.3973229166666667 0.6791666666666667 0.03488541666666667 0.12277314814814815
