0 0.5780598958333333 0.6739814814814815 0.0646875 0.15842129629629628
0 0.5311927083333333 0.5109537037037037 0.029046875000000003 0.10924074074074075
0 0.4790729166666667 0.5213935185185186 0.033578125 0.11474074074074074
0 0.42458333333333337 0.5265231481481482 0.037080729166666666 0.11181481481481483
0 0.3848229166666667 0.5204768518518519 0.03666927083333334 0.1063148148148148
0 0.3611328125 0.6098657407407407 0.03872916666666667 0.12687962962962962
0 0.19261718749999998 0.5955787037037037 0.032960937499999995 0.11588425925925926
0 0.15100520833333334 0.5217314814814815 0.0313125 0.0911388888888889
0 0.24041145833333333 0.47026388888888887 0.027192708333333333 0.0732175925925926
1 0.233921875 0.4885879629629629 0.012979166666666668 0.027782407407407405
0 0.30293489583333333 0.46128703703703705 0.037286458333333335 0.08018055555555556
0 0.3803932291666667 0.48088425925925926 0.02657552083333333 0.08712962962962963
0 0.20580208333333333 0.45817592592592593 0.027192708333333333 0.07542129629629629
