0 0.5201979166666667 0.4979027777777778 0.019921875 0.07765277777777778
1 0.5134635416666666 0.4816157407407407 0.006166666666666667 0.011314814814814816
0 0.5036614583333333 0.4473657407407407 0.014593749999999999 0.07652314814814815
0 0.559546875 0.5100787037037037 0.019658854166666666 0.07878703703703704
0 0.6741666666666667 0.5763611111111111 0.0212421875 0.09830555555555556
0 0.7066874999999999 0.5622638888888889 0.02722916666666667 0.08719907407407407
0 0.6669088541666667 0.4746388888888889 0.014513020833333333 0.06888888888888889
0 0.6881432291666666 0.48118981481481476 0.018406250000000002 0.07803703703703704
0 0.7121796875 0.4890185185185185 0.013486979166666666 0.08176851851851852
0 0.7016354166666667 0.4796805555555555 0.012375 0.07116666666666667
0 0.7787213541666667 0.5191481481481481 0.01669270833333333 0.08207407407407408
0 0.772578125 0.5015138888888889 0.013677083333333334 0.07777777777777778
0 0.8802161458333334 0.5610601851851852 0.018174479166666667 0.07491203703703704
