0 0.6906848958333334 0.5665370370370371 0.026255208333333332 0.10089351851851852
0 0.6855833333333333 0.4791527777777778 0.019848958333333333 0.08778703703703704
0 0.7185989583333333 0.5101574074074074 0.028942708333333334 0.09778240740740742
0 0.7418489583333333 0.5823564814814816 0.04887239583333333 0.10300462962962964
0 0.7970859375 0.5294166666666666 0.0277578125 0.09412962962962963
0 0.7719791666666667 0.5040370370370371 0.022458333333333334 0.09538888888888888
0 0.6724166666666667 0.5402453703703703 0.027361979166666665 0.11297685185185186
0 0.6383723958333333 0.47099537037037037 0.020166666666666666 0.07147685185185185
0 0.6811953125 0.49370370370370376 0.02119270833333333 0.08456018518518518
0 0.72125 0.6062638888888888 0.03234375 0.12269907407407406
1 0.7092682291666667 0.5817916666666667 0.0188203125 0.023138888888888886
0 0.5895807291666666 0.4520138888888889 0.015895833333333335 0.09256018518518519
0 0.9074817708333334 0.5885416666666666 0.022221354166666665 0.09288425925925926
