0 0.35020833333333334 0.6547731481481481 0.035437500000000004 0.11676851851851852
0 0.34797656250000003 0.453 0.0151875 0.07560648148148148
0 0.28484375 0.5009768518518518 0.0229296875 0.08341666666666667
0 0.28532812500000004 0.453 0.012880208333333334 0.07190277777777777
0 0.21378124999999998 0.4753657407407407 0.01690104166666667 0.0753425925925926
0 0.2025390625 0.5588148148148148 0.021515625 0.10062037037037037
0 0.2033203125 0.5262592592592593 0.021739583333333333 0.09268055555555556
0 0.18023958333333334 0.5108287037037037 0.017374999999999998 0.08616666666666667
0 0.146390625 0.4557037037037037 0.013299479166666666 0.056699074074074075
0 0.17358854166666668 0.4382361111111111 0.010223958333333333 0.04339351851851852
0 0.16714062500000001 0.47880092592592594 0.0183125 0.1050787037037037
0 0.1790703125 0.47850925925925925 0.019046875 0.1047037037037037
1 0.16383333333333333 0.38904629629629633 0.006401041666666666 0.011782407407407406
