0 0.46973177083333334 0.5055972222222221 0.036247395833333335 0.10221759259259258
0 0.49707552083333334 0.43669444444444444 0.027979166666666666 0.06405555555555556
0 0.5459791666666667 0.4825601851851852 0.022895833333333334 0.08180555555555555
0 0.5468098958333333 0.47567592592592595 0.020854166666666667 0.0807037037037037
0 0.60703125 0.46861574074074075 0.026593750000000003 0.07933796296296297
0 0.7685807291666666 0.5314953703703703 0.02433072916666667 0.08063425925925925
0 0.7985651041666666 0.5230092592592592 0.028674479166666666 0.0819861111111111
1 0.7930026041666667 0.5328101851851851 0.007778645833333334 0.014759259259259258
0 0.8053489583333333 0.541625 0.026231770833333334 0.0917175925925926
0 0.7377109374999999 0.6303981481481482 0.038539062500000006 0.12341666666666666
0 0.8119505208333333 0.6292361111111111 0.021945312499999998 0.10827314814814815
0 0.7801796875 0.6059907407407408 0.023255208333333333 0.10196296296296296
0 0.8668333333333333 0.5688703703703704 0.025437500000000002 0.09037962962962963
