0 0.41330989583333333 0.6223055555555556 0.04909895833333333 0.14090740740740743
0 0.32859374999999996 0.5357083333333333 0.026963541666666667 0.09649074074074074
0 0.365015625 0.47046296296296297 0.028171875000000002 0.07618055555555556
1 0.37178906250000004 0.46508796296296295 0.011940104166666667 0.018208333333333333
0 0.35039322916666665 0.4281203703703704 0.021463541666666665 0.07305555555555555
0 0.4639505208333333 0.4673611111111111 0.022403645833333333 0.07569907407407407
0 0.4446979166666667 0.4281203703703704 0.0265625 0.07877777777777778
0 0.5592473958333334 0.5267083333333333 0.024263020833333333 0.11139351851851853
0 0.5823385416666667 0.4735 0.02334375 0.09305555555555556
0 0.6166927083333333 0.5511805555555556 0.03088802083333333 0.10596759259259259
0 0.6514036458333333 0.5743703703703704 0.02813541666666667 0.11755092592592592
0 0.6285677083333333 0.6394537037037037 0.04240625 0.13680555555555557
0 0.804671875 0.676050925925926 0.041692708333333335 0.1382361111111111
