0 0.6040416666666667 0.6445416666666667 0.0216640625 0.10968055555555556
0 0.5162734375 0.4860324074074074 0.028765625 0.08473148148148149
0 0.47182552083333335 0.4338796296296296 0.02042447916666667 0.06750925925925925
1 0.4623098958333333 0.43922685185185184 0.005622395833333333 0.011449074074074075
0 0.45046354166666663 0.4879351851851852 0.026885416666666665 0.0855324074074074
0 0.41439322916666665 0.5171111111111111 0.021013020833333333 0.09891203703703703
0 0.39466666666666667 0.45371296296296293 0.023809895833333334 0.06973148148148148
0 0.35869531250000003 0.526787037037037 0.021528645833333335 0.09589814814814814
0 0.3294088541666667 0.5363657407407407 0.024541666666666666 0.1077638888888889
0 0.32898958333333334 0.4743657407407408 0.022723958333333336 0.0855462962962963
0 0.29561718750000004 0.4763981481481481 0.020575520833333336 0.08160185185185184
0 0.20840104166666668 0.4542638888888889 0.01727604166666667 0.0654861111111111
0 0.5013932291666666 0.6153055555555556 0.027877604166666667 0.118875
