1 0.210546875 0.4201388888888889 0.008203125 0.017361111111111112
0 0.126171875 0.5138888888888888 0.01640625 0.06736111111111111
0 0.221484375 0.5222222222222223 0.0265625 0.09861111111111111
0 0.155859375 0.5173611111111112 0.022265625 0.08541666666666667
0 0.17890625 0.5027777777777778 0.026171875 0.09027777777777778
0 0.214453125 0.45625 0.022265625 0.0875
0 0.253125 0.5444444444444444 0.02734375 0.10555555555555556
0 0.292578125 0.4965277777777778 0.0265625 0.09097222222222222
0 0.296875 0.45555555555555555 0.018359375 0.07916666666666666
0 0.340234375 0.49236111111111114 0.03125 0.09861111111111111
0 0.347265625 0.43472222222222223 0.023046875 0.07708333333333334
0 0.426171875 0.6409722222222223 0.046875 0.14652777777777778
0 0.151953125 0.4625 0.021875 0.07569444444444444
