0 0.8984635416666666 0.5908472222222222 0.019888020833333336 0.08548611111111111
0 0.6264453125 0.6186296296296296 0.04216145833333333 0.12630092592592593
0 0.7025911458333333 0.4938842592592592 0.020354166666666666 0.07822685185185185
0 0.6177317708333334 0.44202777777777774 0.025109375 0.07786574074074074
0 0.6977213541666667 0.478087962962963 0.0172578125 0.07860185185185185
0 0.4026171875 0.43687037037037035 0.017802083333333333 0.07564814814814814
0 0.7048255208333334 0.44131018518518517 0.013513020833333333 0.05024537037037037
0 0.7115234375 0.4721342592592592 0.0115390625 0.06809722222222223
0 0.39911197916666663 0.5039907407407407 0.03328385416666667 0.09237037037037038
0 0.5759244791666667 0.5260879629629629 0.027190104166666666 0.09639814814814815
0 0.6985677083333334 0.5494768518518518 0.022815104166666666 0.10124074074074074
0 0.6510963541666667 0.45555555555555555 0.02025 0.07616666666666667
1 0.41615885416666665 0.5253749999999999 0.008346354166666665 0.015222222222222224
