0 0.81484375 0.6451388888888889 0.03046875 0.12222222222222222
0 0.686328125 0.64375 0.052734375 0.13194444444444445
0 0.775390625 0.5930555555555556 0.032421875 0.1125
0 0.715625 0.5875 0.040625 0.10555555555555556
0 0.641015625 0.5597222222222222 0.03515625 0.10208333333333333
1 0.64609375 0.5423611111111111 0.012109375 0.01597222222222222
0 0.69375 0.5270833333333333 0.03125 0.09861111111111111
0 0.644921875 0.4895833333333333 0.024609375 0.08472222222222223
0 0.68515625 0.4666666666666667 0.017578125 0.08194444444444444
0 0.6 0.46875 0.03046875 0.07916666666666666
0 0.494921875 0.44027777777777777 0.0203125 0.07847222222222222
0 0.626171875 0.43680555555555556 0.02109375 0.07361111111111111
0 0.905859375 0.6194444444444445 0.0234375 0.11666666666666667
