0 0.896765625 0.5651759259259259 0.01834375 0.08701388888888888
0 0.5870182291666667 0.44543055555555555 0.026268229166666667 0.06958796296296296
0 0.7055416666666667 0.5387731481481481 0.029052083333333333 0.08497685185185186
1 0.7038307291666667 0.5489861111111111 0.0120625 0.022916666666666665
0 0.7630026041666667 0.5736157407407407 0.022057291666666666 0.11785648148148148
0 0.6822734374999999 0.4906111111111111 0.0219140625 0.08889351851851851
0 0.63234375 0.4678935185185185 0.021270833333333336 0.08152777777777777
0 0.7434791666666667 0.4898518518518518 0.022270833333333333 0.0822962962962963
0 0.7280625000000001 0.5462638888888889 0.027408854166666666 0.09233796296296296
0 0.749015625 0.5300648148148148 0.02893489583333333 0.07382407407407408
0 0.7095963541666667 0.5094861111111111 0.0231484375 0.07229166666666667
0 0.7071744791666668 0.4773981481481482 0.019419270833333332 0.07975
0 0.6693020833333333 0.48006481481481483 0.0169765625 0.08051388888888888
