0 0.5036328125 0.4396574074074074 0.015723958333333333 0.06900925925925926
0 0.5394270833333333 0.4889953703703704 0.025661458333333335 0.08535648148148148
0 0.6197916666666666 0.5239768518518518 0.028281249999999997 0.08744444444444444
0 0.6353229166666666 0.5063055555555555 0.02875 0.08214814814814815
0 0.6475833333333333 0.6008842592592593 0.04858854166666667 0.1194675925925926
0 0.7054635416666667 0.5884907407407408 0.025651041666666666 0.11540277777777778
0 0.73246875 0.5549074074074074 0.0187734375 0.09995370370370371
0 0.7118072916666667 0.47011111111111115 0.019166666666666665 0.0706712962962963
0 0.6669036458333333 0.4822453703703704 0.014151041666666668 0.08251388888888889
1 0.7837083333333333 0.4606527777777778 0.0061796875 0.011273148148148148
0 0.7672604166666667 0.4824259259259259 0.021072916666666667 0.0686851851851852
0 0.8247239583333333 0.524824074074074 0.016182291666666668 0.07687962962962963
0 0.8862109375 0.620662037037037 0.022549479166666667 0.08551851851851852
