0 0.16632552083333335 0.46447222222222223 0.011770833333333335 0.07068981481481482
0 0.293671875 0.5563703703703704 0.021390625 0.10548611111111111
0 0.32307031249999996 0.5083796296296296 0.018208333333333333 0.09334722222222222
0 0.2870182291666667 0.4717824074074074 0.014346354166666667 0.08025925925925927
0 0.30055729166666667 0.46667592592592594 0.015546875 0.08118055555555555
0 0.3695572916666666 0.5009444444444444 0.027283854166666666 0.0918287037037037
0 0.3712317708333333 0.48691666666666666 0.01980989583333333 0.08431481481481481
0 0.3578177083333333 0.4527222222222222 0.015911458333333333 0.0726574074074074
0 0.3979635416666667 0.4864305555555556 0.033656250000000006 0.0807361111111111
0 0.4149296875 0.4411481481481481 0.021921875 0.061717592592592595
1 0.4069192708333333 0.4275046296296296 0.005171875 0.010351851851851852
0 0.3514088541666667 0.6175277777777778 0.026057291666666666 0.12166203703703704
0 0.5002239583333333 0.6572731481481482 0.0186796875 0.12158796296296297
