0 0.60234375 0.5263888888888889 0.022265625 0.1125
0 0.54453125 0.43333333333333335 0.0203125 0.07708333333333334
0 0.88984375 0.5722222222222222 0.02578125 0.09791666666666667
0 0.725390625 0.5020833333333333 0.02421875 0.09027777777777778
0 0.701953125 0.4798611111111111 0.020703125 0.07361111111111111
0 0.677734375 0.5430555555555555 0.028515625 0.10347222222222222
0 0.76015625 0.5784722222222223 0.0265625 0.10902777777777778
0 0.67578125 0.4986111111111111 0.036328125 0.08194444444444444
0 0.651171875 0.5048611111111111 0.040625 0.06875
1 0.659765625 0.5083333333333333 0.008984375 0.020833333333333332
0 0.646484375 0.45694444444444443 0.01953125 0.07361111111111111
0 0.65546875 0.46944444444444444 0.021875 0.07083333333333333
0 0.77421875 0.6298611111111111 0.035546875 0.12152777777777778
