0 0.20437239583333333 0.4801990740740741 0.0258828125 0.07702314814814815
0 0.17725520833333333 0.45613888888888887 0.011304687499999999 0.06833796296296298
0 0.2623098958333333 0.4344537037037037 0.019473958333333333 0.06845370370370371
0 0.25750520833333335 0.47815740740740736 0.022153645833333332 0.087375
0 0.17744010416666667 0.5105648148148147 0.0291796875 0.07686111111111112
0 0.18930208333333332 0.5384768518518518 0.01894791666666667 0.08961111111111111
0 0.5750729166666667 0.5091111111111112 0.0213671875 0.09881481481481481
0 0.6822057291666667 0.5631018518518518 0.022651041666666667 0.10790740740740741
0 0.372078125 0.4437268518518519 0.01873958333333333 0.07743055555555556
0 0.2874557291666667 0.46497222222222223 0.0281484375 0.08239814814814814
0 0.6332213541666667 0.6737870370370371 0.040257812500000004 0.12926851851851853
1 0.11200260416666666 0.49760648148148146 0.0080859375 0.013962962962962963
0 0.11895572916666668 0.515962962962963 0.020653645833333335 0.07388888888888889
