0 0.3372604166666667 0.4893240740740741 0.021036458333333334 0.08849537037037038
0 0.3167682291666667 0.49636111111111114 0.020572916666666666 0.09153240740740741
0 0.29530208333333335 0.4651018518518519 0.016302083333333335 0.07759722222222223
0 0.2883932291666667 0.6847453703703703 0.02716927083333333 0.12355092592592593
0 0.2656484375 0.5889675925925927 0.027325520833333335 0.11085648148148147
0 0.2661927083333333 0.4980185185185185 0.0307421875 0.0735925925925926
0 0.271625 0.47697222222222224 0.026705729166666668 0.08062962962962963
1 0.21352083333333333 0.47965277777777776 0.006598958333333333 0.012615740740740742
0 0.23253645833333333 0.5119953703703705 0.0267734375 0.08318981481481481
0 0.23216145833333332 0.4479027777777778 0.014223958333333333 0.06725462962962964
0 0.20955208333333333 0.492 0.023244791666666667 0.07465740740740741
0 0.29405989583333336 0.61925 0.027984375 0.11640277777777779
0 0.14940885416666666 0.4635324074074074 0.011919270833333334 0.06933796296296296
