0 0.389 0.5375509259259259 0.022765625 0.10318518518518519
0 0.35407031250000004 0.4686574074074074 0.016161458333333333 0.07970370370370371
0 0.2998515625 0.4332824074074074 0.013033854166666666 0.06704166666666667
0 0.28186718749999995 0.4966157407407408 0.016335937499999998 0.08372222222222223
0 0.2327734375 0.4541388888888889 0.011294270833333333 0.06981944444444445
0 0.2503255208333333 0.49568981481481483 0.018593750000000003 0.0800138888888889
0 0.19315364583333333 0.5088194444444444 0.017552083333333336 0.08588425925925926
0 0.1761223958333333 0.5100555555555556 0.018247395833333332 0.08712037037037038
0 0.21105208333333333 0.48843055555555553 0.024502604166666667 0.08156018518518518
0 0.193328125 0.5035694444444445 0.014424479166666667 0.07970370370370371
0 0.17143229166666665 0.4566111111111111 0.013380208333333334 0.06549537037037037
1 0.16222135416666666 0.39575000000000005 0.005388020833333334 0.009268518518518518
0 0.25006510416666666 0.6473796296296296 0.024677083333333336 0.11337962962962964
