0 0.6288411458333333 0.6790972222222221 0.05994791666666666 0.15436111111111112
0 0.5499375000000001 0.5267083333333333 0.038111979166666664 0.1031574074074074
0 0.4639296875 0.5450231481481481 0.035432291666666664 0.11926388888888889
0 0.4194322916666666 0.517550925925926 0.035432291666666664 0.10829166666666666
0 0.5014244791666667 0.5073240740740741 0.0313125 0.10418055555555555
0 0.38945833333333335 0.47911111111111115 0.031106770833333335 0.08291666666666667
0 0.41088281249999997 0.6185092592592593 0.04923697916666667 0.13098148148148148
0 0.23031770833333332 0.44731481481481483 0.023098958333333332 0.06662962962962962
0 0.25979427083333334 0.46679629629629626 0.025296875 0.06970833333333333
1 0.25814583333333335 0.45925925925925926 0.010119791666666666 0.01826388888888889
0 0.32650260416666665 0.452125 0.031346354166666666 0.08261111111111111
0 0.1774140625 0.524962962962963 0.030138020833333334 0.08397685185185184
0 0.2210234375 0.5983148148148147 0.04278645833333334 0.11805092592592593
