0 0.5833515625000001 0.4497453703703704 0.014661458333333332 0.07387962962962964
0 0.5973046875 0.488087962962963 0.015401041666666667 0.08226388888888889
0 0.6719479166666668 0.48333796296296294 0.021140625000000003 0.07781944444444444
0 0.7022682291666666 0.46368981481481486 0.023015624999999998 0.0510462962962963
0 0.7138307291666667 0.5144583333333334 0.0244375 0.08731481481481482
0 0.6969531250000001 0.5322361111111111 0.013979166666666666 0.093375
0 0.7559140625 0.5106666666666666 0.020515625 0.07630092592592592
0 0.770859375 0.5434027777777778 0.021424479166666666 0.09125462962962963
0 0.7842161458333333 0.512787037037037 0.013583333333333333 0.0740787037037037
0 0.8181432291666667 0.5332962962962964 0.024153645833333334 0.06741203703703705
0 0.7825963541666667 0.6344305555555555 0.0331875 0.11307870370370371
0 0.9103437499999999 0.618925925925926 0.01904427083333333 0.08492592592592592
1 0.8088020833333334 0.4144259259259259 0.006197916666666667 0.012189814814814815
