0 0.6124244791666666 0.4380833333333333 0.015963541666666668 0.08564814814814815
0 0.7238776041666667 0.4503564814814815 0.010497395833333334 0.05906018518518518
0 0.7404166666666666 0.47221296296296295 0.0151015625 0.07261111111111111
0 0.7405598958333334 0.562337962962963 0.04386197916666667 0.0810462962962963
0 0.7555885416666667 0.5651481481481482 0.039403645833333334 0.09178240740740741
0 0.7859322916666667 0.522962962962963 0.025885416666666668 0.10047685185185186
0 0.7504114583333333 0.6073333333333333 0.03710416666666667 0.10354629629629629
0 0.8692734375000001 0.5491712962962964 0.0165390625 0.08487962962962962
1 0.8753124999999999 0.5077546296296296 0.005609375 0.009717592592592592
0 0.9372239583333334 0.6125740740740742 0.017544270833333334 0.09766666666666667
0 0.7829140625 0.5744814814814815 0.03623958333333333 0.09101851851851851
0 0.8335364583333333 0.5492962962962963 0.024161458333333333 0.07797685185185185
0 0.7819791666666667 0.5553055555555556 0.030919270833333335 0.10328703703703704
