0 0.35500000000000004 0.563138888888889 0.029447916666666667 0.1005462962962963
0 0.3172734375 0.45761111111111114 0.02778125 0.07352777777777778
0 0.276375 0.47100000000000003 0.019734375000000002 0.0677175925925926
0 0.24571354166666665 0.5311064814814815 0.024575520833333333 0.09220833333333332
0 0.21807552083333331 0.5087638888888889 0.022049479166666667 0.08268518518518518
0 0.19402864583333335 0.6000462962962962 0.02713541666666667 0.11133333333333333
0 0.24330729166666665 0.4580416666666667 0.016588541666666668 0.06856944444444445
0 0.43185416666666665 0.6282083333333334 0.04248697916666667 0.1213611111111111
1 0.44814583333333335 0.6054768518518518 0.007091145833333334 0.016277777777777776
0 0.46661458333333333 0.554050925925926 0.03622135416666667 0.0861574074074074
0 0.44614583333333335 0.4373101851851852 0.028651041666666665 0.06559722222222222
0 0.5265677083333333 0.479125 0.025815104166666665 0.07817592592592593
0 0.5498203125 0.7017824074074074 0.045200520833333334 0.1260787037037037
