0 0.519109375 0.8663333333333333 0.0030390625 0.0026805555555555554
0 0.5366588541666667 0.5433009259259259 0.03734895833333333 0.10946296296296296
1 0.5579296874999999 0.5919444444444444 0.011583333333333333 0.02353703703703704
0 0.5687630208333334 0.48664814814814816 0.0146796875 0.08563425925925926
0 0.5142890625 0.47261574074074075 0.032156250000000004 0.07675
0 0.6312265625 0.6376481481481481 0.04074479166666667 0.1309212962962963
0 0.7719817708333333 0.6375509259259259 0.035851562499999996 0.12543055555555555
0 0.6743177083333334 0.5701805555555555 0.033453125 0.10463425925925926
0 0.7530598958333333 0.5783472222222222 0.029757812499999998 0.10606018518518519
0 0.6463567708333334 0.5223240740740741 0.033854166666666664 0.0986574074074074
0 0.6554947916666667 0.4611712962962963 0.014380208333333333 0.0804861111111111
0 0.5690624999999999 0.4275185185185185 0.023067708333333332 0.07602777777777778
0 0.4675546875 0.42689814814814814 0.022567708333333332 0.07371759259259258
0 0.8980078125 0.6393333333333333 0.036848958333333334 0.12470833333333334
