1 0.40098697916666665 0.39041666666666663 0.006682291666666667 0.012759259259259258
0 0.35567447916666667 0.43808796296296293 0.016734375000000003 0.06652314814814815
0 0.367421875 0.4641712962962963 0.016825520833333333 0.06825925925925926
0 0.3241119791666666 0.5652592592592592 0.0230390625 0.11022222222222222
0 0.36007552083333333 0.647361111111111 0.047028645833333334 0.1331527777777778
0 0.554 0.4830694444444445 0.025354166666666667 0.07569444444444444
0 0.5790651041666667 0.45141666666666663 0.027096354166666666 0.0695
0 0.5610651041666667 0.6026342592592593 0.029416666666666664 0.10218981481481482
0 0.706703125 0.5525694444444444 0.03425520833333333 0.09840277777777778
0 0.8238880208333333 0.6279212962962962 0.025158854166666668 0.09083333333333332
0 0.42761979166666664 0.5202268518518519 0.0408359375 0.08945833333333333
0 0.5274869791666666 0.47962962962962963 0.027677083333333335 0.08326388888888889
0 0.5735494791666667 0.5372592592592592 0.024578125 0.09943518518518518
