1 0.7575859375 0.5640185185185185 0.0062265625 0.012467592592592593
0 0.6146510416666667 0.43495833333333334 0.0130078125 0.06163888888888888
0 0.6533932291666668 0.5086759259259259 0.024348958333333334 0.08847222222222222
0 0.6744687500000001 0.4453935185185185 0.015109375000000001 0.06699074074074074
0 0.7131927083333333 0.4690509259259259 0.019747395833333334 0.06705092592592593
0 0.9102760416666666 0.579449074074074 0.016098958333333333 0.08819907407407407
0 0.8225807291666667 0.5969351851851853 0.020580729166666666 0.0921388888888889
0 0.759765625 0.5701435185185185 0.020104166666666666 0.07805092592592593
0 0.8173046875 0.5433472222222223 0.015268229166666668 0.08088425925925927
0 0.7422005208333334 0.5073888888888889 0.025895833333333333 0.07243518518518519
0 0.7741822916666667 0.5651712962962963 0.017052083333333336 0.09137962962962963
0 0.8015833333333333 0.541162037037037 0.0256953125 0.07933333333333334
0 0.8082239583333333 0.5638333333333334 0.0199453125 0.08306018518518518
