0 0.419390625 0.6495462962962962 0.03663541666666667 0.15109722222222222
0 0.4584921875 0.4984490740740741 0.0338515625 0.09853240740740742
0 0.33229947916666663 0.5759768518518518 0.035994791666666665 0.12858796296296296
0 0.3498671875 0.4883564814814814 0.02999479166666667 0.08444907407407408
0 0.29759114583333335 0.4826388888888889 0.0257109375 0.08215740740740742
0 0.25023697916666665 0.5468101851851851 0.022789062500000002 0.11037037037037037
0 0.2231796875 0.5403564814814815 0.020179687499999998 0.10011574074074074
0 0.16454947916666668 0.5446435185185186 0.027005208333333332 0.09582870370370371
1 0.11005729166666667 0.5130138888888889 0.00778125 0.016
0 0.1193203125 0.5280601851851852 0.018171875 0.07768981481481482
0 0.162390625 0.4632222222222222 0.016966145833333335 0.07331018518518519
0 0.20182031250000002 0.4746944444444444 0.019627604166666666 0.07537037037037038
0 0.23964322916666667 0.48076388888888894 0.0175703125 0.08643981481481482
