0 0.2515572916666667 0.6643981481481481 0.027755208333333333 0.11853240740740739
0 0.22633854166666667 0.5617083333333334 0.019020833333333334 0.10400925925925926
0 0.3169296875 0.5695972222222222 0.0204296875 0.11026851851851852
0 0.3473619791666666 0.4940787037037037 0.022682291666666667 0.08998148148148148
0 0.29182031249999996 0.46550925925925923 0.020367187499999998 0.08058333333333334
0 0.229953125 0.49757407407407406 0.02075 0.083125
0 0.20613541666666665 0.5108796296296296 0.020252604166666667 0.05840740740740741
0 0.1746015625 0.49847222222222226 0.03384895833333333 0.079625
0 0.15369791666666668 0.5212314814814815 0.027919270833333332 0.09582870370370371
1 0.15886979166666665 0.46143981481481483 0.005424479166666666 0.011476851851851851
0 0.16125520833333334 0.45725925925925925 0.011934895833333332 0.06715277777777778
0 0.13116666666666668 0.5439259259259259 0.016130208333333333 0.09724074074074074
0 0.09182031249999999 0.5400046296296297 0.0156953125 0.0739675925925926
