1 0.5962630208333334 0.5010787037037037 0.012653645833333334 0.019180555555555555
0 0.5885130208333333 0.4397083333333333 0.019294270833333335 0.07779166666666666
0 0.8868020833333333 0.5585231481481482 0.024356770833333333 0.0876712962962963
0 0.7633984374999999 0.6287592592592592 0.04088541666666667 0.1170787037037037
0 0.6523307291666666 0.5503009259259259 0.04096354166666667 0.10637037037037037
0 0.6227552083333333 0.47887037037037034 0.019770833333333335 0.09285185185185185
0 0.5971328124999999 0.4793611111111111 0.022299479166666667 0.07837037037037037
0 0.7573489583333333 0.5693518518518518 0.026411458333333335 0.10651851851851853
0 0.7072135416666666 0.5227407407407407 0.027361979166666665 0.1074861111111111
0 0.7454869791666667 0.4880092592592592 0.021666666666666667 0.07457407407407408
0 0.7352473958333333 0.4778148148148148 0.0225390625 0.09495833333333334
0 0.6746302083333333 0.4951805555555555 0.01913802083333333 0.08610648148148149
0 0.6524088541666667 0.49039814814814814 0.020559895833333335 0.08216666666666667
