0 0.6962499999999999 0.6402175925925926 0.03355208333333334 0.10947222222222222
0 0.62446875 0.58275 0.0260703125 0.1146712962962963
0 0.5943645833333334 0.49019907407407404 0.024317708333333334 0.08129166666666666
1 0.5847578124999999 0.47809722222222223 0.006390625 0.011680555555555555
0 0.568296875 0.4397962962962963 0.019697916666666666 0.06704166666666667
0 0.5096119791666667 0.48862962962962964 0.024453125000000003 0.08530092592592593
0 0.45153645833333333 0.5381759259259259 0.029861979166666667 0.10570833333333333
0 0.42035937500000004 0.5039953703703705 0.021893229166666663 0.09318518518518519
0 0.40635156250000004 0.4816296296296296 0.0167265625 0.08649537037037038
0 0.373375 0.4749444444444445 0.026924479166666668 0.08537037037037037
0 0.37030989583333335 0.5573657407407407 0.038135416666666665 0.11113425925925927
0 0.3232213541666667 0.48125 0.017718750000000002 0.08668518518518518
0 0.2678333333333333 0.4423472222222222 0.019200520833333335 0.06707407407407408
