0 0.41520833333333335 0.46289814814814817 0.0319140625 0.07944444444444444
0 0.33825781250000003 0.4948518518518519 0.03216666666666666 0.08505092592592593
0 0.33825781250000003 0.45583333333333337 0.026111979166666667 0.077875
0 0.363171875 0.6255972222222222 0.044656249999999995 0.11599537037037037
0 0.3866354166666667 0.5532731481481481 0.041375 0.11128703703703703
0 0.44712239583333335 0.46872685185185187 0.0248515625 0.07630555555555556
0 0.5734739583333333 0.5690787037037037 0.022466145833333333 0.10564814814814814
0 0.575953125 0.4614074074074074 0.025666666666666667 0.07195833333333333
1 0.6429192708333333 0.6139953703703703 0.008010416666666667 0.016939814814814817
0 0.6524270833333333 0.6093379629629629 0.030026041666666666 0.1260925925925926
0 0.6727942708333334 0.5756574074074075 0.0289765625 0.08269444444444445
0 0.65325 0.49852314814814813 0.026731770833333335 0.08096759259259259
0 0.7531432291666668 0.694162037037037 0.0388125 0.11185185185185186
