0 0.8962473958333333 0.5750138888888888 0.0186171875 0.07898611111111112
0 0.762234375 0.612675925925926 0.019986979166666665 0.11924074074074074
0 0.7152369791666667 0.5003425925925926 0.0173203125 0.08960648148148148
0 0.7032005208333333 0.44819907407407406 0.012880208333333334 0.07018055555555555
0 0.6922109375000001 0.4876990740740741 0.017513020833333334 0.07041203703703704
0 0.4765078125 0.43704166666666666 0.0206640625 0.0775138888888889
0 0.6697057291666667 0.44829166666666664 0.024190104166666667 0.059236111111111114
0 0.6925 0.4590138888888889 0.014903645833333333 0.06861111111111111
0 0.5036875000000001 0.5093055555555556 0.028182291666666668 0.0957824074074074
0 0.6124947916666666 0.522162037037037 0.020614583333333332 0.09250925925925925
0 0.7534713541666667 0.554037037037037 0.01991666666666667 0.10113888888888889
0 0.7180130208333334 0.46614814814814814 0.018604166666666665 0.07484259259259259
1 0.5174713541666667 0.49701388888888887 0.008346354166666665 0.015222222222222224
