0 0.3726145833333333 0.5043888888888889 0.021125 0.0675138888888889
0 0.407046875 0.5049305555555555 0.031138020833333332 0.07206944444444444
0 0.49600520833333334 0.47487962962962965 0.0149609375 0.07217592592592594
0 0.1256640625 0.4957916666666667 0.015752604166666666 0.07930092592592593
0 0.17004166666666667 0.5482777777777778 0.021065104166666668 0.09349074074074074
0 0.17705729166666667 0.5381666666666667 0.017945312499999998 0.09129629629629629
0 0.3108515625 0.5175879629629629 0.020830729166666666 0.09286574074074075
0 0.2615807291666667 0.474787037037037 0.03284895833333333 0.08018981481481482
1 0.40652604166666667 0.4931342592592593 0.007111979166666667 0.01138888888888889
0 0.24464322916666664 0.46099537037037036 0.023317708333333336 0.06662037037037037
0 0.2900286458333333 0.4602314814814815 0.023533854166666666 0.07383333333333333
