0 0.406640625 0.45694444444444443 0.026171875 0.0763888888888889
0 0.347265625 0.49583333333333335 0.01875 0.1
0 0.329296875 0.43194444444444446 0.029296875 0.07013888888888889
0 0.519921875 0.59375 0.03984375 0.1326388888888889
0 0.55859375 0.5694444444444444 0.040234375 0.11319444444444444
0 0.504296875 0.5326388888888889 0.028515625 0.10833333333333334
0 0.485546875 0.49375 0.0234375 0.08194444444444444
0 0.48515625 0.5006944444444444 0.02421875 0.09513888888888888
0 0.630078125 0.4666666666666667 0.032421875 0.08402777777777778
0 0.69921875 0.5145833333333333 0.022265625 0.09444444444444444
0 0.684765625 0.5506944444444445 0.021484375 0.08402777777777778
1 0.667578125 0.5590277777777778 0.0109375 0.01875
0 0.789453125 0.5909722222222222 0.035546875 0.11041666666666666
