0 0.34986979166666665 0.4821203703703704 0.0125 0.0868425925925926
0 0.32270052083333334 0.4357962962962963 0.016492187499999998 0.06760648148148148
0 0.23046875 0.6480138888888889 0.021700520833333334 0.11616203703703704
0 0.17065885416666668 0.5720462962962962 0.026736979166666668 0.1068287037037037
0 0.18771614583333335 0.5029814814814815 0.024739583333333332 0.07983796296296296
0 0.16892447916666667 0.5220740740740741 0.019791666666666666 0.0902638888888889
0 0.2775598958333333 0.516175925925926 0.023872395833333334 0.08894907407407407
0 0.24529166666666666 0.4592453703703704 0.0176640625 0.07317592592592592
0 0.18283333333333335 0.5286342592592592 0.016710937500000002 0.09720833333333333
0 0.1605911458333333 0.5049537037037037 0.015625 0.09981481481481481
0 0.16916145833333335 0.4574305555555555 0.013671875 0.06831481481481481
1 0.15998177083333334 0.40088425925925925 0.006424479166666667 0.013203703703703704
0 0.18296354166666667 0.5013611111111111 0.010372395833333332 0.08153240740740741
