0 0.2652526041666667 0.6542222222222221 0.03523958333333333 0.11350462962962962
0 0.14015885416666668 0.5822916666666667 0.015640625000000002 0.10229166666666666
0 0.20753125 0.5680324074074075 0.0240625 0.10835648148148148
0 0.35630989583333333 0.47677777777777774 0.018848958333333332 0.11227314814814815
0 0.3102682291666667 0.4395277777777778 0.016190104166666667 0.06807870370370371
0 0.21111458333333333 0.48257407407407404 0.01598958333333333 0.07501851851851851
0 0.30873958333333335 0.5092268518518519 0.017744791666666666 0.07946759259259259
0 0.15790364583333333 0.5485277777777777 0.021955729166666667 0.0971111111111111
0 0.2979114583333333 0.46902314814814816 0.0186484375 0.06468981481481481
0 0.22768229166666665 0.5167962962962963 0.017744791666666666 0.08999074074074073
0 0.20276822916666667 0.49710185185185185 0.011630208333333333 0.07698148148148148
1 0.3531015625 0.4267037037037037 0.006315104166666667 0.011379629629629628
0 0.15594791666666669 0.4568240740740741 0.015640625000000002 0.0655601851851852
