0 0.6719557291666667 0.5650694444444444 0.024755208333333334 0.09902314814814814
0 0.6248098958333334 0.676037037037037 0.0353671875 0.12079166666666667
0 0.5724895833333333 0.5092731481481482 0.014588541666666668 0.09587962962962962
0 0.3722890625 0.4479166666666667 0.010385416666666668 0.07183796296296295
0 0.25828124999999996 0.4362314814814815 0.020609375 0.06635648148148149
0 0.21024479166666668 0.47835185185185186 0.017364583333333336 0.07328240740740741
0 0.24400000000000002 0.484125 0.017364583333333336 0.07731944444444444
0 0.13077604166666668 0.5124953703703704 0.021140625000000003 0.07463425925925926
1 0.12153645833333333 0.49294444444444446 0.0048020833333333336 0.009601851851851851
0 0.2735572916666667 0.46882870370370366 0.019869791666666668 0.07569907407407407
0 0.17067447916666667 0.5362175925925926 0.028822916666666667 0.08752314814814816
0 0.17527083333333332 0.5085185185185186 0.022122395833333332 0.07256481481481482
0 0.17434895833333333 0.4572175925925926 0.014223958333333333 0.06751851851851852
