0 0.3208723958333334 0.5469490740740741 0.021015625 0.09980555555555556
0 0.37861458333333337 0.4923472222222222 0.015453125000000002 0.09175925925925925
0 0.2739713541666667 0.6673287037037038 0.0298359375 0.1199814814814815
0 0.22232291666666668 0.551712962962963 0.022341145833333336 0.1008425925925926
0 0.21130729166666665 0.4912407407407407 0.021255208333333334 0.07726388888888888
0 0.14346614583333334 0.5413425925925925 0.01642708333333333 0.09225925925925926
0 0.10444270833333333 0.5476898148148148 0.018765625 0.09041203703703703
1 0.1615625 0.42698148148148146 0.006052083333333333 0.012027777777777778
0 0.17609375000000002 0.4828055555555555 0.015815104166666667 0.11163425925925925
0 0.16247916666666665 0.5049907407407407 0.015953125 0.0794861111111111
0 0.16440104166666666 0.48786574074074074 0.0146953125 0.10848148148148148
0 0.267640625 0.4604259259259259 0.020854166666666667 0.07315740740740741
0 0.17388541666666668 0.4560462962962963 0.014450520833333334 0.06673611111111111
