0 0.40912760416666666 0.4802916666666667 0.019010416666666665 0.0770324074074074
0 0.4594947916666667 0.4807268518518518 0.022710937499999997 0.08748611111111111
0 0.49625260416666667 0.4192268518518518 0.010145833333333333 0.06158796296296296
0 0.08735156250000001 0.5332175925925926 0.02061197916666667 0.08383333333333334
0 0.31802604166666665 0.45991203703703704 0.019294270833333335 0.07695833333333332
0 0.18716145833333334 0.5625370370370371 0.019630208333333333 0.10123611111111111
0 0.27411718749999997 0.5120324074074074 0.021390625 0.09087037037037037
0 0.29210416666666666 0.5106064814814815 0.0153828125 0.09884722222222221
1 0.46833854166666666 0.4480092592592593 0.0054296875000000005 0.011291666666666667
0 0.4140625 0.41559259259259257 0.015729166666666666 0.05740740740740741
0 0.38910937500000004 0.42515740740740743 0.012854166666666667 0.06487037037037037
