0 0.5826796875 0.4469120370370371 0.026000000000000002 0.07452314814814814
0 0.5989973958333333 0.4895740740740741 0.016515625 0.0824074074074074
0 0.6866640625 0.5255972222222222 0.01509375 0.09651388888888889
0 0.7104401041666667 0.47848148148148145 0.011080729166666666 0.07569907407407407
0 0.7456302083333333 0.5110416666666666 0.011546875000000002 0.081875
0 0.7595572916666666 0.5095138888888888 0.02020833333333333 0.07188425925925926
0 0.7859895833333332 0.5508148148148148 0.018921874999999998 0.08512037037037037
0 0.7980442708333333 0.5211018518518519 0.012132812500000001 0.08562037037037037
0 0.814234375 0.5215462962962962 0.027348958333333333 0.07458333333333333
1 0.8276171875 0.49619444444444444 0.0059244791666666664 0.011592592592592592
0 0.8511302083333334 0.5940925925925926 0.0133359375 0.08642592592592593
0 0.9079869791666667 0.6080740740740741 0.016361979166666665 0.08468518518518518
0 0.7806640625 0.6204814814814815 0.027364583333333335 0.11989351851851852
