0 0.5898723958333334 0.6903842592592593 0.032651041666666665 0.11990277777777779
0 0.6062005208333333 0.5909444444444445 0.017127604166666664 0.10087037037037037
0 0.5623072916666667 0.5214768518518519 0.022481770833333335 0.09706481481481481
0 0.40253385416666665 0.45632407407407405 0.022734374999999998 0.074
0 0.29847395833333334 0.48530092592592594 0.020562499999999997 0.08143055555555555
0 0.26303645833333333 0.5104120370370371 0.023903645833333334 0.0936111111111111
0 0.18613802083333333 0.5145740740740741 0.017552083333333336 0.07518518518518519
0 0.15120052083333332 0.502537037037037 0.019557291666666664 0.06656944444444444
0 0.17101041666666666 0.46687500000000004 0.010364583333333333 0.07073148148148148
0 0.21555989583333332 0.49406944444444445 0.0269140625 0.07994444444444444
0 0.1808723958333333 0.5087777777777778 0.012705729166666667 0.07073148148148148
0 0.15563020833333333 0.46702314814814816 0.012705729166666667 0.06449074074074075
1 0.16708333333333333 0.40119907407407407 0.0058515625 0.010699074074074074
