0 0.41953125 0.6493055555555556 0.03671875 0.15138888888888888
0 0.45859375 0.4986111111111111 0.033984375 0.09861111111111111
0 0.332421875 0.5756944444444444 0.0359375 0.1284722222222222
0 0.35 0.48819444444444443 0.030078125 0.08472222222222223
0 0.29765625 0.4826388888888889 0.02578125 0.08194444444444444
0 0.250390625 0.5465277777777777 0.02265625 0.11041666666666666
0 0.223046875 0.5402777777777777 0.0203125 0.1
0 0.164453125 0.5444444444444444 0.026953125 0.09583333333333334
1 0.11015625 0.5131944444444444 0.0078125 0.01597222222222222
0 0.119140625 0.5277777777777778 0.018359375 0.07777777777777778
0 0.1625 0.46319444444444446 0.016796875 0.07361111111111111
0 0.201953125 0.475 0.01953125 0.07569444444444444
0 0.239453125 0.48055555555555557 0.017578125 0.08611111111111111
