0 0.533015625 0.42897222222222225 0.016966145833333335 0.06345833333333332
0 0.56775 0.5321250000000001 0.030411458333333332 0.08423148148148148
1 0.6112057291666667 0.45131018518518523 0.0062421874999999995 0.01024537037037037
0 0.6180104166666667 0.5227361111111111 0.024971354166666668 0.09162962962962963
0 0.6400989583333333 0.4530185185185185 0.010565104166666667 0.06487962962962962
0 0.6858776041666667 0.47180092592592593 0.016966145833333335 0.07341666666666667
0 0.6921197916666666 0.4982638888888889 0.019528645833333334 0.08707407407407408
0 0.6970026041666666 0.4830416666666666 0.011364583333333334 0.07597685185185186
0 0.7260520833333334 0.47450462962962964 0.020169270833333332 0.07199537037037036
0 0.7141276041666667 0.4476111111111111 0.014244791666666668 0.052925925925925925
0 0.7715104166666666 0.62475 0.033294270833333334 0.09987962962962964
0 0.7840755208333333 0.6485092592592593 0.03793489583333333 0.11894444444444445
0 0.8941197916666667 0.5644212962962963 0.017606770833333334 0.0805324074074074
