0 0.5650911458333333 0.44604166666666667 0.015903645833333334 0.07706481481481482
1 0.5989114583333334 0.45431944444444444 0.009937499999999998 0.019171296296296294
0 0.6138385416666666 0.49906944444444445 0.0188515625 0.08498148148148148
0 0.7602473958333333 0.549787037037037 0.02548177083333333 0.08827314814814814
0 0.6951276041666666 0.4574814814814815 0.025325520833333334 0.05934259259259259
0 0.5956223958333333 0.5014537037037038 0.019223958333333332 0.09539351851851853
0 0.7783802083333333 0.6102083333333334 0.026216145833333333 0.11022222222222222
0 0.7402083333333334 0.5449953703703704 0.038072916666666665 0.08658796296296296
0 0.9003880208333332 0.5632916666666666 0.022190104166666665 0.08256481481481481
0 0.7604062500000001 0.4775138888888889 0.021388020833333334 0.07145833333333333
0 0.7462968750000001 0.49643055555555554 0.0237421875 0.07427314814814816
0 0.7346041666666667 0.48617129629629635 0.023289062500000002 0.07361574074074073
0 0.7793151041666667 0.5913611111111111 0.03656510416666667 0.08956481481481482
