0 0.6032317708333333 0.4445925925925926 0.017114583333333332 0.07222222222222222
0 0.7113125 0.476837962962963 0.013330729166666666 0.07224537037037038
0 0.7464479166666667 0.5291898148148148 0.029104166666666667 0.0705787037037037
0 0.7704375 0.5956435185185185 0.025252604166666668 0.11145833333333334
0 0.7871484375000001 0.653888888888889 0.024697916666666667 0.11069444444444444
0 0.7531276041666667 0.606375 0.021125 0.09487037037037037
0 0.6579401041666666 0.4701851851851852 0.018627604166666666 0.07451851851851853
0 0.6574609375 0.4450138888888889 0.015765625 0.06685648148148148
0 0.7214765624999999 0.5313935185185185 0.020002604166666667 0.08308333333333334
0 0.7421901041666668 0.5018425925925926 0.03191145833333334 0.07299537037037036
0 0.7484375 0.5860648148148149 0.020263020833333333 0.0970462962962963
0 0.893484375 0.5664953703703705 0.01748697916666667 0.07591203703703704
