0 0.242890625 0.6519907407407407 0.023208333333333334 0.11912037037037038
0 0.16285156250000002 0.45283796296296297 0.013091145833333335 0.06781018518518518
0 0.3633177083333334 0.4887546296296296 0.018153645833333332 0.08720370370370371
0 0.2979817708333333 0.4331990740740741 0.015617187499999999 0.06247222222222222
0 0.3128932291666667 0.48967592592592596 0.018927083333333334 0.0844074074074074
0 0.28226822916666666 0.4635972222222222 0.020690104166666667 0.071125
0 0.22087239583333332 0.5281851851851852 0.0403828125 0.08786111111111111
0 0.22448958333333333 0.46985185185185185 0.012794270833333335 0.07921296296296296
0 0.19621614583333333 0.5641666666666666 0.029674479166666667 0.10225000000000001
1 0.1889765625 0.5067453703703704 0.008536458333333333 0.015083333333333332
0 0.17660416666666665 0.5678148148148148 0.023304687499999997 0.09766666666666667
0 0.21630729166666668 0.47579629629629633 0.011411458333333334 0.05752777777777778
0 0.18662239583333334 0.5733703703703704 0.020489583333333335 0.14473611111111112
