0 0.7805364583333334 0.5537685185185186 0.0252890625 0.095625
0 0.8095963541666666 0.5615231481481482 0.021419270833333334 0.09163425925925926
0 0.7973828125 0.6413564814814815 0.0326484375 0.11780092592592592
0 0.6585104166666667 0.6385185185185185 0.034692708333333336 0.1242638888888889
0 0.6985807291666667 0.5068055555555556 0.020549479166666666 0.08639814814814815
0 0.777453125 0.5064490740740741 0.01932291666666667 0.06724074074074074
0 0.7668125 0.495412037037037 0.018848958333333332 0.0752037037037037
0 0.7377578124999999 0.48510648148148144 0.02556510416666667 0.07147222222222221
0 0.5581197916666666 0.5037268518518518 0.016549479166666665 0.09094444444444444
0 0.626171875 0.4547314814814815 0.017838541666666666 0.07499074074074073
0 0.5818880208333332 0.44146296296296295 0.0220078125 0.06539814814814815
0 0.8940989583333334 0.5728981481481482 0.015721354166666666 0.07843055555555556
