0 0.6361901041666667 0.5929027777777778 0.0278671875 0.12314814814814815
0 0.7316770833333333 0.6344398148148148 0.031763020833333336 0.1262962962962963
0 0.603 0.44710648148148147 0.011411458333333334 0.06656944444444444
0 0.5406145833333333 0.5069722222222222 0.03248177083333333 0.08864814814814814
0 0.5231666666666667 0.46929166666666666 0.0166796875 0.06257870370370369
1 0.48918489583333336 0.5058101851851852 0.010604166666666666 0.014601851851851852
0 0.4979557291666667 0.516 0.03579947916666667 0.08318518518518518
0 0.49662239583333334 0.4424722222222222 0.03134375 0.06786574074074074
0 0.8922604166666667 0.5792268518518519 0.020848958333333334 0.08065277777777778
0 0.7930052083333333 0.6165555555555555 0.030109375 0.1025462962962963
0 0.6954895833333333 0.5255046296296296 0.029294270833333334 0.08656481481481482
0 0.6668098958333334 0.49547685185185186 0.025065104166666668 0.0766712962962963
0 0.6145364583333334 0.47079629629629627 0.022020833333333333 0.06639814814814814
