0 0.3369036458333333 0.6302916666666667 0.026013020833333334 0.1125462962962963
0 0.33849479166666663 0.4554490740740741 0.017083333333333332 0.07596296296296297
0 0.1399921875 0.5708842592592592 0.020885416666666667 0.10422222222222223
0 0.13904427083333332 0.5437268518518519 0.030036458333333335 0.08458333333333333
0 0.17796874999999998 0.531986111111111 0.021403645833333332 0.09608796296296297
0 0.18703125 0.5367453703703703 0.022958333333333334 0.09302314814814815
0 0.20342968749999998 0.5257731481481481 0.018643229166666667 0.09041203703703703
0 0.20666666666666667 0.49270833333333336 0.019247395833333333 0.07644907407407407
0 0.193203125 0.5065185185185185 0.013895833333333333 0.07399537037037038
1 0.1624765625 0.46447685185185184 0.005609375 0.01262037037037037
0 0.154578125 0.4614074074074074 0.011911458333333335 0.06755092592592593
0 0.17967447916666668 0.5277916666666667 0.030059895833333336 0.08666666666666666
