0 0.5335130208333333 0.45278703703703704 0.02870572916666667 0.08426388888888889
0 0.9065338541666667 0.623625 0.02032291666666667 0.10259722222222223
1 0.7509427083333333 0.6070972222222222 0.013286458333333334 0.023148148148148147
0 0.7384088541666666 0.6182129629629629 0.032028645833333334 0.12129629629629629
0 0.6117630208333333 0.44765277777777773 0.01834635416666667 0.08665277777777777
0 0.5674791666666666 0.5910046296296296 0.04681510416666667 0.12170833333333332
0 0.5600442708333334 0.5055833333333333 0.03511197916666667 0.09004629629629629
0 0.5889479166666667 0.5235138888888888 0.0304453125 0.09918981481481481
0 0.6569973958333333 0.5697731481481482 0.036059895833333334 0.1101712962962963
0 0.7515755208333333 0.5789814814814814 0.04491666666666667 0.09625462962962963
0 0.7666406250000001 0.5193657407407407 0.036296875 0.08948611111111111
0 0.7811119791666666 0.5192962962962964 0.025700520833333334 0.102
0 0.6335885416666667 0.4631203703703704 0.023408854166666666 0.09509722222222222
