0 0.6160885416666667 0.44455555555555554 0.0174140625 0.08236111111111111
0 0.6285234375000001 0.47475925925925927 0.020067708333333333 0.08925462962962963
0 0.6785104166666667 0.4932962962962963 0.02042447916666667 0.07664351851851853
0 0.7085390625 0.492087962962963 0.02744791666666667 0.08314351851851852
0 0.69725 0.4715694444444445 0.029955729166666667 0.0752361111111111
0 0.6675104166666667 0.49024074074074075 0.0235078125 0.09091666666666666
0 0.7212604166666666 0.49978240740740737 0.023794270833333336 0.12188888888888888
0 0.772859375 0.5412777777777779 0.03526041666666667 0.09997685185185184
0 0.7528645833333333 0.5030462962962963 0.03654947916666666 0.07448148148148148
0 0.7392135416666666 0.4891574074074074 0.017127604166666664 0.08492592592592592
1 0.7378854166666666 0.39052314814814815 0.012325520833333332 0.020162037037037037
0 0.7482057291666667 0.6079861111111111 0.027234374999999998 0.12764814814814815
0 0.8946588541666666 0.566125 0.0198515625 0.0859675925925926
