0 0.17922916666666666 0.4564166666666667 0.014713541666666666 0.06756018518518518
1 0.19261979166666665 0.44375 0.0053046875 0.009074074074074075
0 0.2710416666666667 0.456 0.011635416666666667 0.07096759259259258
0 0.20811979166666666 0.4381712962962963 0.0161875 0.06255555555555556
0 0.357078125 0.5346296296296296 0.026247395833333336 0.09521759259259259
0 0.43246875 0.463787037037037 0.022776041666666667 0.07779166666666666
0 0.5661041666666667 0.5418287037037036 0.0250859375 0.10150925925925926
0 0.5672083333333333 0.4735 0.014440104166666667 0.07758333333333334
0 0.7501197916666666 0.5819166666666666 0.0234296875 0.08860185185185185
0 0.7044817708333333 0.48648148148148146 0.0165625 0.07768055555555556
0 0.6956562500000001 0.47037962962962965 0.0181171875 0.08271296296296296
0 0.705875 0.46044444444444443 0.009450520833333333 0.06341666666666666
0 0.72865625 0.6011574074074074 0.021385416666666667 0.11766203703703704
