0 0.40840885416666667 0.4884398148148148 0.016763020833333333 0.08014814814814815
0 0.4553203125 0.4807037037037037 0.019557291666666664 0.08472222222222223
0 0.48819270833333334 0.43330555555555555 0.012234374999999999 0.05269907407407407
0 0.0987734375 0.5221481481481481 0.015033854166666666 0.08257870370370371
0 0.2991848958333333 0.4458009259259259 0.010307291666666666 0.06163888888888888
0 0.1869296875 0.5551111111111111 0.021015625 0.0969537037037037
0 0.19640625 0.5428703703703703 0.0204296875 0.09556944444444444
0 0.29174479166666667 0.5140972222222222 0.015622395833333334 0.09386111111111112
0 0.30468229166666666 0.5117453703703703 0.019067708333333332 0.09599537037037037
0 0.2894192708333333 0.4530648148148148 0.016104166666666666 0.05611574074074074
1 0.4481145833333333 0.4470925925925926 0.0060260416666666665 0.011967592592592594
0 0.373859375 0.425462962962963 0.020817708333333334 0.0626712962962963
0 0.34742968750000003 0.4363240740740741 0.0109765625 0.06961574074074074
