0 0.548828125 0.4326388888888889 0.020703125 0.08194444444444444
0 0.59609375 0.5194444444444445 0.03515625 0.09375
0 0.644140625 0.46805555555555556 0.021875 0.075
0 0.65234375 0.45 0.012890625 0.07361111111111111
0 0.675390625 0.5347222222222222 0.022265625 0.10347222222222222
0 0.784765625 0.6361111111111111 0.045703125 0.11736111111111111
1 0.69765625 0.5055555555555555 0.008984375 0.01597222222222222
0 0.888671875 0.56875 0.022265625 0.09930555555555555
0 0.69921875 0.4756944444444444 0.012109375 0.07083333333333333
0 0.760546875 0.5798611111111112 0.023046875 0.10972222222222222
0 0.732421875 0.5041666666666667 0.021875 0.08541666666666667
0 0.7109375 0.5083333333333333 0.02734375 0.07708333333333334
0 0.699609375 0.5229166666666667 0.040625 0.06736111111111111
