0 0.8946666666666666 0.5633564814814814 0.01778645833333333 0.08137962962962964
0 0.7763828125 0.5857916666666666 0.03008854166666667 0.10453240740740741
0 0.7316666666666667 0.525037037037037 0.02169010416666667 0.09391666666666668
0 0.7621901041666667 0.48620833333333335 0.021666666666666667 0.061689814814814815
0 0.7065807291666667 0.5614814814814815 0.029255208333333334 0.11425925925925927
0 0.5570338541666667 0.4433194444444445 0.019354166666666665 0.07475462962962963
0 0.6484296875 0.47320833333333334 0.018309895833333333 0.07268055555555555
0 0.6614166666666667 0.481537037037037 0.017916666666666668 0.0822962962962963
0 0.5730807291666667 0.5180370370370371 0.023570312500000003 0.09273611111111112
0 0.6222239583333333 0.5288842592592593 0.022463541666666666 0.09671296296296296
0 0.7857291666666666 0.5613981481481481 0.020286458333333333 0.097375
0 0.7598098958333334 0.48778240740740736 0.016919270833333333 0.07141666666666666
1 0.5668203125000001 0.5165092592592593 0.008346354166666665 0.015222222222222224
