1 0.7135755208333333 0.4757731481481482 0.010716145833333333 0.019226851851851853
0 0.6748333333333334 0.5991944444444445 0.03895833333333333 0.1205925925925926
0 0.5243567708333333 0.5051342592592593 0.024765625 0.09855092592592593
0 0.5573776041666666 0.486462962962963 0.0212890625 0.08953240740740741
0 0.7533671875 0.5013981481481481 0.018609374999999997 0.08850462962962963
0 0.8126380208333334 0.5003703703703704 0.020565104166666667 0.0812962962962963
0 0.8911380208333333 0.5752407407407407 0.018247395833333332 0.09329166666666666
0 0.6079583333333333 0.4418472222222222 0.017453125 0.07368055555555555
0 0.6396067708333334 0.4766388888888889 0.023578125000000002 0.08011574074074075
0 0.6272447916666667 0.517087962962963 0.024036458333333333 0.08470833333333333
0 0.792984375 0.5152546296296296 0.016710937500000002 0.07290277777777777
0 0.7872630208333333 0.5073194444444444 0.0212890625 0.09772685185185186
0 0.7873776041666667 0.5485787037037038 0.032963541666666665 0.08359722222222223
