0 0.3189739583333333 0.5402777777777777 0.022697916666666665 0.09760185185185184
0 0.38510416666666664 0.4930555555555556 0.021614583333333333 0.09133796296296295
0 0.27256250000000004 0.6663796296296297 0.031098958333333333 0.12051851851851851
0 0.22404947916666668 0.5501527777777777 0.019078125 0.10202777777777777
0 0.20548177083333333 0.49031018518518515 0.018096354166666665 0.07977777777777778
0 0.2583802083333333 0.4600740740740741 0.013484375 0.07518055555555556
1 0.15800260416666667 0.4033981481481482 0.0054453125 0.010907407407407407
0 0.174546875 0.4560740740740741 0.013726562500000001 0.0677175925925926
0 0.10197916666666668 0.5510046296296297 0.012377604166666667 0.09431018518518519
0 0.14395572916666666 0.5360555555555556 0.016369791666666668 0.09031944444444445
0 0.16305729166666666 0.5046712962962963 0.01684375 0.08216666666666667
0 0.16633854166666667 0.5055740740740741 0.01894010416666667 0.0851712962962963
0 0.16721875 0.48691666666666666 0.025841145833333336 0.08847685185185186
