0 0.311328125 0.4340277777777778 0.018359375 0.06805555555555555
0 0.33671875 0.4965277777777778 0.030859375 0.09722222222222222
0 0.394140625 0.4527777777777778 0.0296875 0.0763888888888889
0 0.469140625 0.5034722222222222 0.02734375 0.09305555555555556
0 0.496484375 0.5194444444444445 0.030859375 0.09375
0 0.4828125 0.4965277777777778 0.021484375 0.08402777777777778
0 0.48828125 0.5819444444444445 0.05234375 0.12291666666666666
0 0.529296875 0.5618055555555556 0.03515625 0.11805555555555555
0 0.609765625 0.46319444444444446 0.02265625 0.08055555555555556
0 0.6625 0.5506944444444445 0.031640625 0.08680555555555555
1 0.65390625 0.5409722222222222 0.010546875 0.019444444444444445
0 0.68046875 0.5125 0.0296875 0.08958333333333333
0 0.778515625 0.5958333333333333 0.028125 0.1076388888888889
