0 0.8281510416666666 0.5868518518518518 0.023177083333333334 0.09975925925925926
0 0.7419244791666666 0.5508148148148148 0.026239583333333334 0.08211111111111112
1 0.7299713541666667 0.5411527777777778 0.007580729166666666 0.015356481481481483
0 0.7510338541666666 0.5261250000000001 0.031341145833333334 0.08171296296296296
0 0.6895546874999999 0.4803796296296296 0.023395833333333334 0.07910648148148149
0 0.6336848958333333 0.5980509259259259 0.043731770833333336 0.11671296296296296
0 0.64225 0.5810694444444444 0.029809895833333332 0.11385185185185184
0 0.5543098958333333 0.5790601851851852 0.029736979166666667 0.12616203703703704
0 0.5303671875 0.48944444444444446 0.0225234375 0.09154166666666666
0 0.5059869791666667 0.49106481481481484 0.028427083333333332 0.08933796296296297
0 0.44694791666666667 0.4598425925925926 0.025802083333333333 0.08675925925925926
0 0.3871432291666667 0.5007407407407407 0.026895833333333334 0.09624537037037037
0 0.38258854166666667 0.43463425925925925 0.021721354166666665 0.07287962962962963
