0 0.5745989583333333 0.43098148148148147 0.0191171875 0.05947685185185185
0 0.6304921875 0.49824537037037037 0.018320312499999998 0.07694444444444444
1 0.6283984375 0.49445833333333333 0.0073359375000000004 0.012606481481481482
0 0.6854791666666666 0.5067916666666668 0.021130208333333334 0.0849074074074074
0 0.6878567708333333 0.459 0.018130208333333335 0.06134722222222222
0 0.6694765625 0.4478888888888889 0.012877604166666667 0.06134722222222222
0 0.7100494791666667 0.5826990740740742 0.0350078125 0.11536111111111111
0 0.7097369791666667 0.5565787037037038 0.01738020833333333 0.09202314814814816
0 0.7436197916666667 0.5770277777777778 0.0278828125 0.09380092592592593
0 0.7458697916666667 0.4994537037037037 0.020630208333333334 0.08224074074074074
0 0.708546875 0.5322407407407408 0.025255208333333334 0.08691203703703704
0 0.7361796875 0.47222685185185187 0.018505208333333335 0.07135185185185186
0 0.9060963541666667 0.5759166666666666 0.019505208333333336 0.08135185185185186
