0 0.828125 0.5868055555555556 0.023046875 0.1
0 0.741796875 0.5506944444444445 0.026171875 0.08194444444444444
1 0.730078125 0.5409722222222222 0.007421875 0.015277777777777777
0 0.751171875 0.5263888888888889 0.03125 0.08194444444444444
0 0.689453125 0.48055555555555557 0.0234375 0.07916666666666666
0 0.63359375 0.5979166666666667 0.04375 0.11666666666666667
0 0.6421875 0.58125 0.0296875 0.11388888888888889
0 0.554296875 0.5791666666666667 0.0296875 0.12638888888888888
0 0.53046875 0.4895833333333333 0.02265625 0.09166666666666666
0 0.505859375 0.4909722222222222 0.028515625 0.08958333333333333
0 0.446875 0.4597222222222222 0.02578125 0.08680555555555555
0 0.387109375 0.5006944444444444 0.026953125 0.09652777777777778
0 0.382421875 0.43472222222222223 0.021875 0.07291666666666667
