0 0.525046875 0.4975277777777778 0.016455729166666665 0.0787037037037037
1 0.5187578125 0.5266064814814815 0.006130208333333333 0.010523148148148148
0 0.5236197916666667 0.44912962962962966 0.018955729166666668 0.07339814814814814
0 0.5688619791666666 0.5120185185185185 0.017265625 0.08104166666666668
0 0.6513958333333334 0.5772083333333333 0.021322916666666667 0.101625
0 0.6726510416666667 0.5768611111111112 0.029437500000000002 0.09042129629629629
0 0.6708046875 0.4904074074074074 0.017736979166666667 0.07603703703703704
0 0.6870208333333333 0.4792592592592593 0.0198359375 0.08079166666666666
0 0.7022604166666666 0.489337962962963 0.01625 0.06690277777777777
0 0.71903125 0.48864814814814816 0.0181796875 0.08355092592592593
0 0.7626041666666666 0.5005787037037037 0.0171015625 0.0808611111111111
0 0.7507682291666666 0.47883796296296294 0.013976562500000001 0.06593518518518518
0 0.8889140624999999 0.5638194444444444 0.014903645833333333 0.07578703703703703
