0 0.7734166666666666 0.5844305555555555 0.031117187499999997 0.10388888888888889
0 0.7903932291666667 0.5539212962962963 0.024307291666666668 0.10206481481481482
0 0.8276015624999999 0.5859305555555555 0.024796875 0.10689351851851851
0 0.633359375 0.4549259259259259 0.015507812499999999 0.06818055555555556
0 0.6298333333333334 0.46912037037037035 0.018744791666666667 0.07151388888888889
0 0.6669765625 0.5533148148148148 0.030619791666666667 0.11075925925925927
0 0.8148541666666667 0.5615370370370371 0.0230078125 0.10146759259259258
0 0.6791484375 0.4906898148148149 0.025223958333333334 0.07625462962962963
0 0.659578125 0.4783055555555556 0.021419270833333334 0.08087962962962962
0 0.7451848958333334 0.5349583333333333 0.028005208333333333 0.10152777777777779
0 0.89475 0.5622314814814815 0.019171875 0.08681944444444445
0 0.5885755208333333 0.44124537037037037 0.02011197916666667 0.07262037037037038
1 0.62290625 0.4458287037037037 0.008169270833333334 0.01562962962962963
