1 0.1660390625 0.45231944444444444 0.006130208333333333 0.011032407407407407
0 0.16340885416666667 0.46114814814814814 0.015205729166666666 0.06914351851851852
0 0.18513802083333333 0.5445601851851852 0.021734374999999997 0.09472685185185185
0 0.21138802083333333 0.49699074074074073 0.0139453125 0.08227314814814815
0 0.19154427083333334 0.5128148148148148 0.023166666666666665 0.0819861111111111
0 0.24046874999999998 0.6543194444444445 0.04116666666666667 0.11231481481481481
0 0.2821197916666666 0.5745509259259259 0.0224609375 0.11176388888888888
0 0.3056432291666667 0.4855694444444444 0.019796875 0.08391666666666667
0 0.34159375000000003 0.45782407407407405 0.01425 0.075625
0 0.18880208333333334 0.503087962962963 0.011690104166666666 0.07566666666666666
0 0.17806510416666665 0.49054629629629626 0.010419270833333332 0.05589814814814815
0 0.19148958333333335 0.48479629629629634 0.014671875000000001 0.07421296296296297
0 0.3015598958333333 0.47551851851851845 0.011432291666666667 0.08156481481481481
