0 0.16623437500000002 0.45013888888888887 0.009760416666666666 0.061875
0 0.17837760416666668 0.5310277777777778 0.016307291666666664 0.09252777777777778
0 0.2030078125 0.5111481481481481 0.015026041666666667 0.09367592592592593
0 0.341734375 0.49943518518518515 0.020924479166666666 0.08771296296296296
0 0.39685156250000003 0.4978148148148148 0.027976562500000003 0.09134722222222222
0 0.4807239583333333 0.46284722222222224 0.03137239583333333 0.0749212962962963
0 0.7265312500000001 0.586662037037037 0.02575260416666667 0.09676388888888889
1 0.7100963541666666 0.6047685185185185 0.006888020833333333 0.013078703703703703
0 0.6776067708333334 0.5538842592592593 0.019658854166666666 0.0981712962962963
0 0.6518151041666667 0.5327037037037038 0.020549479166666666 0.09329629629629631
0 0.6215104166666666 0.573162037037037 0.020466145833333334 0.10725462962962963
0 0.5405859375 0.4430324074074074 0.024734375 0.07306944444444445
0 0.84021875 0.6569907407407407 0.023106770833333335 0.09720833333333333
