0 0.2984348958333333 0.49225 0.03097135416666667 0.07976851851851853
0 0.24498177083333333 0.4992037037037037 0.02059375 0.08685185185185185
0 0.21876041666666665 0.5459212962962964 0.021080729166666666 0.10230092592592592
0 0.19503385416666666 0.5174907407407408 0.026997395833333333 0.09297222222222222
1 0.20503645833333334 0.5121342592592593 0.005856770833333333 0.011106481481481481
0 0.28946875 0.5769212962962963 0.029203125 0.11022685185185185
0 0.24565104166666665 0.6608888888888889 0.022893229166666664 0.11423611111111111
0 0.15703385416666665 0.4650277777777778 0.017427083333333333 0.0682962962962963
0 0.26170052083333334 0.47441203703703705 0.018494791666666666 0.07511111111111111
0 0.2655416666666667 0.4649583333333333 0.014192708333333333 0.06912962962962962
0 0.21966145833333334 0.4867916666666667 0.023005208333333336 0.07786574074074074
0 0.20206249999999998 0.5217824074074073 0.0150078125 0.07768055555555556
0 0.33511979166666667 0.4576898148148148 0.022700520833333335 0.06569444444444444
