0 0.4393723958333334 0.5819583333333334 0.036393229166666666 0.10989814814814815
0 0.6421796875 0.5038981481481482 0.027768229166666665 0.09653703703703705
0 0.5285494791666667 0.43050925925925926 0.023864583333333335 0.07325925925925926
0 0.6517630208333334 0.4691388888888889 0.02021614583333333 0.09056481481481482
0 0.33803385416666665 0.441587962962963 0.02219270833333333 0.07412962962962963
0 0.6379869791666667 0.4372685185185185 0.0189140625 0.06733333333333333
0 0.30581510416666663 0.5013888888888889 0.02453125 0.08887962962962963
0 0.5982421875 0.5230231481481482 0.022833333333333334 0.09639814814814815
0 0.6699973958333333 0.523074074074074 0.023234374999999998 0.09773611111111112
0 0.5704322916666666 0.44530092592592596 0.017260416666666667 0.07431018518518519
1 0.3261145833333333 0.5339861111111112 0.008346354166666665 0.015222222222222224
0 0.883984375 0.6084120370370371 0.026291666666666665 0.09218055555555556
0 0.6388072916666666 0.4696388888888889 0.018010416666666664 0.07027777777777779
