0 0.264453125 0.43680555555555556 0.027734375 0.07152777777777777
0 0.349609375 0.4527777777777778 0.023046875 0.075
0 0.314453125 0.4909722222222222 0.02421875 0.09236111111111112
0 0.395703125 0.5708333333333333 0.035546875 0.12777777777777777
0 0.423046875 0.5013888888888889 0.025 0.10347222222222222
0 0.446484375 0.49444444444444446 0.021875 0.09652777777777778
0 0.45625 0.5506944444444445 0.037890625 0.1111111111111111
0 0.469921875 0.5118055555555555 0.024609375 0.0875
0 0.582421875 0.55 0.03828125 0.09444444444444444
1 0.555859375 0.5756944444444444 0.010546875 0.020833333333333332
0 0.555078125 0.45069444444444445 0.022265625 0.0763888888888889
0 0.628515625 0.50625 0.028125 0.10277777777777777
0 0.725390625 0.6041666666666666 0.0453125 0.125
