0 0.3808255208333333 0.5257962962962963 0.043559895833333334 0.07388888888888889
0 0.3490078125 0.5119166666666667 0.01984375 0.07368055555555555
0 0.49567187500000004 0.4918888888888889 0.0149609375 0.0753425925925926
0 0.13046354166666668 0.48937037037037034 0.0133828125 0.07528703703703704
0 0.29827864583333336 0.4467916666666667 0.015088541666666667 0.06918981481481482
0 0.16614583333333333 0.5487777777777777 0.021065104166666668 0.09303703703703704
0 0.174453125 0.5384537037037037 0.021710937500000003 0.0850324074074074
0 0.2998359375 0.5165879629629629 0.017065104166666668 0.08631018518518518
0 0.31589843749999996 0.5222175925925926 0.0235546875 0.09585648148148149
0 0.24095052083333332 0.48233796296296294 0.014341145833333334 0.08560185185185186
1 0.3800572916666667 0.5245972222222223 0.0067317708333333335 0.012935185185185185
0 0.21272135416666668 0.4780185185185185 0.022390625 0.07435185185185185
0 0.28073177083333334 0.4685787037037037 0.01680989583333333 0.07295370370370372
