0 0.6020156249999999 0.5268240740740741 0.022570312500000002 0.09335185185185184
0 0.6031484375 0.44106944444444446 0.0151484375 0.06856944444444445
0 0.6331536458333333 0.4678333333333333 0.01865625 0.07271296296296297
0 0.6352708333333333 0.4504490740740741 0.020455729166666665 0.06766203703703703
0 0.6436015625 0.5254722222222222 0.027489583333333335 0.08810185185185186
0 0.6602265625 0.48261111111111116 0.0218203125 0.07546296296296297
0 0.6661484375000001 0.4465925925925926 0.010088541666666668 0.03802777777777778
0 0.7340182291666667 0.5014768518518519 0.02140625 0.08140740740740741
1 0.7311510416666667 0.5254814814814814 0.007880208333333335 0.012847222222222222
0 0.7458854166666666 0.6013055555555555 0.02746875 0.12541666666666665
0 0.7674583333333334 0.49974537037037037 0.0204375 0.06763425925925926
0 0.7697604166666667 0.5371111111111111 0.0275625 0.07796296296296297
0 0.8914010416666667 0.562625 0.0157578125 0.07579629629629629
