0 0.6241692708333333 0.5650694444444444 0.025114583333333333 0.12090277777777776
0 0.6887760416666667 0.5482361111111111 0.023919270833333332 0.10853703703703703
0 0.6309192708333333 0.48615740740740737 0.0210078125 0.08134722222222222
1 0.6235911458333334 0.4795555555555555 0.009533854166666666 0.015421296296296298
0 0.7140208333333333 0.5044444444444444 0.021447916666666667 0.09061574074074073
0 0.7110625 0.49086574074074074 0.016065104166666667 0.07381481481481482
0 0.8070078125 0.6376898148148149 0.0305390625 0.12361574074074073
0 0.80034375 0.5924027777777777 0.023036458333333332 0.10554166666666667
0 0.6647239583333333 0.47611111111111115 0.01729947916666667 0.06502314814814815
0 0.6586458333333333 0.46605555555555556 0.022049479166666667 0.06348148148148149
0 0.6327447916666666 0.46356018518518516 0.014760416666666666 0.08097685185185186
0 0.8983515625 0.588412037037037 0.021385416666666667 0.10661111111111111
0 0.5237864583333333 0.4398564814814815 0.022236979166666667 0.08403703703703704
