0 0.2928151041666667 0.6445972222222222 0.021328125 0.11439351851851852
0 0.4317213541666666 0.544337962962963 0.026932291666666667 0.09704166666666668
0 0.36999479166666666 0.4800740740740741 0.016268229166666665 0.0893287037037037
0 0.3074557291666667 0.5150972222222222 0.0144609375 0.09575925925925927
0 0.3011302083333333 0.43315740740740744 0.016630208333333334 0.063625
0 0.22711197916666667 0.5054583333333333 0.023677083333333335 0.08740277777777777
0 0.24943489583333334 0.4869814814814815 0.031450520833333336 0.06844444444444445
1 0.24148177083333333 0.48376851851851854 0.005059895833333333 0.010601851851851852
0 0.200453125 0.5154212962962963 0.01590625 0.09318518518518519
0 0.20876562499999998 0.4956574074074074 0.011567708333333334 0.07422685185185186
0 0.2774505208333334 0.4619166666666667 0.025666666666666667 0.07037037037037037
0 0.2660651041666667 0.4559722222222222 0.013013020833333333 0.07197685185185185
0 0.16113802083333334 0.46111574074074074 0.012109375 0.07069444444444443
