0 0.8868020833333333 0.5628101851851852 0.02119270833333333 0.08359722222222223
0 0.5782317708333333 0.44406944444444446 0.017713541666666666 0.08369907407407406
1 0.631375 0.4398472222222222 0.006958333333333333 0.019018518518518518
0 0.6201458333333334 0.5273796296296297 0.028783854166666668 0.10833333333333334
0 0.6294375 0.4716296296296296 0.026018229166666667 0.08258333333333333
0 0.6431588541666666 0.4906805555555555 0.024830729166666666 0.08835648148148148
0 0.7331119791666667 0.6146990740740741 0.032502604166666664 0.12269907407407406
0 0.67921875 0.522037037037037 0.03463802083333333 0.10326851851851852
0 0.7375 0.561337962962963 0.026255208333333332 0.09892129629629628
0 0.753078125 0.49201388888888886 0.026411458333333335 0.0811851851851852
0 0.7431927083333334 0.4741574074074074 0.023091145833333333 0.07414814814814814
0 0.6927395833333333 0.48638888888888887 0.022143229166666667 0.07556018518518519
0 0.68696875 0.49946759259259255 0.021666666666666667 0.08765277777777779
