0 0.4291927083333333 0.4326388888888889 0.025020833333333332 0.07191666666666667
0 0.5102526041666666 0.49856018518518525 0.02285677083333333 0.08584259259259258
0 0.49323697916666664 0.4881712962962963 0.0256484375 0.08562499999999999
0 0.5336119791666667 0.502 0.028755208333333334 0.09687037037037037
0 0.5450625 0.5731435185185185 0.027283854166666666 0.1117824074074074
0 0.567921875 0.554875 0.022598958333333332 0.11102314814814815
0 0.6022265625000001 0.47250000000000003 0.023234374999999998 0.07702314814814815
0 0.6555703125 0.5549768518518519 0.026973958333333332 0.10204629629629629
0 0.704984375 0.47862962962962957 0.012614583333333334 0.06795370370370371
1 0.7067369791666667 0.4744675925925925 0.005028645833333333 0.01
0 0.7388333333333333 0.4759398148148148 0.01935677083333333 0.06662962962962962
0 0.7932708333333333 0.5287592592592593 0.018083333333333333 0.07422685185185186
0 0.852453125 0.6318518518518518 0.017640625 0.08543518518518518
