0 0.52409375 0.5575231481481482 0.03274479166666667 0.10875462962962963
0 0.5728385416666666 0.593287037037037 0.025080729166666666 0.11530092592592593
0 0.5516562500000001 0.5130370370370371 0.0312890625 0.09543981481481481
0 0.7668828125 0.6403981481481481 0.04064322916666666 0.10804629629629629
0 0.21746354166666665 0.4587731481481482 0.026348958333333335 0.06792592592592593
0 0.2716015625 0.49994907407407413 0.030976562500000002 0.08885185185185185
0 0.17332552083333336 0.5149074074074075 0.0211875 0.07425925925925926
1 0.16704947916666668 0.4942916666666667 0.007671875 0.012949074074074073
0 0.41126822916666667 0.48893518518518514 0.034398437500000004 0.0942638888888889
0 0.38841927083333333 0.46702777777777776 0.022755208333333332 0.08793055555555555
0 0.40604427083333333 0.5769351851851852 0.03704166666666667 0.11938425925925926
0 0.2163125 0.503875 0.02071614583333333 0.07993518518518518
0 0.17415624999999998 0.4763657407407408 0.027216145833333334 0.07681018518518519
