0 0.20086718750000002 0.5339629629629629 0.013091145833333335 0.09609722222222222
0 0.21759635416666667 0.5385972222222222 0.024744791666666665 0.08538888888888889
0 0.2520078125 0.47646759259259264 0.018588541666666666 0.08666666666666666
0 0.2597083333333333 0.47050462962962963 0.0173828125 0.07206018518518519
0 0.23070312499999998 0.4397175925925926 0.016640625 0.060583333333333336
0 0.23995833333333336 0.45388425925925924 0.015117187499999999 0.07043055555555555
0 0.32539583333333333 0.4503611111111111 0.016078125000000002 0.06517592592592593
0 0.34719791666666666 0.43516203703703704 0.014059895833333334 0.06519444444444444
0 0.3578385416666666 0.5006990740740741 0.020078125 0.09040277777777778
1 0.35926302083333334 0.47302314814814816 0.0061484375 0.012393518518518519
0 0.3136640625 0.5035601851851852 0.016432291666666668 0.07972222222222222
0 0.326359375 0.6721712962962964 0.0294140625 0.12292129629629629
0 0.1554765625 0.4555 0.011208333333333332 0.06740277777777778
