0 0.5228359375 0.509962962962963 0.023171875 0.09919444444444445
0 0.5774348958333333 0.484337962962963 0.01940625 0.09687037037037037
0 0.6069088541666667 0.44725462962962964 0.016075520833333332 0.08449537037037036
0 0.8911015624999999 0.5683518518518519 0.018901041666666667 0.08852314814814816
0 0.7031484375 0.5355833333333333 0.02461979166666667 0.09637037037037037
0 0.7854114583333334 0.5098333333333334 0.0153515625 0.08606018518518518
0 0.7555390625 0.5069351851851852 0.022955729166666668 0.08155555555555555
0 0.7185364583333332 0.48349999999999993 0.022809895833333333 0.08103240740740741
0 0.7752369791666667 0.47764351851851855 0.02469270833333333 0.08347685185185186
0 0.6602786458333333 0.49875925925925924 0.031572916666666666 0.09481481481481482
1 0.69728125 0.5267592592592593 0.03171875 0.04396296296296296
0 0.7300859375000001 0.532625 0.023463541666666664 0.0981712962962963
0 0.6924296875 0.5456296296296296 0.026359375 0.12160648148148148
