0 0.24034635416666666 0.6115648148148148 0.034770833333333334 0.11382407407407408
0 0.28534114583333337 0.5392222222222223 0.0298046875 0.10024074074074074
0 0.25424739583333333 0.5028796296296296 0.024932291666666665 0.08325925925925926
0 0.27182291666666664 0.4581296296296296 0.016526041666666668 0.07018055555555555
0 0.3176276041666667 0.4631388888888889 0.024072916666666666 0.07170833333333333
0 0.3569375 0.46143981481481483 0.030091145833333333 0.07408796296296297
0 0.42127604166666666 0.5655416666666666 0.045661458333333335 0.10397685185185185
0 0.5199088541666667 0.6218425925925927 0.04480208333333333 0.11739351851851852
1 0.538296875 0.6420509259259259 0.008596354166666665 0.018212962962962966
0 0.5478489583333332 0.5750555555555555 0.03095052083333333 0.1032962962962963
0 0.5716354166666666 0.487337962962963 0.0269375 0.08478703703703704
0 0.4889088541666667 0.44284259259259257 0.03190625 0.06916203703703704
0 0.6250078125 0.7076944444444444 0.0494609375 0.12181481481481482
