0 0.35662760416666667 0.6547453703703704 0.025614583333333333 0.12185648148148147
0 0.33346354166666664 0.4529351851851852 0.01225 0.0717037037037037
0 0.267546875 0.4627685185185185 0.016874999999999998 0.07860648148148147
0 0.23752604166666666 0.5077175925925926 0.0206015625 0.0842175925925926
0 0.23434375 0.46709259259259256 0.0229296875 0.058361111111111114
0 0.18559374999999997 0.5516898148148148 0.017994791666666666 0.10195833333333333
0 0.16508593749999997 0.5092731481481482 0.019546875000000002 0.07581018518518519
0 0.1875182291666667 0.482962962962963 0.022958333333333334 0.09004166666666667
0 0.18568749999999998 0.5337083333333333 0.023393229166666665 0.09291203703703703
0 0.18286458333333336 0.5260972222222222 0.021966145833333332 0.09225
1 0.18828385416666665 0.4418564814814815 0.0059765625 0.011393518518518518
0 0.1754453125 0.4489490740740741 0.013789062500000001 0.06414351851851853
0 0.1463203125 0.45831481481481484 0.007794270833333334 0.060148148148148145
