0 0.6124921874999999 0.43806944444444446 0.0171875 0.08721296296296296
0 0.718765625 0.4940416666666667 0.02362239583333333 0.06609722222222222
0 0.7291484374999999 0.5012916666666667 0.015783854166666667 0.07457407407407408
0 0.7460416666666667 0.5116481481481482 0.018643229166666667 0.07118055555555555
0 0.7570052083333334 0.4992222222222222 0.014513020833333333 0.06930092592592592
0 0.7923333333333333 0.5170185185185185 0.025635416666666667 0.09622685185185186
0 0.7453020833333334 0.5639074074074074 0.02266927083333333 0.0751388888888889
0 0.7625677083333334 0.5560925925925926 0.015252604166666666 0.09943055555555556
0 0.7876718749999999 0.5557175925925926 0.0163125 0.10319444444444445
0 0.8330625 0.5447916666666667 0.022138020833333334 0.07984722222222222
0 0.8743203125 0.5539259259259259 0.024151041666666664 0.07890277777777778
1 0.8827421875 0.5469583333333333 0.005401041666666666 0.010356481481481482
0 0.9370286458333333 0.6123055555555555 0.01821875 0.09773611111111112
