0 0.596484375 0.525 0.0265625 0.10416666666666667
0 0.544921875 0.43194444444444446 0.01640625 0.075
0 0.65078125 0.46597222222222223 0.016015625 0.07430555555555556
0 0.648046875 0.4527777777777778 0.014453125 0.07291666666666667
0 0.7015625 0.47708333333333336 0.017578125 0.07222222222222222
0 0.728515625 0.5034722222222222 0.024609375 0.08611111111111111
0 0.678125 0.5451388888888888 0.021875 0.09652777777777778
0 0.7609375 0.5770833333333333 0.024609375 0.10833333333333334
0 0.7765625 0.6333333333333333 0.040234375 0.11805555555555555
0 0.693359375 0.50625 0.021875 0.08333333333333333
0 0.674609375 0.5131944444444444 0.04140625 0.06388888888888888
0 0.88828125 0.5701388888888889 0.02578125 0.10138888888888889
