0 0.264125 0.6296388888888889 0.02070572916666667 0.113
0 0.13242447916666666 0.5846944444444445 0.029375 0.07961574074074074
0 0.273515625 0.5819120370370371 0.026484375 0.11343055555555555
0 0.25485416666666666 0.43531018518518516 0.017575520833333334 0.062495370370370375
0 0.21958333333333335 0.4601388888888889 0.014927083333333334 0.07105555555555555
0 0.1832265625 0.5177083333333333 0.024557291666666665 0.07319444444444444
0 0.15806510416666666 0.557300925925926 0.0267265625 0.10443981481481482
0 0.147953125 0.5453148148148149 0.025281249999999998 0.08903240740740741
0 0.26063281250000003 0.5311898148148148 0.031059895833333333 0.09502314814814815
0 0.19959895833333335 0.4935231481481481 0.02744791666666667 0.07790277777777778
0 0.23318489583333332 0.49074074074074076 0.03154166666666667 0.06976851851851851
0 0.1685390625 0.45499999999999996 0.016372395833333334 0.0693425925925926
