1 0.7541380208333333 0.5264583333333334 0.006244791666666667 0.011745370370370371
0 0.7372317708333332 0.5398333333333333 0.022484375 0.09385185185185185
0 0.7471093750000001 0.549699074074074 0.026231770833333334 0.06688888888888889
0 0.7665338541666666 0.553425925925926 0.028244791666666665 0.07886111111111112
0 0.7667031249999999 0.5029351851851851 0.030869791666666667 0.07671296296296296
0 0.7930729166666667 0.5569999999999999 0.0208125 0.08074074074074074
0 0.7808880208333334 0.570699074074074 0.0262109375 0.0935462962962963
0 0.8388151041666667 0.6409444444444444 0.030783854166666666 0.11204166666666666
0 0.8978437499999999 0.5671712962962963 0.0177421875 0.0870462962962963
0 0.723140625 0.4776898148148148 0.016638020833333333 0.07635185185185185
0 0.6934453125 0.4686203703703704 0.021049479166666666 0.06979629629629629
0 0.6755989583333334 0.45244907407407403 0.012260416666666666 0.0728287037037037
0 0.6044557291666667 0.4339398148148148 0.01884375 0.05814814814814814
