0 0.30344791666666665 0.608638888888889 0.027893229166666665 0.12410648148148148
0 0.32823958333333336 0.49123148148148144 0.01891666666666667 0.08762962962962963
0 0.29553906249999995 0.48391666666666666 0.016565104166666667 0.08819907407407407
0 0.28159375 0.4822037037037037 0.02265625 0.08212037037037037
0 0.24424479166666666 0.4850555555555556 0.0276796875 0.07414351851851853
0 0.24702083333333333 0.5743472222222222 0.020838541666666665 0.0992175925925926
0 0.2036536458333333 0.4745972222222223 0.016096354166666667 0.07187037037037038
0 0.1691901041666667 0.5235694444444445 0.019304687499999997 0.08694444444444445
0 0.16388281249999997 0.5046990740740741 0.014528645833333333 0.09756018518518518
0 0.15408072916666665 0.4539722222222222 0.011505208333333333 0.05615277777777778
0 0.1446015625 0.5066851851851852 0.0257421875 0.08552777777777779
0 0.2579635416666667 0.6687777777777778 0.031057291666666667 0.11791203703703704
1 0.15552083333333336 0.3825462962962963 0.006643229166666667 0.011879629629629629
