0 0.5944375 0.4508101851851852 0.033127604166666665 0.06916666666666667
0 0.6075390625 0.48756018518518524 0.019059895833333333 0.08179166666666667
0 0.6934869791666666 0.5263472222222223 0.019817708333333333 0.09485648148148147
0 0.7063333333333334 0.4799861111111111 0.0130859375 0.07293981481481482
0 0.7531067708333333 0.5167361111111112 0.020908854166666668 0.07664351851851853
0 0.7640807291666667 0.5029490740740741 0.014981770833333333 0.08143981481481481
0 0.7874791666666667 0.5466157407407408 0.02119270833333333 0.08583333333333333
0 0.7991901041666666 0.522800925925926 0.010856770833333333 0.08338425925925927
0 0.8107343749999999 0.5179537037037036 0.024273437499999998 0.075375
1 0.8168802083333334 0.4802777777777778 0.005815104166666666 0.011712962962962963
0 0.8574973958333333 0.5876111111111111 0.020916666666666663 0.08603703703703704
0 0.9091302083333334 0.6065277777777778 0.015635416666666666 0.08283796296296296
0 0.7946536458333333 0.6264953703703704 0.023028645833333337 0.11615277777777777
