0 0.6782343750000001 0.6733194444444444 0.037096354166666665 0.11437037037037037
0 0.5690208333333333 0.6057592592592593 0.028276041666666665 0.11760185185185186
0 0.5931458333333333 0.5338148148148149 0.025164062499999997 0.09638425925925925
0 0.4490442708333333 0.45610648148148153 0.025421875 0.07471296296296297
0 0.18055208333333334 0.49323148148148155 0.018677083333333334 0.0760925925925926
1 0.19751302083333336 0.43322685185185184 0.005184895833333333 0.010944444444444444
0 0.20188802083333332 0.4572777777777778 0.0181484375 0.0642361111111111
0 0.23340104166666667 0.5061064814814815 0.02997395833333333 0.08468518518518518
0 0.3648880208333333 0.5183472222222223 0.027869791666666664 0.10398611111111111
0 0.37388020833333335 0.49170370370370364 0.020252604166666667 0.08756944444444445
0 0.3172526041666667 0.48853240740740744 0.021388020833333334 0.08583796296296296
0 0.19508333333333333 0.5593935185185185 0.020091145833333334 0.1019675925925926
0 0.1978359375 0.47657870370370375 0.0175 0.09016203703703704
