1 0.43760156250000004 0.42381481481481487 0.0340546875 0.06059722222222222
0 0.6021328125000001 0.530611111111111 0.10270312499999999 0.3714074074074074
0 0.021484375 0.5600231481481482 0.04296875 0.3290324074074074
0 0.23661458333333335 0.29187962962962966 0.1008359375 0.2874583333333333
0 0.365546875 0.3408611111111111 0.1086953125 0.2696898148148148
0 0.6965494791666667 0.37634259259259256 0.07538802083333333 0.3036111111111111
0 0.8018203125 0.5472083333333333 0.08541145833333334 0.28885648148148146
0 0.8157109375 0.2957407407407407 0.07673437500000001 0.2488888888888889
0 0.9739583333333334 0.5151851851851852 0.052083333333333336 0.3405601851851852
0 0.5025026041666666 0.47237962962962965 0.09529166666666668 0.30587037037037035
0 0.4445520833333333 0.46929166666666666 0.10525000000000001 0.31204166666666666
