0 0.45763020833333334 0.34041666666666665 0.08726822916666667 0.20813888888888887
0 0.49466145833333336 0.2752361111111111 0.07538281250000001 0.21206944444444445
0 0.5380416666666666 0.34168055555555554 0.03941927083333333 0.22366666666666668
0 0.579796875 0.3827731481481481 0.08168229166666667 0.2588796296296296
0 0.580203125 0.5490972222222222 0.07233593749999999 0.3199722222222222
0 0.7056718750000001 0.43903703703703706 0.08960677083333332 0.24569444444444447
0 0.7320364583333333 0.714837962962963 0.10474479166666667 0.3804166666666667
0 0.9442161458333334 0.6763518518518519 0.08757291666666665 0.29844907407407406
0 0.8258593750000001 0.37778703703703703 0.039825520833333336 0.22369907407407408
1 0.8061197916666667 0.35727314814814815 0.015229166666666665 0.035759259259259255
