0 0.7748463541666666 0.33091666666666664 0.06614322916666666 0.1958564814814815
1 0.7997005208333333 0.35688425925925926 0.013648437499999999 0.02876851851851852
0 0.7043151041666668 0.3903009259259259 0.06696354166666667 0.20173611111111112
0 0.5998958333333333 0.3045231481481481 0.07041666666666666 0.20913425925925927
0 0.42253385416666667 0.3403425925925926 0.055802083333333335 0.23742129629629632
0 0.4520390625 0.38237037037037036 0.06744531250000001 0.2575648148148148
0 0.5688645833333333 0.40579166666666666 0.06102083333333333 0.2735231481481481
0 0.5634036458333332 0.5608842592592592 0.12236458333333333 0.350162037037037
0 0.8402473958333334 0.5369675925925925 0.085109375 0.29665277777777777
0 0.7324583333333333 0.7685000000000001 0.15937760416666666 0.3802824074074074
