1 0.6988932291666666 0.18788425925925925 0.018453125 0.02939814814814815
0 0.72684375 0.26494907407407403 0.06783854166666667 0.20900462962962962
0 0.7224739583333334 0.32625925925925925 0.049981770833333335 0.19442592592592592
0 0.63946875 0.28829629629629633 0.0396171875 0.23755555555555555
0 0.5896718750000001 0.4338194444444444 0.048671875 0.2683611111111111
0 0.7459609374999999 0.5864074074074075 0.058127604166666666 0.3005231481481481
0 0.869828125 0.554837962962963 0.05120833333333333 0.27675
0 0.8878203125 0.5195787037037037 0.05951041666666667 0.23575925925925925
0 0.38352604166666665 0.23766666666666666 0.030174479166666667 0.21027777777777779
0 0.3805546875 0.3175925925925926 0.040078125 0.22645833333333332
0 0.9844140625000001 0.8541388888888889 0.031174479166666665 0.2622685185185185
