0 0.16771354166666666 0.30921759259259257 0.07072135416666667 0.19050925925925927
1 0.19730208333333332 0.3372731481481481 0.017804687500000003 0.029921296296296293
0 0.27688541666666666 0.42362037037037037 0.06976822916666667 0.26664351851851853
0 0.327421875 0.39874537037037033 0.058046875000000005 0.25054629629629627
0 0.36765885416666666 0.4350185185185185 0.0737109375 0.25881018518518517
0 0.43598437500000004 0.43479166666666663 0.05969010416666667 0.26824537037037033
0 0.44749218749999997 0.3814444444444444 0.03725 0.2567175925925926
0 0.49959895833333334 0.5224444444444445 0.12799739583333333 0.33985185185185185
0 0.7592630208333334 0.5618703703703705 0.054736979166666665 0.33581944444444445
0 0.9050156250000001 0.6727361111111111 0.15853385416666665 0.3235925925925926
