1 0.682421875 0.28541666666666665 0.02890625 0.06597222222222222
0 0.61484375 0.38333333333333336 0.101953125 0.2673611111111111
0 0.86484375 0.59375 0.07578125 0.3590277777777778
0 0.830078125 0.44166666666666665 0.06171875 0.30486111111111114
0 0.94921875 0.44375 0.1015625 0.26180555555555557
0 0.018359375 0.4201388888888889 0.036328125 0.28958333333333336
0 0.238671875 0.2673611111111111 0.076171875 0.26180555555555557
0 0.474609375 0.29791666666666666 0.081640625 0.23819444444444443
0 0.46953125 0.2263888888888889 0.09140625 0.22083333333333333
0 0.659765625 0.30972222222222223 0.0796875 0.2263888888888889
0 0.3421875 0.325 0.084375 0.2652777777777778
