0 0.5904114583333333 0.42765277777777777 0.08967447916666667 0.21024537037037036
0 0.6086432291666667 0.44422222222222224 0.08968229166666666 0.33134259259259263
0 0.6177604166666666 0.5367824074074075 0.09228906249999999 0.3683148148148148
0 0.8098515625 0.5830694444444445 0.09366145833333334 0.34977777777777774
0 0.9654947916666666 0.5259861111111112 0.06901041666666667 0.3282083333333333
0 0.8081145833333333 0.3084722222222222 0.08497916666666666 0.22650925925925924
0 0.6631197916666667 0.34394444444444444 0.0606171875 0.2881990740740741
0 0.39766666666666667 0.3424027777777778 0.06355989583333334 0.30362962962962964
0 0.2908776041666667 0.2548564814814815 0.0791484375 0.23502314814814815
0 0.021484375 0.5707268518518518 0.04296875 0.32509722222222226
