0 0.8660651041666667 0.2764537037037037 0.062859375 0.26895370370370375
0 0.6767968750000001 0.5144166666666667 0.09057552083333334 0.31433333333333335
0 0.7336640625 0.3670879629629629 0.08451822916666667 0.29744444444444446
0 0.1784453125 0.6139212962962962 0.08865885416666666 0.3744444444444444
0 0.5161848958333334 0.5923240740740741 0.14955468749999998 0.33743055555555557
1 0.37227083333333333 0.23096759259259259 0.05008854166666667 0.0730462962962963
0 0.024088541666666668 0.5360138888888889 0.048177083333333336 0.3544305555555556
0 0.13959114583333332 0.4673657407407407 0.07605729166666667 0.3035601851851852
0 0.12960416666666666 0.32080555555555557 0.06650260416666667 0.28821296296296295
0 0.22706510416666664 0.37018055555555557 0.097359375 0.2573240740740741
