0 0.34620833333333334 0.31154166666666666 0.048611979166666666 0.2398564814814815
0 0.5902786458333333 0.4429537037037037 0.053820312499999995 0.2804583333333333
0 0.7860234375 0.5669120370370371 0.05150520833333334 0.2845416666666667
0 0.8446171875 0.527050925925926 0.06597135416666668 0.2511203703703703
0 0.9755494791666667 0.7371574074074074 0.044270833333333336 0.31690277777777776
0 0.3349244791666666 0.23850925925925923 0.04369270833333334 0.21106944444444445
0 0.6263020833333334 0.2880138888888889 0.0627890625 0.22263425925925925
0 0.6848229166666666 0.24185185185185185 0.03833854166666666 0.18381018518518516
0 0.6265182291666667 0.26872685185185186 0.04644010416666667 0.17891666666666667
1 0.6885859375 0.2367175925925926 0.017794270833333334 0.044939814814814814
