1 0.16635416666666666 0.37351388888888887 0.017848958333333335 0.033166666666666664
0 0.1441875 0.33905092592592595 0.07705989583333334 0.17722685185185186
0 0.25740625 0.4051851851851852 0.10591927083333334 0.23280092592592594
0 0.3222057291666667 0.3970972222222222 0.053783854166666666 0.2489722222222222
0 0.34475260416666664 0.4206342592592593 0.04922135416666666 0.260125
0 0.4257213541666667 0.41148148148148145 0.0484453125 0.2821944444444444
0 0.4187578125 0.40238888888888885 0.046140625000000005 0.2628101851851852
0 0.4955364583333333 0.5164768518518518 0.1060234375 0.3454814814814815
0 0.7633307291666667 0.511625 0.059786458333333334 0.311412037037037
0 0.8943593750000001 0.6746851851851852 0.15209375 0.32163425925925926
