0 0.601953125 0.31805555555555554 0.0921875 0.275
0 0.680078125 0.2625 0.07890625 0.2659722222222222
0 0.671484375 0.49722222222222223 0.090625 0.35138888888888886
0 0.7421875 0.5770833333333333 0.10703125 0.30277777777777776
0 0.910546875 0.5409722222222222 0.07109375 0.30833333333333335
0 0.937890625 0.46944444444444444 0.041796875 0.2722222222222222
0 0.9796875 0.4736111111111111 0.040234375 0.2673611111111111
0 0.95703125 0.5409722222222222 0.0859375 0.25972222222222224
0 0.322265625 0.3486111111111111 0.08203125 0.25069444444444444
0 0.2984375 0.2777777777777778 0.066796875 0.22916666666666666
0 0.01796875 0.525 0.0359375 0.3333333333333333
1 0.971875 0.40902777777777777 0.02734375 0.049305555555555554
