1 0.8990234375 0.35987962962962966 0.016591145833333334 0.03148148148148148
0 0.8978125 0.4159537037037037 0.07248958333333334 0.19978703703703704
0 0.13467447916666667 0.3663703703703704 0.04563541666666667 0.23557407407407407
0 0.8430911458333333 0.4480324074074074 0.08901822916666666 0.22277314814814814
0 0.6336875000000001 0.4847731481481481 0.07127864583333333 0.2887268518518518
0 0.5188385416666667 0.32785185185185184 0.05459895833333333 0.22705092592592593
0 0.545703125 0.3964398148148148 0.05744791666666667 0.24039814814814814
0 0.40909375000000003 0.5142222222222222 0.06684114583333334 0.3074675925925926
0 0.32766927083333336 0.44433796296296296 0.08848697916666667 0.2808703703703703
0 0.8779375 0.44333796296296296 0.08015104166666666 0.2099861111111111
0 0.2747005208333333 0.42391666666666666 0.05206510416666667 0.26942592592592596
