0 0.1676484375 0.4068935185185185 0.048828125 0.26375462962962964
0 0.35701041666666666 0.27447685185185183 0.045609374999999994 0.19525462962962964
1 0.8730286458333333 0.21407407407407406 0.018614583333333334 0.03518981481481482
0 0.3719322916666667 0.384162037037037 0.05996614583333334 0.20427314814814815
0 0.39872135416666665 0.41053703703703703 0.07409635416666666 0.26263425925925926
0 0.35105468749999996 0.5093611111111112 0.05279166666666667 0.3088194444444444
0 0.6018411458333334 0.539587962962963 0.0561015625 0.3131805555555556
0 0.7618307291666666 0.6694768518518518 0.11393229166666667 0.36204166666666665
0 0.7902369791666667 0.3848009259259259 0.11865624999999999 0.2863287037037037
0 0.8745468750000001 0.3554861111111111 0.04943229166666666 0.2894027777777778
0 0.3819140625 0.33135185185185184 0.06430729166666667 0.2327361111111111
