0 0.21743489583333334 0.31927777777777777 0.08749739583333334 0.16790740740740742
1 0.2552994791666667 0.31450462962962966 0.017328125000000003 0.030782407407407404
0 0.2116692708333333 0.37410185185185185 0.09680729166666667 0.20337962962962963
0 0.30880729166666665 0.40682407407407406 0.06529166666666666 0.241375
0 0.3201145833333333 0.4337083333333333 0.06880468749999999 0.26943055555555556
0 0.33519270833333337 0.4459953703703704 0.06422135416666667 0.24949074074074074
0 0.3865572916666667 0.45434722222222224 0.08879166666666666 0.2652083333333333
0 0.5375494791666667 0.5530277777777778 0.0807421875 0.32875925925925925
0 0.7798880208333333 0.44089351851851855 0.04957291666666667 0.26587037037037037
0 0.8323645833333334 0.6853055555555555 0.12065624999999999 0.32975
