0 0.0234375 0.40208333333333335 0.046875 0.3
0 0.63515625 0.36527777777777776 0.0640625 0.27708333333333335
0 0.47890625 0.29097222222222224 0.080078125 0.2263888888888889
0 0.88125 0.5701388888888889 0.073046875 0.32430555555555557
0 0.849609375 0.41805555555555557 0.05234375 0.2326388888888889
0 0.97421875 0.4131944444444444 0.049609375 0.25972222222222224
0 0.36328125 0.3138888888888889 0.06484375 0.26458333333333334
1 0.6375 0.25555555555555554 0.02890625 0.05486111111111111
0 0.45390625 0.21805555555555556 0.071484375 0.1909722222222222
0 0.646484375 0.29375 0.084765625 0.20625
0 0.262890625 0.26805555555555555 0.053515625 0.24444444444444444
