0 0.24091666666666667 0.3749351851851852 0.06683072916666667 0.23818981481481483
0 0.2821015625 0.5049305555555555 0.062367187500000004 0.29954166666666665
0 0.29896875 0.42392592592592593 0.05840364583333334 0.2571898148148148
0 0.32901302083333334 0.5062916666666666 0.083265625 0.29241666666666666
0 0.4042890625 0.3995046296296296 0.0751953125 0.2379074074074074
0 0.42677604166666666 0.38372685185185185 0.05370833333333334 0.20354166666666665
1 0.4340338541666667 0.3567037037037037 0.016432291666666668 0.03125
0 0.8435442708333334 0.687962962962963 0.11889322916666667 0.33503240740740736
0 0.5862786458333333 0.5421944444444445 0.11104947916666667 0.308087962962963
0 0.7609921875 0.387587962962963 0.05405989583333334 0.2394027777777778
