0 0.9699791666666666 0.8041481481481482 0.06004166666666667 0.35778240740740735
0 0.7333619791666667 0.2755462962962963 0.06423697916666667 0.18843055555555555
1 0.7270182291666667 0.1983425925925926 0.018229166666666668 0.03718055555555556
0 0.6331276041666667 0.2764583333333333 0.0445703125 0.22142592592592591
0 0.5902578125000001 0.4374490740740741 0.0445703125 0.2742453703703704
0 0.8898567708333334 0.5217824074074073 0.0603125 0.25529166666666664
0 0.9134453125 0.5461481481481482 0.053484375 0.24701388888888887
0 0.7483880208333333 0.5775601851851851 0.06463020833333334 0.27213888888888893
0 0.3661640625 0.3147916666666667 0.05194010416666666 0.2315601851851852
0 0.378125 0.23797222222222222 0.04255729166666666 0.20197685185185185
0 0.700140625 0.3169768518518518 0.0515 0.1604675925925926
