0 0.757421875 0.5756944444444444 0.075 0.3548611111111111
0 0.67421875 0.5076388888888889 0.080078125 0.3527777777777778
0 0.6234375 0.32708333333333334 0.075390625 0.2791666666666667
0 0.3578125 0.3527777777777778 0.069921875 0.2833333333333333
0 0.30859375 0.275 0.073046875 0.22569444444444445
0 0.02265625 0.5083333333333333 0.0453125 0.33611111111111114
0 0.69921875 0.2638888888888889 0.08359375 0.2361111111111111
0 0.9234375 0.5472222222222223 0.0578125 0.2798611111111111
0 0.96875 0.5041666666666667 0.0625 0.3229166666666667
0 0.9390625 0.5097222222222222 0.107421875 0.2833333333333333
