0 0.142875 0.47344907407407405 0.04821875 0.2762175925925926
0 0.30146093749999997 0.5247962962962963 0.07047135416666667 0.3066388888888889
0 0.35308854166666664 0.3511666666666667 0.07823958333333333 0.20807407407407408
0 0.385890625 0.2825601851851852 0.06373697916666667 0.18258796296296295
0 0.47762760416666666 0.4234305555555556 0.08186979166666666 0.2592314814814815
0 0.4999713541666667 0.44609722222222226 0.06871875 0.285875
0 0.687015625 0.4360925925925926 0.074078125 0.26475462962962965
0 0.7822083333333333 0.3978888888888889 0.06346614583333333 0.25375462962962964
0 0.9529609375 0.5274074074074074 0.09408072916666667 0.32891203703703703
1 0.9967005208333333 0.45050462962962967 0.006596354166666666 0.040560185185185185
