0 0.25573697916666666 0.5285324074074075 0.08379947916666668 0.2830925925925926
0 0.2289375 0.3634444444444444 0.07346614583333334 0.23092129629629632
0 0.2980963541666667 0.42218055555555556 0.049026041666666666 0.2540833333333334
0 0.3275520833333333 0.5111435185185185 0.07787239583333333 0.3024953703703704
0 0.45827864583333333 0.4291111111111111 0.07969791666666667 0.25121296296296297
0 0.464125 0.3885092592592592 0.08901822916666666 0.2291388888888889
1 0.5336979166666667 0.31246759259259255 0.024033854166666667 0.03622685185185185
0 0.5956770833333334 0.5114074074074074 0.11722916666666668 0.2997638888888889
0 0.7545494791666666 0.38662962962962966 0.06191666666666666 0.23729166666666665
0 0.8586432291666667 0.6638194444444444 0.10424479166666667 0.3201574074074074
