0 0.12197916666666667 0.4036018518518518 0.04456510416666667 0.25643518518518515
0 0.3037786458333333 0.48093518518518513 0.07507812500000001 0.2831759259259259
0 0.6682760416666667 0.46932407407407406 0.067515625 0.27929166666666666
0 0.3505755208333333 0.414212962962963 0.04552083333333334 0.2664861111111111
0 0.4812708333333333 0.3655925925925926 0.055502604166666664 0.22820833333333335
0 0.43888541666666664 0.4895370370370371 0.08256770833333334 0.2847314814814815
0 0.5538984374999999 0.31578240740740743 0.07333072916666666 0.21939814814814815
0 0.9838046874999999 0.4749398148148148 0.032390625 0.21384259259259258
1 0.9776458333333333 0.4363564814814815 0.018903645833333333 0.032462962962962964
0 0.9228880208333333 0.5113796296296296 0.09647916666666667 0.24313888888888888
0 0.8509166666666667 0.44722685185185185 0.06451822916666666 0.2588425925925926
