0 0.24528645833333332 0.29347685185185185 0.06434375 0.18952777777777777
0 0.29775520833333335 0.3516944444444444 0.06013020833333334 0.2499583333333333
0 0.5297083333333333 0.27479166666666666 0.07300520833333332 0.19638425925925926
0 0.5465260416666666 0.2172314814814815 0.07438281249999999 0.1895601851851852
0 0.6574348958333334 0.3123287037037037 0.046802083333333334 0.23266666666666666
1 0.649609375 0.32654629629629633 0.015171875 0.025217592592592594
0 0.6217864583333333 0.42612037037037037 0.065765625 0.26105092592592594
0 0.790890625 0.5614629629629629 0.0601796875 0.3054814814814815
0 0.8400494791666666 0.5705833333333333 0.06587760416666667 0.28577777777777774
0 0.9895729166666667 0.6673657407407407 0.020854166666666667 0.23579629629629628
