0 0.4506484375 0.3410925925925926 0.0537578125 0.23456481481481484
0 0.4179348958333333 0.2498287037037037 0.04916666666666667 0.20229629629629628
0 0.7957213541666667 0.35653703703703704 0.06759114583333334 0.2146111111111111
1 0.8235234375 0.33044444444444443 0.017557291666666665 0.030671296296296297
0 0.7843307291666667 0.7330092592592592 0.10254947916666667 0.3398564814814815
0 0.6708125 0.42266203703703703 0.059765625 0.2496851851851852
0 0.22760677083333333 0.33552777777777776 0.06224479166666667 0.23317592592592593
0 0.9627760416666666 0.5945601851851852 0.06637239583333333 0.2532314814814815
0 0.9427421875 0.8405925925925927 0.062015625 0.3068518518518518
0 0.39217708333333334 0.4661342592592593 0.048153645833333335 0.28854166666666664
