0 0.9798177083333334 0.5110324074074074 0.040364583333333336 0.27114814814814814
0 0.7972630208333332 0.5545277777777777 0.11015364583333334 0.3297361111111111
0 0.7037109375 0.38405555555555554 0.08190104166666666 0.32212037037037033
0 0.8252630208333334 0.3065231481481482 0.07846614583333333 0.28283796296296293
1 0.39918229166666663 0.4026018518518519 0.032739583333333336 0.0629212962962963
0 0.5906354166666666 0.5514351851851852 0.11527604166666668 0.3636898148148148
0 0.021484375 0.5650324074074075 0.04296875 0.31129166666666663
0 0.19754427083333334 0.28995370370370366 0.079984375 0.25429166666666664
0 0.3503489583333333 0.34202314814814816 0.08872135416666667 0.2612037037037037
0 0.40157291666666667 0.48125 0.06616666666666667 0.30972222222222223
0 0.4625677083333333 0.4928148148148148 0.10742708333333333 0.34211574074074075
