1 0.6824348958333334 0.28535185185185186 0.02893489583333333 0.06607407407407408
0 0.6147213541666667 0.3836759259259259 0.10183854166666667 0.26735185185185184
0 0.8647630208333333 0.5938657407407407 0.0758828125 0.3590277777777778
0 0.8302526041666667 0.441912037037037 0.06154427083333334 0.3051157407407407
0 0.94921875 0.44345833333333334 0.1015625 0.2619166666666667
0 0.018229166666666668 0.4203148148148148 0.036458333333333336 0.2896990740740741
0 0.23856770833333335 0.26758333333333334 0.07609114583333333 0.26201851851851854
0 0.4745026041666666 0.2980462962962963 0.0818203125 0.23810185185185184
0 0.46972135416666666 0.22631944444444446 0.09138281250000001 0.2211574074074074
0 0.6596484375 0.31001388888888887 0.07971614583333334 0.22650925925925924
0 0.34209895833333337 0.32466666666666666 0.08438281249999999 0.2650694444444444
