0 0.3794661458333334 0.34496296296296297 0.07045572916666668 0.2290324074074074
0 0.4184010416666667 0.3850601851851852 0.07663541666666666 0.24772685185185186
0 0.5455911458333333 0.29593981481481485 0.06204947916666667 0.21721296296296297
0 0.527359375 0.411162037037037 0.09307552083333334 0.2614398148148148
0 0.5539973958333333 0.5431342592592593 0.10432291666666667 0.3886388888888889
0 0.7326067708333334 0.39384259259259263 0.07490364583333334 0.22356944444444446
0 0.8138151041666667 0.359462962962963 0.06328645833333334 0.22860185185185183
1 0.8455182291666666 0.3778842592592593 0.0159453125 0.03354166666666667
0 0.7636927083333334 0.7580462962962964 0.10172656249999999 0.3939027777777778
0 0.8189427083333333 0.5153935185185186 0.08269270833333334 0.24415277777777777
0 0.9842213541666667 0.6155648148148147 0.03155729166666667 0.2459722222222222
