0 0.01640625 0.4027777777777778 0.032421875 0.30972222222222223
0 0.233203125 0.2798611111111111 0.065625 0.24027777777777778
0 0.334765625 0.3326388888888889 0.10234375 0.23958333333333334
0 0.47734375 0.29444444444444445 0.090234375 0.2326388888888889
0 0.515625 0.20416666666666666 0.049609375 0.2375
0 0.614453125 0.39166666666666666 0.078125 0.2972222222222222
0 0.7015625 0.3111111111111111 0.103515625 0.2611111111111111
1 0.735546875 0.39861111111111114 0.041015625 0.0798611111111111
0 0.81171875 0.49236111111111114 0.094921875 0.2847222222222222
0 0.841015625 0.6013888888888889 0.119921875 0.30972222222222223
0 0.940234375 0.45625 0.101953125 0.2791666666666667
