0 0.17578125 0.4236111111111111 0.105859375 0.3263888888888889
0 0.638671875 0.5416666666666666 0.11484375 0.3458333333333333
0 0.39296875 0.48541666666666666 0.128515625 0.32083333333333336
0 0.45078125 0.44166666666666665 0.119140625 0.2625
1 0.476953125 0.4326388888888889 0.04921875 0.07361111111111111
0 0.573046875 0.19305555555555556 0.08828125 0.23958333333333334
0 0.49453125 0.2548611111111111 0.06953125 0.21944444444444444
0 0.45078125 0.2423611111111111 0.058984375 0.20069444444444445
0 0.964453125 0.32013888888888886 0.059765625 0.23958333333333334
0 0.983984375 0.30972222222222223 0.03203125 0.21666666666666667
0 0.985546875 0.17430555555555555 0.02890625 0.1875
