1 0.4375 0.4236111111111111 0.033984375 0.06041666666666667
0 0.601953125 0.5305555555555556 0.102734375 0.3715277777777778
0 0.021484375 0.5597222222222222 0.04296875 0.32916666666666666
0 0.23671875 0.2916666666666667 0.10078125 0.2875
0 0.365625 0.34097222222222223 0.10859375 0.26944444444444443
0 0.696484375 0.3763888888888889 0.075390625 0.3034722222222222
0 0.801953125 0.5472222222222223 0.085546875 0.28888888888888886
0 0.815625 0.29583333333333334 0.0765625 0.24861111111111112
0 0.973828125 0.5152777777777777 0.051953125 0.3402777777777778
0 0.50234375 0.4722222222222222 0.0953125 0.3055555555555556
0 0.44453125 0.46944444444444444 0.105078125 0.31180555555555556
