0 0.5992864583333334 0.27623148148148147 0.06185416666666667 0.20717592592592593
1 0.4066822916666667 0.33926388888888886 0.025158854166666668 0.04716203703703704
0 0.19652343749999998 0.3312175925925926 0.06838541666666667 0.23300462962962964
0 0.3104973958333333 0.4294722222222222 0.07237239583333334 0.2556296296296296
0 0.398390625 0.512162037037037 0.11274218750000001 0.27235185185185184
0 0.56803125 0.3143842592592593 0.052721354166666665 0.23580555555555555
0 0.4425494791666667 0.4581574074074074 0.05762239583333333 0.25690277777777776
0 0.5982265625000001 0.6483935185185185 0.0905390625 0.3424814814814815
0 0.6289947916666667 0.6804444444444444 0.11735416666666666 0.36171296296296296
0 0.9424739583333334 0.38725462962962964 0.04388020833333333 0.24747685185185184
