1 0.706640625 0.1986111111111111 0.0203125 0.04513888888888889
0 0.90234375 0.35833333333333334 0.059765625 0.21944444444444444
0 0.9328125 0.5631944444444444 0.092578125 0.3375
0 0.68671875 0.34444444444444444 0.06875 0.2659722222222222
0 0.729296875 0.2375 0.065234375 0.2388888888888889
0 0.529296875 0.2743055555555556 0.06640625 0.25763888888888886
0 0.479296875 0.2013888888888889 0.065234375 0.2222222222222222
0 0.30859375 0.2569444444444444 0.073046875 0.2548611111111111
0 0.397265625 0.3506944444444444 0.088671875 0.24375
0 0.036328125 0.36180555555555555 0.07265625 0.30416666666666664
