0 0.024088541666666668 0.5514398148148147 0.048177083333333336 0.33899537037037036
0 0.3470963541666666 0.5444953703703703 0.11606770833333332 0.37139814814814814
1 0.32191145833333334 0.45891203703703703 0.044867187499999996 0.0798611111111111
0 0.6116822916666667 0.5190509259259259 0.1166015625 0.2834722222222222
0 0.7768619791666667 0.38560648148148147 0.1318515625 0.25731944444444443
0 0.8962369791666667 0.26218055555555553 0.07372395833333334 0.26973148148148146
0 0.0807734375 0.4133703703703704 0.10685677083333332 0.27581944444444445
0 0.14979427083333335 0.5969537037037037 0.08864843750000001 0.33742592592592596
0 0.1604296875 0.30654166666666666 0.09169270833333334 0.21802314814814816
0 0.21794791666666666 0.3601388888888889 0.07912239583333333 0.320587962962963
