0 0.06735937500000001 0.5528703703703703 0.06401822916666668 0.32075462962962964
0 0.4401510416666667 0.24420833333333333 0.061445312499999995 0.19762962962962963
0 0.4595625 0.18103703703703705 0.05141927083333333 0.18456944444444445
0 0.9672031249999999 0.37263888888888885 0.05501822916666667 0.24700462962962963
0 0.8661640625 0.20276851851851851 0.039078125 0.16853703703703704
1 0.8403880208333334 0.23598611111111112 0.013497395833333333 0.026680555555555558
0 0.7942395833333333 0.2713055555555555 0.07802864583333333 0.1777175925925926
0 0.8089583333333333 0.3748518518518518 0.07661458333333333 0.24943518518518518
0 0.7673098958333333 0.5732731481481481 0.08586979166666667 0.2662361111111111
0 0.800859375 0.6147916666666667 0.10798177083333332 0.3317407407407407
