1 0.348390625 0.3223796296296296 0.0301171875 0.056796296296296296
0 0.020833333333333332 0.5583888888888888 0.041666666666666664 0.3158518518518519
0 0.1621640625 0.30268518518518517 0.06911979166666667 0.24425462962962965
0 0.5945364583333334 0.5498935185185185 0.10573958333333335 0.3636805555555555
0 0.7762083333333333 0.5537592592592592 0.10710677083333334 0.32511111111111113
0 0.7171692708333333 0.37094907407407407 0.07235677083333333 0.2650416666666667
0 0.3171380208333333 0.3697916666666667 0.08220052083333333 0.2673564814814815
0 0.402875 0.42377314814814815 0.06877083333333332 0.38457870370370373
0 0.3659765625 0.40950462962962964 0.067890625 0.3606759259259259
0 0.8317708333333333 0.2976666666666667 0.0671875 0.2666296296296296
