0 0.098828125 0.4756944444444444 0.100390625 0.33611111111111114
0 0.944140625 0.21458333333333332 0.071875 0.24791666666666667
0 0.978125 0.41458333333333336 0.04375 0.2881944444444444
0 0.436328125 0.21736111111111112 0.067578125 0.2361111111111111
0 0.2890625 0.27708333333333335 0.087890625 0.25833333333333336
0 0.353125 0.2881944444444444 0.09921875 0.22013888888888888
0 0.31953125 0.49027777777777776 0.112109375 0.31875
1 0.40234375 0.44166666666666665 0.03671875 0.05763888888888889
0 0.4265625 0.5645833333333333 0.087890625 0.31319444444444444
0 0.43984375 0.47430555555555554 0.084375 0.27569444444444446
