0 0.18845052083333333 0.3134212962962963 0.06820833333333334 0.1918425925925926
1 0.8319947916666667 0.45649999999999996 0.018942708333333332 0.03535648148148148
0 0.8227265625 0.4060092592592593 0.08946875 0.17569907407407406
0 0.7276744791666666 0.42884259259259255 0.07340624999999999 0.17402314814814815
0 0.796109375 0.5163472222222222 0.055278645833333334 0.2791944444444444
0 0.6132578125 0.4809398148148148 0.0803203125 0.2770787037037037
0 0.4973984375 0.4085740740740741 0.09347135416666667 0.25045833333333334
0 0.4313177083333333 0.3512314814814815 0.053135416666666664 0.24241666666666667
0 0.24082291666666666 0.4270138888888889 0.05768229166666667 0.2726203703703704
0 0.36313020833333337 0.5099212962962963 0.06784895833333333 0.30709722222222224
0 0.3502916666666666 0.38502314814814814 0.04965364583333333 0.23272685185185185
