1 0.9906328125 0.4679675925925926 0.018734375 0.04134722222222222
0 0.9433619791666668 0.5234212962962963 0.08791666666666667 0.31527314814814816
0 0.80371875 0.4039027777777778 0.04708072916666666 0.2554351851851852
0 0.6828177083333333 0.4415462962962963 0.07120052083333334 0.26414351851851847
0 0.47533854166666667 0.46029166666666665 0.09577604166666666 0.2911157407407407
0 0.30033072916666664 0.5196388888888889 0.0655234375 0.30330555555555555
0 0.13643229166666665 0.45286574074074076 0.0508984375 0.27275925925925926
0 0.3830208333333333 0.3412824074074074 0.11662499999999999 0.20289814814814813
0 0.43090364583333335 0.4134675925925926 0.053057291666666666 0.28123611111111113
0 0.4338489583333333 0.28064814814814815 0.05675260416666667 0.1874259259259259
