0 0.15173958333333332 0.4765925925925926 0.0516328125 0.276162037037037
0 0.30109895833333333 0.5275740740740741 0.07071614583333334 0.31624074074074077
0 0.3338515625 0.36047685185185185 0.07543229166666668 0.20579629629629628
0 0.3379479166666667 0.29297685185185185 0.06661197916666667 0.18640277777777778
0 0.48455729166666667 0.4173611111111111 0.07984375 0.2510509259259259
0 0.5064453125 0.44297222222222227 0.055010416666666666 0.28319444444444447
0 0.6883541666666667 0.43448611111111113 0.07096354166666667 0.2662037037037037
0 0.7599505208333334 0.36630555555555555 0.08525260416666666 0.22501851851851853
1 0.938625 0.3817175925925926 0.016200520833333332 0.0351712962962963
0 0.9548411458333333 0.5723425925925926 0.09031770833333333 0.33014351851851853
