0 0.8517447916666666 0.3624583333333333 0.10366145833333333 0.29436111111111113
0 0.5496067708333333 0.49359259259259264 0.10702604166666667 0.30662962962962964
0 0.177578125 0.6193333333333333 0.10776041666666666 0.2803333333333333
0 0.9116458333333333 0.25293055555555555 0.06548177083333333 0.2419675925925926
0 0.13069270833333332 0.35783796296296294 0.07648697916666666 0.22956944444444444
0 0.030598958333333332 0.5479675925925925 0.061197916666666664 0.3551944444444445
0 0.24139062500000003 0.3659398148148148 0.09476041666666667 0.231875
0 0.26135677083333336 0.25601851851851853 0.06698437500000001 0.2111111111111111
0 0.309546875 0.4870324074074074 0.11648958333333333 0.3259166666666667
1 0.34513802083333334 0.36480555555555555 0.04704427083333333 0.06757407407407408
