1 0.6756458333333334 0.25557407407407406 0.015744791666666667 0.030097222222222223
0 0.65221875 0.3063472222222222 0.04609375 0.21291203703703704
0 0.7048515625 0.2683148148148148 0.05129947916666667 0.19102314814814816
0 0.7261822916666667 0.34550462962962963 0.07275781249999999 0.20590277777777777
0 0.7484999999999999 0.5268888888888889 0.050981770833333336 0.24089814814814817
0 0.7672916666666667 0.630824074074074 0.0908515625 0.3072314814814815
0 0.8183046875 0.5024537037037037 0.051934895833333335 0.25298148148148153
0 0.598453125 0.44028703703703703 0.052950520833333334 0.28336111111111106
0 0.41147395833333333 0.31375462962962963 0.044557291666666665 0.22702777777777777
0 0.3967578125 0.25720833333333337 0.048078125 0.18910185185185185
