1 0.6540807291666667 0.1922222222222222 0.01885416666666667 0.030754629629629632
0 0.6306067708333334 0.3039861111111111 0.05942447916666667 0.23956481481481484
0 0.6121770833333334 0.21666666666666667 0.0357421875 0.1612175925925926
0 0.550859375 0.26552314814814815 0.06543229166666667 0.1852824074074074
0 0.5981276041666667 0.43027314814814815 0.05746614583333333 0.27458333333333335
0 0.5987682291666666 0.13255555555555557 0.0001328125 0.00015740740740740743
0 0.8170911458333333 0.563162037037037 0.06570572916666667 0.2883611111111111
0 0.7879505208333334 0.5249675925925926 0.048815104166666665 0.2610185185185185
0 0.9794036458333333 0.6974490740740741 0.041192708333333335 0.3154490740740741
0 0.31523697916666665 0.33162499999999995 0.06705729166666667 0.2522175925925926
0 0.29740104166666664 0.2381435185185185 0.04756510416666667 0.2169398148148148
