0 0.8651979166666667 0.40797685185185184 0.061122395833333336 0.2557638888888889
0 0.8886432291666666 0.5738101851851852 0.09759635416666666 0.34052314814814816
0 0.978515625 0.4091388888888889 0.04296875 0.22568055555555558
0 0.6807005208333333 0.273375 0.05671614583333333 0.2226712962962963
0 0.6529192708333333 0.3524351851851852 0.0740703125 0.28356018518518517
0 0.3672786458333333 0.33160185185185187 0.07049479166666667 0.2789583333333333
0 0.476890625 0.30230092592592595 0.07878125 0.22959722222222223
0 0.4571354166666667 0.18388888888888888 0.07313541666666666 0.23815277777777777
0 0.01953125 0.3790462962962963 0.0390625 0.2858657407407407
0 0.27394531250000004 0.2737546296296296 0.06611979166666666 0.2650972222222222
