0 0.32627083333333334 0.29582870370370373 0.08767447916666667 0.20520370370370372
0 0.3408489583333333 0.3438611111111111 0.10159375 0.22473148148148148
0 0.6389244791666666 0.3172962962962963 0.051609375 0.20741666666666667
0 0.6874375 0.36559722222222224 0.06166666666666667 0.21737962962962964
0 0.6298333333333334 0.509925925925926 0.06491927083333333 0.31704166666666667
0 0.788828125 0.5001574074074073 0.08645572916666668 0.260712962962963
1 0.9264869791666667 0.4823148148148148 0.017169270833333337 0.03270833333333334
0 0.9561536458333334 0.446962962962963 0.0535390625 0.25512962962962965
0 0.7862369791666667 0.6776203703703704 0.06989583333333332 0.3500925925925926
0 0.8875260416666666 0.7422962962962962 0.100375 0.33814351851851854
