0 0.016276041666666668 0.4025694444444444 0.032552083333333336 0.30976851851851855
0 0.23335677083333334 0.2799259259259259 0.065671875 0.240412037037037
0 0.33494270833333334 0.33275925925925925 0.102171875 0.2396203703703704
0 0.47732552083333335 0.2945833333333333 0.09006770833333334 0.23268981481481482
0 0.5157421875 0.20433333333333334 0.049710937499999996 0.23736574074074077
0 0.6145026041666667 0.3917685185185185 0.07796354166666666 0.2974305555555556
0 0.7015442708333333 0.31116666666666665 0.10360677083333333 0.26122222222222224
1 0.7353984375 0.39874537037037033 0.041106770833333334 0.07989351851851852
0 0.8118046875 0.4920509259259259 0.09496354166666668 0.2850324074074074
0 0.8411041666666667 0.601587962962963 0.11972916666666666 0.3096527777777778
0 0.9403020833333334 0.45656944444444447 0.10195572916666666 0.27887962962962964
