0 0.5230078125 0.4050462962962963 0.06746614583333334 0.27299537037037036
0 0.5643958333333334 0.6633148148148148 0.0916171875 0.3064675925925926
0 0.47928906250000003 0.7222777777777777 0.0715859375 0.33991203703703704
0 0.364859375 0.3849074074074074 0.05298958333333333 0.2555925925925926
0 0.5642369791666667 0.2984212962962963 0.053388020833333334 0.22418518518518518
1 0.838328125 0.2540925925925926 0.014669270833333333 0.030342592592592595
0 0.8528541666666667 0.29545370370370366 0.046721354166666666 0.20715277777777777
0 0.8345208333333333 0.4851712962962963 0.07154947916666667 0.258712962962963
0 0.8963125000000001 0.49776851851851855 0.059796875 0.2655
0 0.34663802083333334 0.321712962962963 0.03665885416666667 0.23693055555555556
0 0.7594921874999999 0.32360185185185186 0.05333854166666666 0.2147638888888889
