0 0.3464348958333333 0.33132407407407405 0.05689322916666666 0.22812962962962963
0 0.4655052083333333 0.2942268518518518 0.05526822916666666 0.2228564814814815
0 0.3783359375 0.3850046296296296 0.07192968749999999 0.24538425925925925
0 0.4840963541666667 0.4055972222222222 0.06806770833333334 0.272837962962963
0 0.5646614583333334 0.5543611111111112 0.10098437499999999 0.38710648148148147
0 0.8057421875 0.8085601851851852 0.12780468749999999 0.35732870370370373
0 0.823828125 0.5127777777777778 0.07497656250000001 0.2517361111111111
0 0.8005625 0.4185185185185185 0.06705208333333333 0.19462037037037036
0 0.8852916666666667 0.38449074074074074 0.05608072916666666 0.2536388888888889
0 0.9041380208333333 0.33750925925925923 0.0011171875 0.0008333333333333334
1 0.8962135416666667 0.3569212962962963 0.015544270833333334 0.03244444444444444
