0 0.028953125000000003 0.5656296296296296 0.05790885416666667 0.29774074074074075
0 0.3924583333333333 0.2648888888888889 0.06867708333333335 0.19122685185185187
0 0.3953541666666667 0.21839814814814815 0.04500520833333333 0.21376851851851852
1 0.7846302083333333 0.195375 0.0146328125 0.02825462962962963
0 0.8035104166666667 0.2261111111111111 0.048252604166666664 0.19012500000000002
0 0.9182864583333333 0.43403703703703705 0.05424739583333334 0.2704259259259259
0 0.7550442708333333 0.2909490740740741 0.07180729166666668 0.17972685185185183
0 0.7813463541666666 0.38952777777777775 0.08729687500000001 0.23382407407407407
0 0.8514401041666667 0.6441712962962963 0.08972395833333334 0.30825462962962963
0 0.74715625 0.6121666666666666 0.07102083333333334 0.32784722222222223
