0 0.4737239583333333 0.26122222222222224 0.06776822916666667 0.21480555555555556
0 0.4606432291666666 0.3188287037037037 0.0612734375 0.23268055555555556
0 0.37517187500000004 0.45263425925925926 0.054661458333333336 0.2702037037037037
0 0.1421171875 0.372087962962963 0.039552083333333335 0.2625
0 0.3331822916666667 0.44296759259259255 0.06563020833333334 0.2538240740740741
0 0.32746614583333333 0.4909907407407407 0.04075260416666667 0.29087037037037033
0 0.6036458333333333 0.7058009259259259 0.11721354166666667 0.3416666666666667
0 0.6046145833333333 0.594125 0.06891666666666667 0.32480555555555557
0 0.8530130208333334 0.41597685185185185 0.10104166666666667 0.23314814814814816
0 0.8965807291666666 0.40417592592592594 0.0603671875 0.25675000000000003
