0 0.77109375 0.5194444444444445 0.124609375 0.33819444444444446
0 0.22109375 0.40694444444444444 0.097265625 0.29444444444444445
0 0.6671875 0.19236111111111112 0.054296875 0.23055555555555557
0 0.57890625 0.24444444444444444 0.066796875 0.23541666666666666
0 0.54375 0.2076388888888889 0.066796875 0.22916666666666666
1 0.52578125 0.4125 0.0328125 0.06041666666666667
0 0.48125 0.40069444444444446 0.05859375 0.23055555555555557
0 0.496484375 0.43680555555555556 0.11328125 0.31666666666666665
0 0.95859375 0.2881944444444444 0.0453125 0.2326388888888889
0 0.9796875 0.2916666666666667 0.039453125 0.2013888888888889
