1 0.9955104166666667 0.453037037037037 0.008979166666666667 0.03655555555555555
0 0.9871588541666667 0.4801666666666667 0.0256796875 0.19345833333333334
0 0.9371692708333333 0.5132685185185185 0.11202864583333333 0.24075
0 0.8424869791666667 0.4435972222222222 0.08077864583333333 0.25339814814814815
0 0.6776744791666667 0.46711111111111114 0.060708333333333336 0.28291203703703705
0 0.12628645833333332 0.4244675925925926 0.05776302083333333 0.25817129629629626
0 0.29080989583333333 0.477787037037037 0.05967447916666667 0.2844027777777777
0 0.38850260416666665 0.4242314814814815 0.07985416666666666 0.256462962962963
0 0.45694531250000003 0.47905555555555557 0.10646614583333333 0.29057407407407404
0 0.45369270833333336 0.3413611111111111 0.049726562499999995 0.21310648148148148
0 0.5153098958333333 0.30353703703703705 0.03573697916666666 0.201625
