1 0.7340859375 0.27118055555555554 0.015046875 0.032587962962962964
0 0.7183880208333334 0.27927314814814813 0.059460937500000005 0.1706851851851852
0 0.6707890625 0.2936712962962963 0.0519375 0.1701712962962963
0 0.7602708333333333 0.5678101851851852 0.06828645833333334 0.29303240740740744
0 0.8643671875 0.5094351851851853 0.056856770833333334 0.26835648148148145
0 0.5899166666666668 0.43639814814814815 0.04730989583333333 0.2858611111111111
0 0.6352708333333333 0.2768287037037037 0.05063541666666667 0.21414814814814814
0 0.35148958333333336 0.3088425925925926 0.043835937500000005 0.23497222222222222
0 0.366609375 0.23619907407407406 0.052661458333333334 0.19512500000000002
0 0.9662916666666667 0.5413240740740741 0.054109375 0.24057407407407408
0 0.9696901041666667 0.7628703703703703 0.060619791666666666 0.32976388888888886
