0 0.9796875 0.5111111111111111 0.040234375 0.2708333333333333
0 0.797265625 0.5548611111111111 0.11015625 0.3298611111111111
0 0.70390625 0.3840277777777778 0.08203125 0.32222222222222224
0 0.825390625 0.30625 0.078515625 0.2826388888888889
1 0.39921875 0.4027777777777778 0.0328125 0.06319444444444444
0 0.590625 0.5513888888888889 0.115234375 0.3638888888888889
0 0.021484375 0.5652777777777778 0.04296875 0.3111111111111111
0 0.19765625 0.2902777777777778 0.080078125 0.25416666666666665
0 0.350390625 0.3423611111111111 0.088671875 0.2611111111111111
0 0.4015625 0.48125 0.066015625 0.30972222222222223
0 0.4625 0.4930555555555556 0.107421875 0.3423611111111111
