0 0.9432838541666667 0.6637268518518519 0.09098177083333334 0.31193055555555554
0 0.7186848958333333 0.736300925925926 0.1079765625 0.37799074074074074
0 0.5733385416666666 0.552949074074074 0.05940104166666667 0.3276296296296296
0 0.6901875000000001 0.4287916666666667 0.08286197916666667 0.2524537037037037
0 0.7781614583333333 0.3544907407407408 0.08436458333333333 0.2299537037037037
1 0.7580390625 0.3936851851851852 0.017260416666666667 0.03298148148148148
0 0.5441927083333333 0.3950462962962963 0.05787239583333333 0.24798148148148147
0 0.5013619791666667 0.3644861111111111 0.08515625 0.24367592592592593
0 0.5305833333333333 0.3380740740740741 0.03509114583333333 0.23331944444444447
0 0.5674505208333334 0.2707222222222222 0.04854427083333333 0.1886574074074074
