0 0.46322395833333335 0.5510462962962963 0.1634270833333333 0.4014768518518519
1 0.3724895833333333 0.3046388888888889 0.054861979166666665 0.06143518518518518
0 0.6518411458333334 0.5090231481481482 0.12659635416666667 0.29427777777777775
0 0.7475598958333334 0.36206944444444444 0.117515625 0.31981944444444443
0 0.8808255208333333 0.25292592592592594 0.05591927083333333 0.27282407407407405
0 0.15695833333333334 0.5776712962962963 0.10558072916666666 0.3173796296296296
0 0.018880208333333332 0.5321574074074075 0.037760416666666664 0.33746296296296296
0 0.1441484375 0.2841666666666666 0.06694270833333334 0.25352314814814814
0 0.105296875 0.4773935185185186 0.09601302083333334 0.31126851851851856
0 0.21056770833333335 0.37248611111111113 0.08519791666666668 0.29589814814814813
