0 0.5037473958333334 0.3983564814814815 0.0588046875 0.27085185185185184
0 0.8532630208333334 0.4885601851851852 0.05134114583333334 0.24565277777777778
0 0.941125 0.4384675925925926 0.04603385416666667 0.23294444444444445
0 0.3519322916666667 0.40932407407407406 0.0325 0.2523287037037037
0 0.3186484375 0.5009166666666667 0.044984375 0.3052592592592593
0 0.3600364583333333 0.32937962962962963 0.0409453125 0.21710185185185185
0 0.5934739583333334 0.29469907407407403 0.04454166666666667 0.2104027777777778
0 0.7735911458333333 0.4278518518518518 0.06296093750000001 0.24081944444444442
1 0.9667526041666666 0.5175092592592593 0.015210937499999999 0.034916666666666665
0 0.9894192708333333 0.5214166666666666 0.021158854166666668 0.21916666666666665
0 0.24951302083333332 0.45673611111111106 0.055177083333333335 0.26599999999999996
