0 0.02313802083333333 0.5955740740740741 0.04627864583333333 0.25362962962962965
0 0.368453125 0.21648611111111113 0.039760416666666666 0.21787037037037038
0 0.3872890625 0.2659490740740741 0.05890625 0.19170833333333331
1 0.7764036458333333 0.2285 0.0134453125 0.028675925925925924
0 0.7867421875 0.25060185185185185 0.046552083333333334 0.16580555555555554
0 0.7467968749999999 0.29306944444444444 0.064125 0.1855601851851852
0 0.770703125 0.40046759259259257 0.0675546875 0.2512407407407407
0 0.8501119791666666 0.6709583333333333 0.09315104166666667 0.32940277777777777
0 0.7437447916666666 0.6334814814814814 0.09021354166666667 0.3111111111111111
0 0.9092760416666666 0.4665694444444444 0.061263020833333334 0.26263425925925926
