0 0.315234375 0.3506944444444444 0.105859375 0.2965277777777778
0 0.593359375 0.33819444444444446 0.054296875 0.2520833333333333
1 0.61484375 0.34930555555555554 0.0203125 0.04375
0 0.64140625 0.4013888888888889 0.06796875 0.30694444444444446
0 0.951171875 0.49236111111111114 0.097265625 0.3326388888888889
0 0.948828125 0.2423611111111111 0.05078125 0.2222222222222222
0 0.979296875 0.2708333333333333 0.04140625 0.20208333333333334
0 0.8125 0.20902777777777778 0.074609375 0.23333333333333334
0 0.68515625 0.19375 0.07109375 0.20277777777777778
0 0.66640625 0.16597222222222222 0.05625 0.20416666666666666
