0 0.6405130208333334 0.279875 0.07488541666666666 0.20605555555555555
1 0.39007552083333336 0.7051435185185184 0.023677083333333335 0.04688425925925926
0 0.014760416666666666 0.5147592592592594 0.029518229166666667 0.2887638888888889
0 0.2434296875 0.3250416666666667 0.07712760416666667 0.22066203703703705
0 0.3202421875 0.4459537037037037 0.05445572916666667 0.26895833333333335
0 0.39282812500000003 0.5348796296296295 0.08599479166666667 0.23925925925925923
0 0.584640625 0.29727314814814815 0.049479166666666664 0.22681944444444443
0 0.5105234375000001 0.4651712962962963 0.06577083333333333 0.2737361111111111
0 0.6119557291666666 0.6493657407407408 0.06938802083333333 0.34670833333333334
0 0.6895260416666668 0.6439675925925926 0.0636640625 0.3667638888888889
0 0.9551666666666667 0.3636712962962963 0.04747916666666666 0.23908333333333331
