0 0.71328125 0.28402777777777777 0.111328125 0.21666666666666667
0 0.63515625 0.3368055555555556 0.083203125 0.28958333333333336
0 0.647265625 0.5020833333333333 0.094140625 0.3423611111111111
0 0.022265625 0.5152777777777777 0.044140625 0.3958333333333333
0 0.385546875 0.3472222222222222 0.06015625 0.26319444444444445
0 0.332421875 0.25972222222222224 0.058203125 0.2465277777777778
0 0.769140625 0.5965277777777778 0.077734375 0.3263888888888889
0 0.930078125 0.5444444444444444 0.073828125 0.30694444444444446
0 0.849609375 0.48194444444444445 0.0765625 0.26875
0 0.873828125 0.43472222222222223 0.109765625 0.22083333333333333
