0 0.14587239583333333 0.3586574074074074 0.046638020833333335 0.2351574074074074
1 0.8522447916666667 0.36095370370370367 0.01629947916666667 0.03077777777777778
0 0.8370859374999999 0.4363148148148148 0.10485677083333332 0.17395370370370372
0 0.8317604166666667 0.4755046296296296 0.06290625 0.23918518518518517
0 0.8497213541666666 0.41531944444444446 0.11590364583333333 0.19367592592592592
0 0.623578125 0.4755416666666667 0.059093749999999994 0.2836388888888889
0 0.5340234375 0.39131481481481484 0.06412239583333333 0.24837037037037038
0 0.4870494791666667 0.3445833333333333 0.08364322916666667 0.22382407407407406
0 0.39248958333333334 0.5142962962962964 0.07549479166666666 0.30743055555555554
0 0.32742447916666667 0.4373101851851852 0.09753125 0.2821666666666667
0 0.26722656250000004 0.42516203703703703 0.05227864583333333 0.2730694444444445
