0 0.96796875 0.19791666666666666 0.055859375 0.22291666666666668
0 0.968359375 0.3701388888888889 0.062890625 0.25277777777777777
0 0.475 0.19305555555555556 0.087890625 0.23541666666666666
0 0.332421875 0.2590277777777778 0.088671875 0.22847222222222222
0 0.401953125 0.29097222222222224 0.073828125 0.2513888888888889
0 0.13515625 0.4548611111111111 0.087890625 0.2916666666666667
0 0.494140625 0.5458333333333333 0.15859375 0.3229166666666667
1 0.411328125 0.4465277777777778 0.037890625 0.04652777777777778
0 0.33046875 0.49444444444444446 0.141015625 0.3597222222222222
0 0.420703125 0.4798611111111111 0.07265625 0.27569444444444446
