0 0.02421875 0.5513888888888889 0.048046875 0.3388888888888889
0 0.347265625 0.5444444444444444 0.116015625 0.3715277777777778
1 0.321875 0.45902777777777776 0.044921875 0.0798611111111111
0 0.61171875 0.51875 0.11640625 0.2833333333333333
0 0.776953125 0.3854166666666667 0.13203125 0.25763888888888886
0 0.89609375 0.2625 0.073828125 0.26944444444444443
0 0.080859375 0.4131944444444444 0.10703125 0.27569444444444446
0 0.149609375 0.5972222222222222 0.088671875 0.3375
0 0.160546875 0.30625 0.091796875 0.21805555555555556
0 0.21796875 0.36041666666666666 0.079296875 0.32083333333333336
