0 0.18325 0.5083425925925926 0.057981770833333335 0.29024074074074074
0 0.2640078125 0.31257407407407406 0.057526041666666666 0.2018611111111111
0 0.5069635416666667 0.4106296296296296 0.04466927083333334 0.2548518518518519
0 0.29486979166666666 0.3885972222222222 0.0703984375 0.24178240740740742
0 0.2831458333333333 0.5363749999999999 0.10865625 0.3118796296296296
0 0.674203125 0.44078240740740743 0.08363020833333333 0.2539583333333333
0 0.7491171875 0.380587962962963 0.07134895833333334 0.22580555555555556
1 0.7527083333333333 0.3493796296296296 0.019393229166666668 0.03455092592592592
0 0.9083958333333333 0.6336712962962963 0.10837500000000001 0.3069675925925926
0 0.5018619791666666 0.41939814814814813 0.05965364583333333 0.2717175925925926
