0 0.14063020833333334 0.3533425925925926 0.08213802083333334 0.15728703703703703
1 0.15029166666666666 0.38237499999999996 0.021197916666666667 0.03600925925925926
0 0.23655208333333333 0.40234722222222224 0.08603125 0.22002314814814813
0 0.3218828125 0.43571296296296297 0.07585416666666665 0.26166203703703705
0 0.32201302083333333 0.3959074074074074 0.054781250000000004 0.24915740740740738
0 0.3989114583333333 0.41021296296296295 0.05765885416666667 0.2589074074074074
0 0.41209114583333334 0.42644907407407406 0.051140625 0.2731898148148148
0 0.4948515625 0.521875 0.06825520833333334 0.3328101851851852
0 0.7662447916666667 0.5058611111111111 0.056859375000000004 0.3047222222222222
0 0.8691093750000001 0.676462962962963 0.128265625 0.3175324074074074
