0 0.19492708333333333 0.29853240740740744 0.06776562500000001 0.2235046296296296
0 0.31723958333333335 0.438162037037037 0.061984375 0.2780787037037037
0 0.34724479166666666 0.3969768518518519 0.0550703125 0.2590277777777778
0 0.39354947916666666 0.42657407407407405 0.09301041666666668 0.2632222222222222
0 0.4582057291666667 0.4398888888888889 0.046427083333333334 0.24927314814814813
0 0.46947395833333333 0.3920092592592593 0.04519270833333333 0.2415
0 0.5048020833333333 0.5276064814814815 0.13010677083333333 0.3252731481481482
0 0.7522968750000001 0.5870000000000001 0.06530989583333333 0.3290370370370371
0 0.9048776041666666 0.6623611111111112 0.14584375 0.32832407407407405
0 0.9869921875000001 0.7187268518518519 0.026018229166666667 0.2789861111111111
