0 0.5973437500000001 0.6015324074074074 0.10655468750000001 0.32766203703703706
0 0.7436302083333334 0.7662962962962964 0.11835156250000001 0.3659212962962963
0 0.9841197916666666 0.4540925925925926 0.0317578125 0.24708333333333335
1 0.9661588541666667 0.410787037037037 0.019091145833333333 0.033819444444444444
0 0.9324296875000001 0.4278287037037037 0.0545 0.2675277777777778
0 0.8488151041666666 0.5164675925925926 0.06753906250000001 0.243625
0 0.8333802083333333 0.47642129629629626 0.05595572916666667 0.2555462962962963
0 0.46079166666666665 0.42159722222222223 0.05748697916666667 0.27025
0 0.369171875 0.3906712962962963 0.09609114583333334 0.23958796296296295
0 0.35599479166666664 0.29430092592592594 0.062890625 0.20592592592592593
0 0.4259791666666667 0.3038472222222222 0.06317708333333333 0.20630555555555555
