0 0.8515625 0.3625 0.103515625 0.29444444444444445
0 0.549609375 0.49375 0.10703125 0.30694444444444446
0 0.177734375 0.6194444444444445 0.1078125 0.28055555555555556
0 0.91171875 0.25277777777777777 0.065625 0.24166666666666667
0 0.130859375 0.3576388888888889 0.0765625 0.2298611111111111
0 0.03046875 0.5472222222222223 0.0609375 0.35555555555555557
0 0.24140625 0.3659722222222222 0.094921875 0.23194444444444445
0 0.261328125 0.25625 0.066796875 0.2111111111111111
0 0.309375 0.48680555555555555 0.11640625 0.32569444444444445
1 0.3453125 0.3645833333333333 0.046875 0.06736111111111111
