0 0.46328125 0.5513888888888889 0.16328125 0.4013888888888889
1 0.37265625 0.30486111111111114 0.0546875 0.06111111111111111
0 0.651953125 0.5090277777777777 0.1265625 0.29444444444444445
0 0.74765625 0.36180555555555555 0.117578125 0.32013888888888886
0 0.880859375 0.25277777777777777 0.055859375 0.27291666666666664
0 0.15703125 0.5777777777777777 0.10546875 0.3173611111111111
0 0.01875 0.53125 0.0375 0.3375
0 0.144140625 0.28402777777777777 0.066796875 0.2534722222222222
0 0.10546875 0.47708333333333336 0.09609375 0.3111111111111111
0 0.210546875 0.37222222222222223 0.08515625 0.29583333333333334
