0 0.26767968750000004 0.28453240740740743 0.05931510416666667 0.1887824074074074
0 0.20103645833333333 0.4114861111111111 0.06854947916666668 0.2587453703703704
0 0.853375 0.39256018518518515 0.044515624999999996 0.21755555555555556
1 0.846078125 0.4020462962962963 0.020067708333333333 0.03857407407407407
0 0.7389791666666666 0.42353240740740744 0.09755208333333334 0.246212962962963
0 0.61390625 0.5055833333333333 0.081625 0.29995370370370367
0 0.7650390625 0.5695833333333333 0.063953125 0.32809722222222226
0 0.4433385416666667 0.40403703703703703 0.09034375 0.2485787037037037
0 0.367953125 0.36772222222222223 0.05057552083333334 0.24602314814814813
0 0.3552109375 0.5078148148148148 0.06521614583333334 0.30898148148148147
0 0.3954765625 0.37017592592592596 0.04381510416666667 0.23340740740740742
