0 0.7575390624999999 0.5757407407407407 0.07497656250000001 0.35518055555555555
0 0.6741927083333333 0.5074722222222222 0.08015625 0.3529027777777778
0 0.6236171875000001 0.3269768518518518 0.07536197916666666 0.2789537037037037
0 0.3579453125 0.3524305555555556 0.07005729166666666 0.28356944444444443
0 0.3086744791666666 0.2749166666666667 0.07307812500000001 0.22575925925925924
0 0.022786458333333332 0.5082453703703703 0.045572916666666664 0.33593518518518517
0 0.6993697916666667 0.26372685185185185 0.08363802083333334 0.23579166666666668
0 0.9233671875 0.5472083333333333 0.057671875000000004 0.2796018518518519
0 0.96875 0.5040046296296297 0.0625 0.32282407407407404
0 0.9392161458333333 0.5097962962962963 0.10759895833333334 0.28347685185185184
