0 0.01953125 0.5144120370370371 0.0390625 0.35135648148148146
0 0.369015625 0.34317592592592594 0.08438802083333334 0.26814351851851853
0 0.32191406250000004 0.26295833333333335 0.05528385416666667 0.23733333333333334
0 0.6989401041666666 0.26025925925925925 0.10881510416666668 0.2365648148148148
0 0.6548723958333333 0.49937500000000007 0.097953125 0.32591203703703703
0 0.7573229166666666 0.5884675925925925 0.09104427083333334 0.3328009259259259
0 0.8699765625 0.5013101851851851 0.1019296875 0.28811111111111115
0 0.6396796874999999 0.32466203703703705 0.06581770833333334 0.2835833333333333
1 0.906 0.5171527777777778 0.0229375 0.06208796296296297
0 0.9713541666666666 0.5105601851851852 0.057291666666666664 0.3220462962962963
0 0.9279270833333333 0.5410324074074074 0.07460416666666667 0.2950324074074074
0 0.9311848958333333 0.4565740740740741 0.09413802083333334 0.23259722222222223
