0 0.27220833333333333 0.26409722222222226 0.037471354166666665 0.2344675925925926
0 0.6271692708333333 0.238375 0.0321171875 0.2756203703703704
1 0.6128463541666667 0.045898148148148146 0.017361979166666666 0.03572685185185185
0 0.656828125 0.3016435185185185 0.056713541666666666 0.25708796296296293
0 0.6058307291666666 0.3380324074074074 0.058882812500000006 0.21259259259259258
0 0.5776197916666667 0.4428287037037037 0.053096354166666665 0.2832824074074074
0 0.5310338541666667 0.5226805555555556 0.04788802083333333 0.28815277777777776
0 0.5041953124999999 0.617574074074074 0.06539322916666666 0.29636111111111113
0 0.362484375 0.33443981481481483 0.06235416666666667 0.24551851851851855
0 0.7948489583333332 0.6360925925925927 0.0627890625 0.3364861111111111
