0 0.09878645833333333 0.4758472222222222 0.1003515625 0.3359537037037037
0 0.9439869791666666 0.21435648148148148 0.07200520833333333 0.24816203703703701
0 0.9780807291666667 0.41491203703703705 0.043835937500000005 0.288162037037037
0 0.43651822916666666 0.21744444444444444 0.06748177083333333 0.23581944444444444
0 0.289140625 0.2772268518518518 0.08783072916666666 0.2581527777777778
0 0.3529583333333333 0.28840740740740745 0.09913541666666667 0.22036574074074075
0 0.31953125 0.49050462962962965 0.11215104166666667 0.3189722222222222
1 0.40242968749999997 0.4419490740740741 0.0366484375 0.057736111111111106
0 0.426515625 0.5642777777777778 0.08805989583333333 0.3130787037037037
0 0.43983333333333335 0.47451851851851856 0.084390625 0.27559259259259256
