0 0.12070833333333333 0.29650925925925925 0.08256250000000001 0.25043055555555555
0 0.21946875 0.5834537037037038 0.10039583333333332 0.3335787037037037
0 0.5443984374999999 0.5753518518518519 0.11744270833333334 0.3497824074074074
0 0.7047994791666666 0.5437268518518519 0.11272395833333333 0.3328287037037037
0 0.7241145833333333 0.37017592592592596 0.09666927083333333 0.2820138888888889
0 0.8639036458333333 0.29881481481481487 0.08281510416666667 0.27975
0 0.23791666666666667 0.3620740740740741 0.0878125 0.2797037037037037
0 0.19385416666666666 0.4928240740740741 0.06999739583333334 0.27731944444444445
1 0.3642369791666667 0.17273148148148149 0.03316145833333333 0.06305092592592593
0 0.018229166666666668 0.5475833333333333 0.036458333333333336 0.35288425925925926
