0 0.33682031250000005 0.31931481481481483 0.04398177083333333 0.24032407407407408
0 0.3177890625 0.25549537037037034 0.07189322916666667 0.2039074074074074
0 0.5899036458333333 0.4330694444444444 0.04642447916666667 0.2663425925925926
0 0.5874609375 0.2601759259259259 0.04943229166666666 0.16615277777777776
0 0.6331822916666667 0.27779629629629626 0.035994791666666665 0.22444907407407408
0 0.6522604166666667 0.22801388888888888 0.04106770833333333 0.19706481481481483
1 0.6626197916666666 0.18049537037037036 0.015755208333333333 0.03003240740740741
0 0.7950885416666666 0.5722916666666668 0.0589453125 0.27428703703703705
0 0.8139635416666666 0.5234861111111111 0.06892447916666668 0.2507175925925926
0 0.9765911458333334 0.7133472222222222 0.04681510416666667 0.31056018518518513
