0 0.901765625 0.6322037037037037 0.12559895833333334 0.320587962962963
0 0.7234166666666667 0.6250231481481481 0.08207291666666668 0.3525277777777778
0 0.5204036458333333 0.5575324074074074 0.11997916666666668 0.33122222222222225
0 0.22383854166666667 0.3132037037037037 0.06198177083333333 0.21039814814814814
0 0.3852421875 0.45437962962962963 0.08221875000000001 0.2679490740740741
0 0.39257291666666666 0.38457407407407407 0.05327083333333334 0.2434675925925926
0 0.43955208333333334 0.3875046296296296 0.09013802083333333 0.2434722222222222
0 0.5106145833333333 0.41108333333333336 0.07871354166666666 0.20803240740740742
0 0.5445390625000001 0.3675324074074074 0.05371614583333333 0.22480555555555554
1 0.529484375 0.31574537037037037 0.014791666666666667 0.02876388888888889
