0 0.8529557291666666 0.45164814814814813 0.06903125 0.24857407407407406
0 0.9088697916666667 0.4942916666666667 0.08134635416666666 0.2746851851851852
0 0.9675416666666667 0.4617685185185185 0.06491666666666666 0.2283287037037037
1 0.9317109375 0.4787268518518518 0.019276041666666667 0.03331481481481481
0 0.6526588541666667 0.47081944444444446 0.0800703125 0.27535648148148145
0 0.5119791666666667 0.35986574074074074 0.05090885416666667 0.24019444444444446
0 0.3060598958333333 0.4739675925925926 0.074203125 0.2793425925925926
0 0.4330572916666667 0.4961666666666667 0.07563020833333334 0.2915
0 0.5661536458333334 0.3378842592592593 0.074625 0.19675925925925927
0 0.3215260416666667 0.41585185185185186 0.0944140625 0.2601805555555556
0 0.12299479166666667 0.3971111111111111 0.0345390625 0.24796296296296297
