0 0.12708854166666667 0.3733518518518519 0.040052083333333335 0.23562037037037037
0 0.29892447916666665 0.4142824074074074 0.06393489583333332 0.27241203703703704
0 0.32682812499999997 0.45087037037037037 0.06471354166666667 0.2733888888888889
0 0.41154166666666664 0.5048333333333334 0.04909635416666667 0.3071759259259259
0 0.5396875 0.3861944444444444 0.05790104166666667 0.23301388888888888
0 0.6421015625000001 0.47981481481481486 0.08290625 0.27976851851851847
0 0.5477526041666666 0.32856944444444447 0.08725260416666666 0.22137037037037038
0 0.851890625 0.45375462962962965 0.077953125 0.223125
0 0.9037083333333332 0.47555092592592596 0.07888020833333333 0.24874537037037037
0 0.948234375 0.4448842592592593 0.08622395833333334 0.24581481481481482
1 0.91859375 0.42685185185185187 0.018518229166666667 0.03305092592592593
