0 0.866015625 0.2763888888888889 0.062890625 0.26875
0 0.676953125 0.5145833333333333 0.090625 0.3145833333333333
0 0.73359375 0.36736111111111114 0.084375 0.2972222222222222
0 0.178515625 0.6138888888888889 0.088671875 0.37430555555555556
0 0.516015625 0.5923611111111111 0.149609375 0.3375
1 0.372265625 0.23125 0.05 0.07291666666666667
0 0.02421875 0.5361111111111111 0.048046875 0.3541666666666667
0 0.139453125 0.4673611111111111 0.076171875 0.3034722222222222
0 0.1296875 0.32083333333333336 0.06640625 0.2881944444444444
0 0.226953125 0.3701388888888889 0.097265625 0.25763888888888886
