0 0.573828125 0.5944444444444444 0.119140625 0.38819444444444445
0 0.721484375 0.5319444444444444 0.098828125 0.29097222222222224
0 0.855078125 0.2847222222222222 0.072265625 0.2590277777777778
0 0.709765625 0.3576388888888889 0.078515625 0.24791666666666667
0 0.1296875 0.3145833333333333 0.074609375 0.25416666666666665
0 0.259765625 0.4722222222222222 0.1 0.28194444444444444
0 0.2625 0.5652777777777778 0.08515625 0.3388888888888889
1 0.3421875 0.13541666666666666 0.038671875 0.04861111111111111
0 0.25234375 0.3541666666666667 0.077734375 0.27361111111111114
0 0.021484375 0.5659722222222222 0.04296875 0.3076388888888889
