0 0.6201458333333334 0.41490740740740745 0.08404166666666667 0.33444444444444443
0 0.7642682291666667 0.34703703703703703 0.08062239583333333 0.26351388888888894
0 0.7545052083333333 0.529074074074074 0.093203125 0.2911944444444445
0 0.8658515625 0.6123842592592592 0.09628645833333334 0.3312453703703704
0 0.8988411458333334 0.5078657407407408 0.07893229166666667 0.29350925925925925
0 0.5140078124999999 0.2907222222222222 0.07228385416666666 0.2620046296296296
0 0.5569817708333333 0.21512962962962964 0.064484375 0.24044907407407407
0 0.3223463541666666 0.3350787037037037 0.056153645833333335 0.25349537037037034
0 0.23878125 0.29188425925925926 0.058294270833333335 0.25043055555555555
0 0.018229166666666668 0.44962500000000005 0.036458333333333336 0.3112824074074074
