0 0.5300520833333333 0.2666944444444444 0.0701171875 0.2077314814814815
0 0.9442395833333334 0.3895509259259259 0.07076041666666667 0.2521388888888889
0 0.902421875 0.4154305555555556 0.0739296875 0.25901851851851854
0 0.14196354166666666 0.367462962962963 0.056484375 0.25001851851851853
0 0.30288020833333335 0.45456944444444447 0.06755729166666667 0.26716666666666666
0 0.36971614583333334 0.5001712962962962 0.05018489583333333 0.2870694444444445
0 0.5128437499999999 0.3181759259259259 0.0447734375 0.23439814814814816
0 0.37109635416666664 0.44651851851851854 0.061625 0.25548611111111114
0 0.569015625 0.7201157407407408 0.11545052083333333 0.35953240740740744
0 0.5843020833333333 0.6041666666666666 0.07098697916666666 0.3290787037037037
