0 0.876953125 0.41875 0.07421875 0.27152777777777776
0 0.649609375 0.47708333333333336 0.087890625 0.3458333333333333
0 0.730078125 0.5583333333333333 0.093359375 0.30972222222222223
0 0.96015625 0.5881944444444445 0.079296875 0.3701388888888889
0 0.901953125 0.5354166666666667 0.072265625 0.2881944444444444
1 0.904296875 0.4111111111111111 0.0296875 0.06736111111111111
0 0.573046875 0.29791666666666666 0.065234375 0.26319444444444445
0 0.632421875 0.23055555555555557 0.066796875 0.225
0 0.30390625 0.3541666666666667 0.073828125 0.28680555555555554
0 0.249609375 0.2652777777777778 0.090234375 0.24791666666666667
