0 0.37892447916666666 0.44911574074074073 0.045036458333333335 0.30041666666666667
0 0.47826562499999997 0.3210324074074074 0.0537578125 0.20387962962962963
0 0.45049218750000003 0.2565092592592592 0.053309895833333336 0.21395833333333333
0 0.7888906250000001 0.3425972222222222 0.08127083333333333 0.24280555555555558
1 0.7478255208333333 0.26425925925925925 0.015971354166666667 0.03102314814814815
0 0.760953125 0.7150833333333333 0.08735937499999999 0.34114351851851854
0 0.6744348958333333 0.417875 0.065984375 0.2496851851851852
0 0.18754166666666666 0.3316527777777778 0.052484375 0.23713425925925927
0 0.9371041666666666 0.5762546296296297 0.07916145833333334 0.28433796296296293
0 0.9854296875 0.8163148148148148 0.029140625 0.36737037037037035
