0 0.017578125 0.45069444444444445 0.03515625 0.2972222222222222
0 0.23671875 0.27847222222222223 0.093359375 0.25
0 0.30859375 0.3277777777777778 0.069921875 0.2652777777777778
0 0.529296875 0.3145833333333333 0.0921875 0.26666666666666666
0 0.59296875 0.2152777777777778 0.048046875 0.2590277777777778
0 0.638671875 0.42083333333333334 0.074609375 0.3375
0 0.8015625 0.3527777777777778 0.098046875 0.2743055555555556
0 0.7453125 0.5305555555555556 0.0921875 0.3138888888888889
0 0.878515625 0.6173611111111111 0.140234375 0.2847222222222222
0 0.892578125 0.5222222222222223 0.079296875 0.2708333333333333
