0 0.088671875 0.31805555555555554 0.062890625 0.25416666666666665
0 0.45 0.31527777777777777 0.061328125 0.26805555555555555
0 0.371484375 0.22430555555555556 0.07109375 0.24375
0 0.574609375 0.16666666666666666 0.06875 0.2076388888888889
0 0.624609375 0.28125 0.082421875 0.2375
0 0.730078125 0.30416666666666664 0.0828125 0.26319444444444445
0 0.809375 0.18680555555555556 0.07421875 0.2111111111111111
1 0.834765625 0.12361111111111112 0.031640625 0.05277777777777778
0 0.969140625 0.5138888888888888 0.06171875 0.28888888888888886
0 0.97890625 0.32569444444444445 0.0421875 0.1986111111111111
