0 0.9420364583333334 0.5361064814814814 0.08459375 0.3305601851851852
0 0.7701302083333333 0.276837962962963 0.08973958333333334 0.2620092592592593
0 0.32755989583333334 0.27067129629629627 0.08220052083333333 0.22190277777777778
0 0.6264427083333334 0.5348564814814815 0.09923958333333333 0.3289768518518519
0 0.8046432291666666 0.608912037037037 0.09365885416666667 0.3381898148148148
0 0.016276041666666668 0.5244398148148148 0.032552083333333336 0.35906481481481484
0 0.39332552083333333 0.32890277777777777 0.080921875 0.2966944444444444
0 0.6229713541666667 0.3531990740740741 0.10965104166666667 0.2542685185185185
0 0.7206432291666667 0.4534814814814815 0.10534895833333334 0.30048148148148146
0 0.7466875000000001 0.4442407407407407 0.08452343749999999 0.18014814814814814
