0 0.8769192708333333 0.41877314814814814 0.07415104166666667 0.2711898148148148
0 0.6494479166666667 0.477 0.08796093749999999 0.3459814814814815
0 0.7301927083333334 0.5583888888888888 0.09319791666666667 0.3096805555555555
0 0.9602864583333334 0.588462962962963 0.07942708333333333 0.36982870370370374
0 0.9020963541666667 0.53525 0.07242187500000001 0.28809259259259257
1 0.9042630208333333 0.41108796296296296 0.0298828125 0.0675462962962963
0 0.5730442708333333 0.2976712962962963 0.065359375 0.2635324074074074
0 0.6322994791666667 0.23056018518518517 0.06668229166666667 0.22500925925925924
0 0.3038984375 0.35397222222222224 0.0739453125 0.28665277777777776
0 0.24963802083333334 0.2652685185185185 0.09042187500000001 0.24813425925925928
