0 0.120703125 0.2965277777777778 0.082421875 0.25069444444444444
0 0.21953125 0.5833333333333334 0.100390625 0.3333333333333333
0 0.54453125 0.5756944444444444 0.117578125 0.35
0 0.7046875 0.54375 0.112890625 0.3326388888888889
0 0.72421875 0.3701388888888889 0.096484375 0.28194444444444444
0 0.8640625 0.2986111111111111 0.0828125 0.2798611111111111
0 0.237890625 0.36180555555555555 0.087890625 0.2798611111111111
0 0.19375 0.4930555555555556 0.069921875 0.27708333333333335
1 0.3640625 0.17291666666666666 0.033203125 0.06319444444444444
0 0.018359375 0.5479166666666667 0.036328125 0.3527777777777778
