0 0.03278125 0.5608564814814815 0.06555989583333334 0.31392129629629634
0 0.9399505208333333 0.41232407407407407 0.051934895833333335 0.24991203703703702
0 0.8248359375 0.21479166666666666 0.04029427083333333 0.17900925925925928
1 0.8027786458333334 0.19007407407407406 0.0128515625 0.024652777777777777
0 0.7727291666666667 0.2793333333333333 0.06999479166666665 0.18269907407407407
0 0.7828463541666667 0.3810925925925926 0.06608854166666667 0.2509074074074074
0 0.8247057291666666 0.6093564814814815 0.10134635416666667 0.2791574074074074
0 0.7514088541666666 0.6144398148148148 0.07859375 0.3291990740740741
0 0.4097734375 0.20784259259259258 0.04670833333333334 0.21031018518518518
0 0.4045546875 0.25937037037037036 0.06391406250000001 0.18347222222222223
