0 0.8078958333333334 0.5795972222222222 0.08194010416666667 0.3351203703703704
0 0.8159270833333333 0.3130925925925926 0.0745625 0.26970370370370367
0 0.6887343749999999 0.37634259259259256 0.08059375 0.31286574074074075
0 0.6095130208333334 0.549125 0.11225520833333333 0.3621388888888889
0 0.38681249999999995 0.3443287037037037 0.0678984375 0.3090277777777778
0 0.9713541666666666 0.5309953703703704 0.057291666666666664 0.3582916666666667
0 0.25788541666666664 0.28918518518518516 0.08608333333333333 0.2404074074074074
0 0.022135416666666668 0.5614722222222223 0.044270833333333336 0.3127638888888889
1 0.49099739583333335 0.4149398148148148 0.043622395833333334 0.07217592592592594
0 0.5179140624999999 0.4666018518518519 0.074890625 0.2619027777777778
0 0.5556822916666667 0.4419074074074074 0.10355468749999999 0.33288425925925924
