0 0.22280468750000001 0.2919537037037037 0.037679687499999996 0.19799074074074074
0 0.30521614583333334 0.3607222222222222 0.054734375 0.2544722222222222
0 0.5475260416666666 0.2740648148148148 0.06185416666666667 0.19009722222222222
0 0.516140625 0.22169907407407408 0.07346875 0.1781898148148148
0 0.6820546875000001 0.30963425925925925 0.04604427083333333 0.23984722222222224
1 0.6572578124999999 0.3324305555555555 0.015645833333333335 0.025777777777777778
0 0.6236927083333333 0.4259074074074074 0.06195572916666667 0.2614722222222222
0 0.7806875000000001 0.5931944444444445 0.07378385416666666 0.28674537037037034
0 0.8553541666666666 0.5784398148148149 0.08900260416666667 0.2736898148148148
0 0.9908098958333333 0.6754583333333334 0.01838020833333333 0.23056944444444444
