0 0.5408802083333334 0.40576851851851853 0.06746614583333334 0.27299537037037036
0 0.5896953125 0.6776898148148148 0.077515625 0.2821435185185185
0 0.3631536458333333 0.3865925925925926 0.049578125 0.2522222222222222
0 0.5473802083333333 0.29661574074074076 0.057044270833333334 0.22346296296296297
1 0.838328125 0.2540925925925926 0.014669270833333333 0.030342592592592595
0 0.84 0.2846666666666667 0.046721354166666666 0.20715277777777777
0 0.8509453125 0.4889814814814815 0.08154687499999999 0.2574444444444445
0 0.9082734375 0.49744907407407407 0.06158333333333333 0.26486574074074076
0 0.34663802083333334 0.321712962962963 0.03665885416666667 0.23693055555555556
0 0.7478932291666667 0.32523148148148145 0.05333854166666666 0.2147638888888889
0 0.5572604166666667 0.7325972222222222 0.12135416666666667 0.3015787037037037
