1 0.9896406249999999 0.4678981481481481 0.020666666666666667 0.03894444444444445
0 0.9882291666666667 0.4855879629629629 0.0235390625 0.18772685185185187
0 0.9453463541666667 0.5171944444444445 0.09623177083333333 0.2666296296296296
0 0.8318723958333333 0.4316342592592593 0.07342708333333332 0.2613657407407407
0 0.6742343749999999 0.4615185185185185 0.054375 0.2904351851851852
0 0.4624453125 0.4748287037037038 0.1196953125 0.2958148148148148
0 0.29512499999999997 0.4991712962962963 0.06591666666666667 0.30062500000000003
0 0.42312760416666667 0.32310648148148147 0.06841666666666667 0.21505092592592592
0 0.48515885416666665 0.2975416666666667 0.08017447916666667 0.1980925925925926
0 0.408875 0.42637962962962966 0.08550520833333333 0.26464351851851853
0 0.12822395833333333 0.43349074074074073 0.05723958333333334 0.2633935185185185
