0 0.6203125 0.41458333333333336 0.083984375 0.3347222222222222
0 0.764453125 0.3472222222222222 0.08046875 0.26319444444444445
0 0.7546875 0.5291666666666667 0.093359375 0.29097222222222224
0 0.866015625 0.6125 0.09609375 0.33125
0 0.898828125 0.5076388888888889 0.07890625 0.29375
0 0.5140625 0.29097222222222224 0.072265625 0.26180555555555557
0 0.55703125 0.2152777777777778 0.064453125 0.24027777777777778
0 0.322265625 0.33541666666666664 0.05625 0.2534722222222222
0 0.238671875 0.2916666666666667 0.058203125 0.25069444444444444
0 0.018359375 0.44930555555555557 0.036328125 0.3111111111111111
