0 0.55859375 0.29791666666666666 0.1015625 0.2625
0 0.69375 0.3347222222222222 0.077734375 0.26666666666666666
0 0.948046875 0.5618055555555556 0.097265625 0.35
0 0.915234375 0.34791666666666665 0.072265625 0.2375
0 0.749609375 0.2326388888888889 0.071875 0.22013888888888888
1 0.7265625 0.2298611111111111 0.023828125 0.05277777777777778
0 0.49765625 0.18194444444444444 0.0578125 0.2388888888888889
0 0.404296875 0.34652777777777777 0.0921875 0.26180555555555557
0 0.319921875 0.2548611111111111 0.090625 0.25069444444444444
0 0.04140625 0.3638888888888889 0.080078125 0.2972222222222222
