0 0.22708072916666666 0.2966898148148148 0.0573671875 0.196
0 0.22315625 0.4240277777777778 0.05160677083333333 0.2734583333333333
0 0.4101927083333334 0.35900925925925925 0.052036458333333334 0.2267638888888889
0 0.3665338541666667 0.3816851851851852 0.060513020833333334 0.2195
0 0.3540390625 0.5073935185185185 0.06961458333333333 0.3047824074074074
0 0.4677265625 0.3932175925925926 0.08445572916666667 0.26194907407407403
0 0.6064244791666666 0.4976481481481482 0.06790104166666668 0.2938101851851852
0 0.7247994791666666 0.4194953703703704 0.08869010416666666 0.18958333333333333
1 0.8437916666666666 0.41574074074074074 0.01815625 0.03255092592592593
0 0.7721223958333333 0.5587500000000001 0.06335677083333333 0.3254861111111111
0 0.8295546874999999 0.39968981481481486 0.0823046875 0.20025
