0 0.5116041666666666 0.3945462962962963 0.05737760416666667 0.2670416666666666
0 0.8379088541666667 0.47206018518518517 0.0813359375 0.25707870370370367
0 0.9005963541666666 0.379125 0.06353125 0.19423148148148148
0 0.353578125 0.37551851851851853 0.03725520833333333 0.2523287037037037
0 0.35106510416666664 0.32234722222222223 0.0409453125 0.21710185185185185
0 0.5840104166666666 0.27787962962962964 0.04846875 0.21738425925925928
0 0.7959088541666667 0.39516666666666667 0.0533203125 0.18560648148148148
1 0.9312239583333334 0.3569398148148148 0.01628125 0.03110648148148148
0 0.9108619791666667 0.5180462962962963 0.09471875 0.2136898148148148
0 0.26772395833333335 0.4998935185185185 0.054463541666666664 0.2951944444444444
0 0.3683723958333333 0.5529305555555555 0.06921875000000001 0.31455092592592593
