0 0.4695182291666667 0.34951851851851856 0.09748177083333333 0.2277962962962963
0 0.6409374999999999 0.3124537037037037 0.056338541666666665 0.22675925925925927
0 0.7462447916666667 0.3096944444444445 0.08113802083333334 0.2017962962962963
1 0.7376744791666667 0.3029675925925926 0.013713541666666666 0.032407407407407406
0 0.47917447916666667 0.40373611111111113 0.09096614583333333 0.24531944444444445
0 0.5732838541666666 0.5710046296296296 0.12033593749999999 0.33945833333333336
0 0.5973385416666667 0.41501388888888885 0.07496614583333333 0.26137037037037036
0 0.6544791666666666 0.38586111111111115 0.07039583333333334 0.22418518518518518
0 0.8541822916666667 0.5764490740740741 0.10753645833333333 0.3041898148148148
0 0.7116770833333333 0.7515601851851851 0.11599479166666667 0.3846712962962963
