0 0.4953255208333333 0.2967592592592593 0.09783854166666667 0.2201851851851852
0 0.36626302083333334 0.34530092592592593 0.08801302083333334 0.22265740740740741
0 0.3956354166666667 0.3930925925925926 0.10026822916666665 0.22662962962962963
0 0.5098515625 0.4063333333333333 0.07301041666666667 0.2546157407407407
0 0.7704036458333333 0.4151712962962963 0.05314583333333334 0.22755092592592593
0 0.8459505208333333 0.37245370370370373 0.07533333333333332 0.2322175925925926
1 0.8738958333333334 0.3299861111111111 0.016059895833333334 0.031643518518518515
0 0.5595104166666667 0.5447083333333333 0.09181770833333333 0.3967453703703704
0 0.7913255208333333 0.7777962962962963 0.111046875 0.39076388888888886
0 0.99078125 0.5971527777777778 0.0184375 0.2110787037037037
0 0.8028932291666667 0.5305000000000001 0.0917109375 0.24296296296296294
