0 0.49186718749999997 0.5005370370370371 0.08529947916666666 0.29274074074074075
0 0.06774739583333332 0.4958981481481482 0.10164322916666667 0.35754166666666665
1 0.31908333333333333 0.5063703703703704 0.025893229166666667 0.05207407407407408
0 0.2889244791666667 0.5784444444444444 0.10910416666666665 0.300412037037037
0 0.2821979166666667 0.4820231481481482 0.10866666666666666 0.3112638888888889
0 0.9426848958333333 0.34279166666666666 0.062453125 0.2689166666666667
0 0.9396458333333333 0.2216898148148148 0.056374999999999995 0.2211574074074074
0 0.19928125 0.3177222222222222 0.0990859375 0.25118981481481484
0 0.29717187500000003 0.32813888888888887 0.09434635416666667 0.23961111111111108
0 0.35098697916666666 0.2583935185185185 0.07406770833333334 0.2285787037037037
