0 0.5453125 0.6090277777777777 0.085546875 0.3104166666666667
0 0.4515625 0.5298611111111111 0.06328125 0.2743055555555556
0 0.24140625 0.4909722222222222 0.071484375 0.2875
0 0.401171875 0.575 0.0765625 0.32916666666666666
0 0.378515625 0.21597222222222223 0.047265625 0.18680555555555556
0 0.50546875 0.8819444444444444 0.08203125 0.2361111111111111
1 0.36171875 0.36041666666666666 0.025390625 0.04791666666666667
0 0.365234375 0.5493055555555556 0.05390625 0.3958333333333333
0 0.288671875 0.4388888888888889 0.05078125 0.25625
0 0.36328125 0.33611111111111114 0.048046875 0.21736111111111112
0 0.08359375 0.4986111111111111 0.051171875 0.31180555555555556
