0 0.07645572916666667 0.3074953703703704 0.0566640625 0.26831944444444444
0 0.15045572916666666 0.615587962962963 0.07820052083333334 0.300287037037037
0 0.4498046875 0.9070555555555556 0.081953125 0.18588888888888888
0 0.4842135416666667 0.26775462962962965 0.0400390625 0.17405555555555555
0 0.37144791666666666 0.36506944444444445 0.054114583333333334 0.18628703703703703
0 0.47201302083333335 0.5549768518518519 0.07882552083333333 0.29583796296296294
0 0.6121484375 0.5163287037037037 0.0725703125 0.26525462962962965
0 0.39725520833333333 0.5399583333333333 0.08695833333333333 0.2925
0 0.4210286458333333 0.4334722222222222 0.082578125 0.2252175925925926
0 0.6811197916666667 0.47851388888888885 0.047859375 0.2496851851851852
0 0.5081432291666667 0.35756481481481484 0.0403515625 0.20463888888888887
