0 0.10677083333333333 0.8526250000000001 0.09895833333333333 0.2947546296296296
0 0.265625 0.8557083333333333 0.07465364583333334 0.2885787037037037
0 0.37934114583333334 0.658949074074074 0.07465364583333334 0.3333333333333333
0 0.15841927083333335 0.3433657407407407 0.0633671875 0.22685185185185186
0 0.45355989583333334 0.5956805555555555 0.0546875 0.327162037037037
0 0.5203984375 0.596449074074074 0.052950520833333334 0.2916666666666667
0 0.5850703125 0.5979953703703704 0.07117968749999999 0.2824074074074074
1 0.6115442708333333 0.5902777777777778 0.025174479166666666 0.041666666666666664
0 0.3958333333333333 0.2361111111111111 0.039929687500000005 0.1635787037037037
0 0.3975703125 0.4367268518518519 0.045138020833333334 0.2376527777777778
0 0.53125 0.35956944444444444 0.048611979166666666 0.21296296296296297
