0 0.3880208333333333 0.8731481481481481 0.07916666666666666 0.2537037037037037
0 0.5322083333333334 0.2619814814814815 0.036434895833333335 0.10409722222222222
1 0.562625 0.33312037037037034 0.025700520833333334 0.0439537037037037
0 0.29717187500000003 0.40425462962962966 0.043265624999999995 0.25099537037037034
0 0.11105989583333334 0.6460694444444445 0.07121875000000001 0.3254907407407407
0 0.44442968749999995 0.48351851851851857 0.07996093750000001 0.268537037037037
0 0.5045416666666667 0.5585231481481482 0.07110677083333333 0.31875
0 0.5586119791666667 0.5007083333333333 0.05510416666666666 0.3292453703703703
0 0.0609921875 0.34402777777777777 0.03949739583333333 0.2390925925925926
0 0.5494557291666666 0.5154259259259258 0.09616145833333332 0.3102916666666667
0 0.49590885416666663 0.5029398148148148 0.06105208333333333 0.27259259259259255
0 0.5238515625 0.3850648148148148 0.05451822916666667 0.24103240740740742
