0 0.39036458333333335 0.8944444444444445 0.08177083333333333 0.2111111111111111
0 0.49838541666666664 0.2877222222222222 0.03882291666666667 0.179625
1 0.4190703125 0.14511574074074074 0.02468229166666667 0.047078703703703706
0 0.49915625 0.5448194444444444 0.06401822916666668 0.2943472222222222
0 0.392203125 0.5441342592592592 0.07995833333333334 0.3030324074074074
0 0.387703125 0.48562962962962963 0.05501822916666667 0.24635648148148148
0 0.32214322916666666 0.5034537037037037 0.06992968749999999 0.29480555555555554
0 0.3256145833333333 0.527449074074074 0.0619609375 0.344625
0 0.0857421875 0.6935925925925926 0.070703125 0.35056944444444443
0 0.21172135416666665 0.38713425925925926 0.04550520833333334 0.2513842592592593
0 0.18202604166666667 0.24978703703703703 0.043192708333333336 0.2015648148148148
