0 0.027380208333333333 0.347462962962963 0.054760416666666666 0.23902777777777776
0 0.22950520833333332 0.5789722222222222 0.11174739583333333 0.2572314814814815
0 0.5493906249999999 0.49824074074074076 0.07835677083333333 0.33479629629629626
0 0.5275755208333334 0.41631944444444446 0.050755208333333336 0.21844907407407407
1 0.5789973958333333 0.34508796296296296 0.019143229166666668 0.039574074074074074
0 0.30541406249999997 0.886638888888889 0.05965885416666667 0.22671759259259258
0 0.4959635416666667 0.2884953703703704 0.04184895833333333 0.17491666666666666
0 0.5266848958333333 0.5200046296296297 0.05965885416666667 0.3688333333333333
0 0.4269557291666667 0.4875555555555555 0.1023984375 0.2691064814814815
0 0.4136015625 0.624087962962963 0.10952083333333333 0.3173842592592592
0 0.10529166666666666 0.6177546296296296 0.060994791666666666 0.3078888888888889
0 0.23061979166666668 0.3929722222222222 0.0685625 0.23823611111111112
