0 0.5197239583333333 0.2941342592592593 0.028927083333333332 0.18560185185185185
0 0.3839375 0.8728055555555555 0.0798359375 0.25439351851851855
0 0.3090598958333333 0.4108425925925926 0.0479375 0.25501851851851853
0 0.5841354166666667 0.6000185185185185 0.08242708333333333 0.33258333333333334
0 0.5436328125000001 0.5640509259259259 0.10854947916666666 0.3003472222222222
0 0.5018541666666666 0.570787037037037 0.062921875 0.30206944444444445
0 0.45496614583333334 0.4968564814814815 0.10080208333333333 0.27013425925925927
0 0.501234375 0.5270787037037037 0.09851302083333334 0.2912453703703704
0 0.4777005208333333 0.35612037037037036 0.05359114583333333 0.18303240740740742
1 0.6033984375 0.37227314814814816 0.02285416666666667 0.04131481481481481
0 0.1013828125 0.6835231481481482 0.06616927083333334 0.34265277777777775
0 0.07751041666666666 0.3451574074074074 0.04185677083333333 0.24273148148148146
