0 0.1996536458333333 0.37962962962962965 0.05902864583333333 0.24074074074074073
0 0.32769010416666666 0.6257731481481482 0.08940885416666666 0.3132731481481481
0 0.28559114583333334 0.8942916666666667 0.08680468749999999 0.21141666666666667
0 0.3576380208333333 0.9776250000000001 0.03125 0.04475
0 0.4309895833333333 0.44830092592592596 0.059895833333333336 0.2669768518518518
0 0.4075520833333333 0.23225462962962964 0.040799479166666666 0.1712962962962963
1 0.5416666666666666 0.23148148148148148 0.027778645833333334 0.04938425925925926
0 0.4678828125 0.625 0.08507031250000001 0.33950462962962963
0 0.5151901041666667 0.37808796296296293 0.05121614583333333 0.22839351851851852
0 0.5060755208333333 0.5570972222222222 0.039929687500000005 0.2808657407407407
0 0.5013020833333334 0.5825601851851852 0.08420052083333333 0.35648148148148145
