0 0.06944531250000001 0.4891990740740741 0.06944531250000001 0.2808657407407407
0 0.21889843750000001 0.36646296296296293 0.06806770833333334 0.2145138888888889
0 0.1715234375 0.32693055555555556 0.08469791666666666 0.18907870370370372
0 0.15991927083333335 0.30905555555555553 0.05453125 0.1560740740740741
0 0.22121875 0.33896296296296297 0.04099479166666666 0.2296435185185185
0 0.27265625 0.5191018518518519 0.110609375 0.28327314814814814
0 0.5491822916666667 0.4905694444444445 0.06961458333333333 0.27295833333333336
0 0.5733541666666666 0.46891203703703704 0.06690625 0.2585185185185185
0 0.3734036458333333 0.6184537037037037 0.08469791666666666 0.29083333333333333
0 0.6574713541666667 0.8390740740740741 0.08353645833333333 0.32092592592592595
