0 0.1918411458333333 0.6373472222222223 0.07986197916666667 0.3024675925925926
0 0.6792526041666667 0.8310185185185185 0.07899218749999999 0.33796296296296297
0 0.050768229166666665 0.49144907407407407 0.08133854166666667 0.24761574074074075
0 0.19882552083333332 0.5032638888888888 0.14034635416666666 0.2750231481481481
0 0.08665364583333333 0.3274768518518519 0.1010078125 0.178625
0 0.06698437500000001 0.29628703703703707 0.07442708333333334 0.1635
0 0.2158359375 0.3506296296296296 0.0552890625 0.21737499999999998
0 0.21636979166666667 0.36433333333333334 0.06273177083333333 0.21075925925925926
0 0.5472994791666667 0.4805833333333333 0.06857812499999999 0.2750231481481481
0 0.5696276041666667 0.46640740740740744 0.06007291666666667 0.2561203703703704
