0 0.7734375 0.6070185185185185 0.044270833333333336 0.0597175925925926
0 0.46440885416666666 0.8649675925925926 0.11371614583333334 0.2700601851851852
0 0.4225260416666667 0.4928148148148148 0.07421875 0.34982407407407407
0 0.4856770833333333 0.5105509259259259 0.057291666666666664 0.3667824074074074
0 0.5316848958333333 0.601587962962963 0.06944531250000001 0.3111851851851852
0 0.20703125 0.41144444444444445 0.078125 0.26579166666666665
0 0.07122135416666667 0.4121342592592593 0.06681510416666667 0.27588425925925925
0 0.26590885416666665 0.2713101851851852 0.05936197916666666 0.21108333333333335
0 0.21379947916666667 0.10667129629629629 0.031578125 0.14202314814814815
0 0.1899453125 0.1885601851851852 0.035916666666666666 0.18147685185185186
0 0.09954687499999999 0.1885601851851852 0.034018229166666664 0.17858796296296298
1 0.44989843749999997 0.3207962962962963 0.028278645833333334 0.04671296296296296
