0 0.18186979166666667 0.8520046296296296 0.07822395833333333 0.2959907407407408
0 0.3698020833333333 0.22696759259259258 0.04038802083333334 0.20774074074074075
0 0.46147656249999996 0.8599583333333334 0.11048177083333334 0.28008333333333335
1 0.4219427083333333 0.8106203703703704 0.0314140625 0.053759259259259264
0 0.0650390625 0.43100925925925926 0.06847656249999999 0.18974074074074074
0 0.1002265625 0.4459722222222222 0.08624479166666667 0.223875
0 0.15460416666666665 0.5030787037037038 0.07842708333333334 0.28755555555555556
0 0.23729427083333335 0.5673472222222222 0.056627604166666665 0.3225648148148148
0 0.4943046875 0.6823055555555555 0.1879609375 0.3574490740740741
0 0.5443411458333334 0.5831990740740741 0.08498177083333333 0.29976851851851855
0 0.5449088541666666 0.5295555555555556 0.08796875 0.2577037037037037
0 0.40795312499999997 0.4465277777777778 0.07237500000000001 0.23213425925925926
0 0.4139427083333333 0.42370833333333335 0.09129427083333333 0.2143101851851852
