0 0.3138020833333333 0.6766990740740741 0.08072916666666667 0.30709722222222224
0 0.2907994791666667 0.5254629629629629 0.09375 0.2824074074074074
0 0.39453125 0.2376527777777778 0.03559114583333333 0.16666666666666666
0 0.42534635416666666 0.9243842592592593 0.08507031250000001 0.15123611111111113
0 0.5295130208333333 0.8186712962962963 0.08159635416666666 0.3225324074074074
1 0.4765625 0.8364212962962964 0.027778645833333334 0.04938425925925926
0 0.44140625 0.591050925925926 0.09809114583333334 0.2839490740740741
0 0.44965364583333334 0.47607870370370364 0.07986197916666667 0.24537037037037038
0 0.5863723958333333 0.6018518518518519 0.047742187500000005 0.2777777777777778
0 0.5283359375 0.5173194444444444 0.08242968749999999 0.2804537037037037
0 0.5539166666666666 0.48889814814814814 0.03979427083333333 0.2716111111111111
0 0.5899791666666666 0.44625925925925924 0.07070572916666666 0.2507638888888889
