0 0.09635416666666667 0.5527777777777778 0.071875 0.3037037037037037
0 0.3234375 0.8805555555555555 0.075 0.2388888888888889
0 0.46484375 0.29074074074074074 0.043229166666666666 0.18333333333333332
1 0.2928151041666667 0.2513888888888889 0.019973958333333333 0.03756018518518518
0 0.2480625 0.31047685185185186 0.06873177083333333 0.19368055555555558
0 0.3217916666666667 0.4588287037037037 0.10027604166666666 0.31416666666666665
0 0.46953645833333335 0.5424814814814815 0.04315104166666666 0.2988240740740741
0 0.5057005208333334 0.36713425925925924 0.037398437500000006 0.2038425925925926
0 0.32117447916666664 0.32475925925925925 0.07027604166666666 0.15416203703703704
0 0.387546875 0.4606527777777778 0.07644010416666666 0.265212962962963
0 0.48988020833333334 0.5866851851851852 0.05589322916666666 0.3010138888888889
0 0.33453125 0.45517592592592593 0.10027604166666666 0.3039351851851852
