0 0.04747395833333334 0.4746296296296296 0.056255208333333334 0.22972685185185185
0 0.4662109375 0.930949074074074 0.07984375 0.13810185185185186
0 0.4844791666666667 0.27276388888888886 0.039921875 0.16299537037037037
0 0.6573619791666666 0.44538425925925923 0.041953125 0.24359259259259258
0 0.5979869791666667 0.47876388888888893 0.0619140625 0.2622361111111111
0 0.3949921875 0.5431203703703704 0.05244010416666667 0.29110648148148144
0 0.33595572916666666 0.5710879629629629 0.08255208333333333 0.3241898148148148
0 0.35067187499999997 0.4748564814814815 0.07341666666666667 0.2760740740740741
0 0.49581250000000004 0.38072685185185184 0.059205729166666665 0.21893055555555554
0 0.17931249999999999 0.37381018518518516 0.07172395833333334 0.2243472222222222
0 0.06681770833333332 0.29170833333333335 0.043643229166666665 0.25983333333333336
1 0.07560937499999999 0.16618518518518519 0.0172421875 0.029712962962962965
