0 0.31707291666666665 0.8792129629629629 0.08365104166666668 0.24157407407407405
0 0.46784375 0.27405555555555555 0.06970833333333333 0.1827037037037037
0 0.556203125 0.6395277777777778 0.08955208333333334 0.33111574074074074
1 0.5783359375 0.4555092592592592 0.024174479166666665 0.044189814814814814
0 0.4703958333333333 0.6189490740740741 0.05822395833333334 0.315375
0 0.4242604166666667 0.5245185185185185 0.061971354166666666 0.30084722222222227
0 0.37778125 0.6044212962962963 0.10521354166666666 0.3262731481481482
0 0.1634375 0.4079907407407407 0.06741927083333334 0.25181481481481477
0 0.11491666666666665 0.7055092592592593 0.05822395833333334 0.3674351851851852
0 0.15560677083333332 0.3235462962962963 0.06265104166666667 0.24152777777777779
0 0.14113541666666668 0.2336574074074074 0.042562499999999996 0.1985462962962963
0 0.0074921875 0.3707638888888889 0.014981770833333333 0.1822037037037037
