0 0.3536458333333333 0.8597222222222223 0.0875 0.28055555555555556
0 0.4231770833333333 0.26296296296296295 0.044270833333333336 0.17592592592592593
0 0.3819765625 0.5646435185185186 0.06797395833333333 0.290875
0 0.3703958333333333 0.48550462962962965 0.04481510416666667 0.26948611111111115
0 0.09940364583333333 0.5550185185185185 0.11459375000000001 0.24489351851851854
1 0.11549479166666667 0.44887962962962963 0.0150390625 0.03796296296296296
0 0.126171875 0.49379629629629623 0.08391406250000001 0.23473148148148149
0 0.09504166666666666 0.42535185185185187 0.08481770833333332 0.23793981481481483
0 0.07218489583333333 0.31119444444444444 0.05413802083333333 0.21387962962962964
0 0.191890625 0.3176111111111111 0.04571614583333334 0.23099074074074075
0 0.25023958333333335 0.26012962962962966 0.04090364583333333 0.19730555555555557
0 0.3461848958333333 0.44968055555555553 0.05955208333333333 0.26414351851851847
