0 0.37265625 0.9074074074074074 0.08177083333333333 0.18518518518518517
0 0.46637500000000004 0.28971296296296295 0.036796875 0.1804074074074074
0 0.224421875 0.7293009259259259 0.09504947916666667 0.36376851851851855
0 0.25033072916666665 0.5494675925925926 0.05643489583333334 0.28690740740740744
0 0.41287239583333335 0.3757962962962963 0.05940625 0.23293055555555556
0 0.4193072916666667 0.31243055555555554 0.053135416666666664 0.19772685185185185
0 0.48927343749999996 0.5083981481481482 0.10528124999999999 0.4054259259259259
0 0.5320130208333333 0.5139722222222223 0.09240885416666668 0.3461666666666667
1 0.5580859375 0.35467592592592595 0.0257421875 0.04165740740740741
0 0.5721119791666667 0.5471203703703703 0.09603906250000001 0.35144907407407405
0 0.6004947916666666 0.4831666666666667 0.0636953125 0.27752314814814816
0 0.7016510416666667 0.46145833333333336 0.05742447916666667 0.23175462962962962
