0 0.40260416666666665 0.8777777777777778 0.090625 0.24444444444444444
0 0.4845833333333333 0.26367129629629626 0.03534375 0.16447685185185185
0 0.6890234375 0.5649305555555556 0.05141927083333333 0.25869907407407405
1 0.7126744791666667 0.5317916666666667 0.019026041666666667 0.0324537037037037
0 0.5976250000000001 0.5928101851851852 0.06967447916666666 0.3062314814814815
0 0.556359375 0.5615 0.04010677083333333 0.2628101851851852
0 0.4970989583333333 0.4952268518518519 0.065046875 0.2682962962962963
0 0.36160937499999996 0.39741666666666664 0.0671015625 0.22167592592592592
0 0.46637500000000004 0.5320231481481482 0.0586171875 0.3062314814814815
0 0.4715182291666667 0.3501111111111111 0.05964583333333333 0.19196759259259258
0 0.08111718750000001 0.32702314814814815 0.037494791666666666 0.23297685185185185
0 0.12455208333333333 0.698925925925926 0.09466666666666666 0.3458333333333333
