0 0.40703125 0.8898148148148148 0.08697916666666666 0.22037037037037038
0 0.49786458333333333 0.2880601851851852 0.0368984375 0.18158333333333335
1 0.3582213541666667 0.18245833333333333 0.024174479166666665 0.04610185185185185
0 0.49403906249999996 0.5426805555555556 0.06725 0.2992777777777778
0 0.37997916666666665 0.49892129629629633 0.08746875 0.36335185185185187
0 0.32404947916666665 0.47997222222222224 0.07010677083333333 0.4098425925925926
0 0.32395572916666665 0.42918055555555557 0.053820312499999995 0.3919212962962963
0 0.346078125 0.48069907407407403 0.08668229166666667 0.2557592592592593
0 0.07154427083333334 0.6904583333333334 0.0758125 0.3532777777777778
0 0.2132109375 0.38525 0.048127604166666664 0.25622222222222224
0 0.176078125 0.23827777777777776 0.043210937500000005 0.19780092592592594
0 0.006338541666666667 0.3217685185185185 0.0126796875 0.0814212962962963
