1 0.06098177083333333 0.8584861111111111 0.049044270833333334 0.07808796296296296
0 0.06510416666666667 0.9097222222222222 0.12760416666666666 0.18055555555555555
0 0.31640625 0.8553240740740741 0.09375 0.28935185185185186
0 0.4188359375 0.6956851851851852 0.07986197916666667 0.3728472222222222
0 0.2526041666666667 0.5167361111111112 0.08072916666666667 0.2927268518518518
0 0.3361536458333333 0.2544768518518518 0.052518229166666666 0.24350000000000002
0 0.24826302083333335 0.19436574074074073 0.047742187500000005 0.17608333333333331
0 0.2085494791666667 0.22599537037037035 0.041231770833333334 0.18690277777777778
0 0.11330989583333334 0.2499166666666667 0.055585937499999995 0.19443518518518518
0 0.019953125000000002 0.06018055555555556 0.03705729166666667 0.1203564814814815
