0 0.3609375 0.8856481481481482 0.07395833333333333 0.22870370370370371
0 0.09505208333333333 0.6962962962962963 0.07239583333333334 0.34444444444444444
0 0.49946093750000004 0.28617592592592594 0.039760416666666666 0.1807777777777778
1 0.5318307291666666 0.23582407407407407 0.024981770833333337 0.043787037037037034
0 0.49154427083333335 0.5651574074074074 0.076 0.30212500000000003
0 0.4144869791666667 0.5607824074074074 0.07670572916666667 0.2871157407407407
0 0.43630208333333337 0.5257499999999999 0.05559375 0.2758564814814815
0 0.3541432291666667 0.5554629629629629 0.0939453125 0.3277731481481482
0 0.27092968749999996 0.45037499999999997 0.05770572916666667 0.2764814814814815
0 0.20812239583333333 0.40252314814814816 0.04890885416666667 0.25834259259259257
0 0.18542708333333333 0.24895833333333334 0.05348177083333334 0.2026712962962963
