0 0.32458333333333333 0.8883333333333333 0.08208333333333333 0.2233287037037037
0 0.13434635416666665 0.5816666666666667 0.09477864583333333 0.2813796296296296
0 0.29074739583333337 0.3089074074074074 0.06975520833333333 0.19741203703703705
0 0.3506484375 0.4596064814814815 0.055677083333333335 0.35867592592592595
0 0.3514296875 0.3706342592592593 0.05473958333333333 0.19741203703703705
1 0.343609375 0.27081481481481484 0.020330729166666665 0.03447685185185185
0 0.39256250000000004 0.46850462962962963 0.09571614583333334 0.33087037037037037
0 0.4208697916666667 0.45710185185185187 0.050359375 0.2735925925925926
0 0.4717005208333333 0.2897222222222222 0.04504427083333333 0.1812824074074074
0 0.5043880208333333 0.6197592592592593 0.06912760416666666 0.2830462962962963
0 0.4832734375 0.5652638888888889 0.050046875000000005 0.31863888888888886
0 0.5452083333333333 0.3937083333333333 0.055052083333333335 0.2235462962962963
