0 0.39114583333333336 0.9189814814814815 0.08020833333333334 0.16203703703703703
0 0.4830286458333333 0.29079166666666667 0.040984374999999997 0.17564814814814814
0 0.12459895833333333 0.6404583333333334 0.06842968749999999 0.3389351851851852
0 0.14125 0.5295416666666667 0.12075781249999999 0.2641203703703704
0 0.29951302083333337 0.586462962962963 0.10355729166666668 0.29989814814814814
0 0.211875 0.37633796296296296 0.063671875 0.23744907407407406
0 0.25578645833333336 0.2995740740740741 0.05049739583333333 0.19451388888888888
0 0.5176093749999999 0.43749074074074074 0.06550260416666667 0.19451388888888888
0 0.5779869791666666 0.4023611111111111 0.05086458333333333 0.16849074074074075
0 0.6037864583333333 0.5009166666666667 0.07904166666666666 0.23549537037037038
0 0.6641640624999999 0.463837962962963 0.054890625 0.19125925925925927
1 0.6813932291666667 0.452625 0.0186796875 0.03242592592592593
