0 0.4232942708333333 0.9647037037037038 0.03259375 0.07058796296296296
0 0.46347916666666666 0.24679629629629632 0.03186979166666667 0.15456944444444445
0 0.4088359375 0.34868055555555555 0.0693046875 0.20623611111111112
0 0.46421874999999996 0.42089814814814813 0.056028645833333335 0.262712962962963
1 0.12886197916666667 0.2733101851851852 0.016859375 0.029226851851851855
0 0.1599296875 0.34891203703703705 0.07555989583333332 0.22685648148148146
0 0.1192890625 0.2983796296296296 0.05165885416666667 0.21863888888888888
0 0.10776041666666666 0.5108935185185185 0.040507812500000004 0.29382407407407407
0 0.16917708333333334 0.46849537037037037 0.09091145833333333 0.2819722222222222
0 0.21762499999999999 0.6503703703703704 0.09778645833333334 0.31672685185185184
0 0.06791666666666667 0.8186018518518519 0.08145312499999999 0.3627962962962963
0 0.011541666666666667 0.5228796296296296 0.0230859375 0.2474074074074074
