0 0.025174479166666666 0.6581805555555555 0.05034635416666667 0.3626527777777778
0 0.2022578125 0.8107268518518519 0.06944531250000001 0.377625
0 0.2790807291666667 0.6087962962962963 0.06684114583333334 0.3287037037037037
0 0.4361979166666667 0.5208333333333334 0.0703125 0.2824074074074074
0 0.5043411458333333 0.5748472222222223 0.057291666666666664 0.2947546296296296
0 0.6076380208333333 0.46064814814814814 0.057291666666666664 0.2638888888888889
1 0.5455729166666666 0.2739212962962963 0.021700520833333334 0.038578703703703705
0 0.4470494791666667 0.27931944444444445 0.0625 0.1975324074074074
0 0.3641484375 0.3672824074074074 0.044270833333333336 0.23456944444444444
0 0.12716927083333332 0.29938425925925927 0.056424479166666666 0.20061574074074073
0 0.3528645833333333 0.19675925925925927 0.03559114583333333 0.14660648148148148
