0 0.40729166666666666 0.8870370370370371 0.08958333333333333 0.22592592592592592
0 0.4875911458333333 0.28714351851851855 0.04164583333333333 0.18149074074074073
0 0.48195312500000004 0.5254444444444445 0.07143229166666668 0.28791666666666665
0 0.37971875 0.4861157407407407 0.061309895833333336 0.3840601851851852
0 0.29454947916666663 0.5418981481481482 0.06102083333333333 0.3876574074074074
0 0.22167187500000002 0.3699212962962963 0.05639322916666667 0.24626851851851855
0 0.31667447916666663 0.4835416666666667 0.064203125 0.3532083333333333
1 0.30929947916666667 0.3264768518518519 0.02284635416666667 0.039074074074074074
0 0.3396666666666667 0.4745462962962963 0.07201041666666666 0.26631944444444444
0 0.05335677083333333 0.6562916666666666 0.06391406250000001 0.3336712962962963
0 0.0093984375 0.3102777777777778 0.018796875 0.15578240740740742
0 0.16903645833333333 0.23675925925925925 0.044247395833333335 0.19896759259259258
