0 0.0944453125 0.18058796296296295 0.040671875 0.17441666666666666
0 0.2657421875 0.24698611111111113 0.05539322916666667 0.20740277777777777
0 0.10573437499999999 0.32640277777777776 0.05951041666666667 0.22390277777777778
0 0.155703125 0.09111111111111111 0.035932291666666664 0.1285462962962963
0 0.16455989583333333 0.16339351851851852 0.0371796875 0.17462037037037037
0 0.3594375 0.5427546296296296 0.07510677083333334 0.30522222222222223
0 0.45687500000000003 0.6031898148148148 0.06637239583333333 0.3103425925925926
0 0.5429609375 0.5508703703703705 0.09930989583333334 0.34008333333333335
0 0.6684036458333333 0.7184351851851851 0.10503385416666666 0.38903240740740735
0 0.022786458333333332 0.3562916666666667 0.040364583333333336 0.25270833333333337
0 0.3897578125 0.846449074074074 0.1362838541666667 0.30709722222222224
1 0.56640625 0.20744444444444443 0.036458333333333336 0.05686574074074074
