0 0.4476484375 0.7079074074074073 0.13860416666666667 0.2600787037037037
1 0.5223984375 0.8665138888888889 0.024966145833333335 0.049791666666666665
0 0.36493489583333333 0.8708472222222222 0.0642734375 0.25830555555555557
0 0.3240989583333333 0.5538240740740741 0.06040104166666667 0.28694444444444445
0 0.45834635416666664 0.5003981481481481 0.0552265625 0.2523518518518519
0 0.49699739583333336 0.5732314814814815 0.0904296875 0.2861527777777778
0 0.5275989583333334 0.5252129629629629 0.07014843750000001 0.2569166666666667
0 0.5904505208333333 0.46393055555555557 0.06638541666666667 0.2389722222222222
0 0.47665885416666665 0.2713287037037037 0.045679687499999996 0.1700462962962963
0 0.37970052083333333 0.31272222222222223 0.04527864583333333 0.1756435185185185
0 0.19509895833333332 0.40747685185185184 0.051184895833333334 0.2545324074074074
0 0.04604947916666667 0.35407407407407404 0.048234375 0.24902314814814813
