1 0.5013671875 0.277537037037037 0.02459895833333333 0.03347222222222222
0 0.5364427083333333 0.29797222222222225 0.036000000000000004 0.17685648148148148
0 0.496125 0.4348657407407407 0.06888020833333333 0.24882870370370372
0 0.4395 0.5255787037037037 0.06304166666666668 0.2752777777777778
0 0.3445963541666667 0.5344259259259259 0.09869010416666667 0.2829398148148148
0 0.39685156250000003 0.30538425925925927 0.054825520833333335 0.20648611111111112
0 0.41332552083333335 0.5783240740740742 0.08627864583333333 0.2872824074074074
0 0.39037499999999997 0.5462407407407408 0.06911197916666666 0.28098148148148144
0 0.4330130208333333 0.8794861111111112 0.0911171875 0.24102314814814815
0 0.35188281250000003 0.6060185185185185 0.1076171875 0.3169074074074074
0 0.11354427083333334 0.445875 0.07793229166666667 0.28072685185185187
0 0.09119791666666667 0.39555555555555555 0.0383359375 0.2451435185185185
