0 0.13020833333333334 0.5316342592592592 0.08333333333333333 0.30709722222222224
0 0.2463385416666667 0.39258796296296294 0.050315104166666666 0.2186574074074074
0 0.27865885416666664 0.2285972222222222 0.0534609375 0.16896296296296295
0 0.33788541666666666 0.3950740740740741 0.06079947916666666 0.23853240740740742
0 0.453015625 0.376125 0.0380859375 0.24412499999999998
0 0.4177265625 0.4634027777777778 0.056255208333333334 0.24598611111111113
0 0.4739817708333333 0.5056435185185185 0.0828125 0.27331944444444445
0 0.5080494791666667 0.4811064814814815 0.0573046875 0.25530555555555556
0 0.6525338541666666 0.45843055555555556 0.07023177083333333 0.20375000000000001
0 0.7746536458333334 0.48234722222222215 0.048919270833333334 0.18945833333333334
0 0.5439635416666667 0.8840277777777777 0.07021614583333333 0.23194444444444445
1 0.4544375 0.24889351851851851 0.016947916666666667 0.03326851851851852
