0 0.450984375 0.8873425925925926 0.08661197916666666 0.22531481481481483
0 0.4592734375 0.27697222222222223 0.043643229166666665 0.17863425925925927
0 0.47515625 0.5111296296296296 0.07009895833333334 0.28464351851851855
0 0.35405468749999996 0.48384259259259255 0.051000000000000004 0.39340740740740743
0 0.34247395833333333 0.47804629629629625 0.06156510416666667 0.2712777777777778
0 0.30630729166666665 0.5190462962962964 0.06684895833333333 0.2803101851851852
1 0.3285286458333333 0.4021805555555556 0.02275260416666667 0.04230092592592593
0 0.04177083333333333 0.6169351851851852 0.08180729166666666 0.31433333333333335
0 0.12488020833333334 0.5329444444444444 0.11254947916666666 0.30877314814814816
0 0.21267968750000002 0.3529305555555556 0.04533333333333334 0.238375
0 0.15171614583333334 0.22972685185185185 0.04845833333333334 0.1840324074074074
0 0.010942708333333334 0.32359722222222226 0.021885416666666668 0.2087314814814815
