0 0.0140625 0.48518518518518516 0.028125 0.20925925925925926
0 0.07008072916666667 0.32262962962962966 0.0651640625 0.2325138888888889
0 0.1425234375 0.3812453703703704 0.06659895833333333 0.21582407407407408
1 0.13795572916666668 0.1461388888888889 0.019408854166666666 0.029768518518518517
0 0.28808854166666664 0.5909814814814814 0.08600781249999999 0.3376064814814815
0 0.36147395833333335 0.5498379629629631 0.06216666666666667 0.29437962962962966
0 0.3647239583333333 0.4568240740740741 0.0888359375 0.27081481481481484
0 0.5904088541666667 0.5015925925925926 0.0559921875 0.2658101851851852
0 0.48515104166666667 0.3995462962962963 0.07006770833333334 0.23077777777777778
0 0.6401432291666667 0.42206944444444444 0.06975520833333333 0.23133333333333334
0 0.5021979166666667 0.2824907407407407 0.0409765625 0.17683796296296297
0 0.42728385416666664 0.9381944444444444 0.081953125 0.12360648148148148
