0 0.5008255208333333 0.8968935185185185 0.0924453125 0.20621296296296296
0 0.45637239583333333 0.511550925925926 0.127140625 0.2526574074074074
0 0.4459765625 0.49962962962962965 0.05369270833333333 0.16742592592592592
0 0.43893229166666664 0.3831805555555555 0.053414062500000005 0.23610185185185187
0 0.3741979166666667 0.296212962962963 0.04955989583333333 0.19875925925925925
0 0.5044453125 0.2805277777777778 0.038111979166666664 0.17046296296296296
0 0.27619791666666665 0.42439351851851853 0.0374375 0.26711574074074074
0 0.3017083333333333 0.5779305555555555 0.1009765625 0.29870370370370375
0 0.12833072916666668 0.5817361111111111 0.06932552083333333 0.2994027777777778
0 0.15058072916666668 0.530625 0.04303385416666667 0.292337962962963
0 0.14707291666666666 0.36142592592592593 0.0588984375 0.18722685185185187
1 0.4254947916666667 0.4895370370370371 0.018338541666666666 0.033671296296296296
