0 0.13151041666666666 0.6743842592592593 0.06510416666666667 0.37345833333333334
0 0.14453125 0.5486111111111112 0.07378385416666666 0.30709722222222224
0 0.4192708333333333 0.5169768518518519 0.07465364583333334 0.2623472222222222
0 0.39800260416666666 0.4097222222222222 0.061632812499999995 0.23919907407407406
0 0.5685755208333333 0.3950601851851852 0.04340364583333333 0.23456944444444444
0 0.30034635416666666 0.29012499999999997 0.039929687500000005 0.21605092592592592
0 0.12760416666666666 0.22839351851851852 0.038195312499999995 0.17283796296296294
0 0.34765625 0.19984722222222223 0.056424479166666666 0.17438425925925927
0 0.3077265625 0.16435185185185186 0.025174479166666666 0.1496898148148148
1 0.3411458333333333 0.13657407407407407 0.013888020833333332 0.026236111111111113
