0 0.37274739583333333 0.9067361111111111 0.08299479166666666 0.18653240740740742
0 0.19605729166666666 0.7241620370370371 0.080859375 0.3729074074074074
0 0.2569557291666667 0.5310925925925927 0.078828125 0.26584722222222223
0 0.4447265625 0.6300324074074074 0.09100781250000001 0.2856944444444445
0 0.38585677083333336 0.37651851851851853 0.04296614583333334 0.24058333333333332
0 0.42408854166666665 0.31426388888888884 0.04905729166666666 0.19668055555555555
0 0.46519531249999996 0.29200925925925925 0.03856770833333333 0.18224537037037036
1 0.5349531249999999 0.5533935185185185 0.02042447916666667 0.03738888888888889
0 0.5034791666666666 0.5851481481481482 0.07219270833333334 0.29471296296296295
0 0.5929192708333333 0.4696435185185185 0.05320833333333333 0.26049074074074074
0 0.6086953125 0.5388055555555555 0.07192447916666667 0.2790277777777778
0 0.7006744791666667 0.4817638888888888 0.05748697916666667 0.23814814814814814
