0 0.18142447916666665 0.7638888888888888 0.06770833333333333 0.39814814814814814
0 0.2387161458333333 0.621912037037037 0.09027864583333334 0.3117268518518519
0 0.016059895833333334 0.5841064814814815 0.0321171875 0.297837962962963
0 0.12369791666666667 0.2785509259259259 0.044270833333333336 0.18364351851851854
0 0.4240442708333333 0.47685185185185186 0.056424479166666666 0.2623472222222222
0 0.3515625 0.3294768518518518 0.06597135416666668 0.23302314814814815
0 0.6024296875 0.4552453703703704 0.05034635416666667 0.24691203703703707
0 0.4171015625 0.2561712962962963 0.044270833333333336 0.18209722222222222
1 0.46527864583333334 0.1790138888888889 0.017361979166666666 0.030865740740740742
0 0.3376744791666667 0.19212962962962962 0.039929687500000005 0.1527777777777778
0 0.4904505208333333 0.5640416666666667 0.06770833333333333 0.2885787037037037
