0 0.0254765625 0.2047175925925926 0.050953125 0.16305092592592593
0 0.04178125 0.49820370370370365 0.06216145833333333 0.29530092592592594
0 0.25088020833333335 0.3818333333333333 0.07120833333333333 0.22681481481481483
0 0.22598958333333333 0.3249814814814815 0.056374999999999995 0.19868055555555555
0 0.23835416666666667 0.3317222222222222 0.04219791666666666 0.22271296296296297
0 0.20192447916666667 0.3238101851851852 0.086703125 0.14827777777777776
0 0.3619791666666667 0.5087222222222222 0.08439583333333332 0.2895277777777778
0 0.5337395833333333 0.6045462962962963 0.063296875 0.2795601851851852
0 0.5505520833333333 0.4884444444444444 0.05340625 0.27499074074074076
0 0.5652239583333334 0.47314351851851855 0.06098958333333333 0.25025925925925924
0 0.6253203125 0.8466712962962962 0.07491145833333333 0.30666203703703704
