0 0.23884635416666666 0.8594259259259259 0.07888802083333334 0.28114814814814815
0 0.09732291666666668 0.7336481481481482 0.05034635416666667 0.34956018518518517
0 0.4303984375 0.24740277777777778 0.035770833333333335 0.17722685185185186
0 0.45473958333333336 0.7100324074074075 0.09079947916666667 0.3378935185185185
0 0.6612083333333333 0.6966712962962963 0.0626484375 0.342787037037037
1 0.6516848958333333 0.6686388888888889 0.0253984375 0.045907407407407404
0 0.34742968750000003 0.48727777777777775 0.07259635416666667 0.28596759259259263
0 0.2454140625 0.42838888888888893 0.07555989583333332 0.23216203703703706
0 0.21186718750000003 0.5706203703703704 0.10921354166666666 0.33149999999999996
0 0.025080729166666666 0.3461712962962963 0.05016145833333333 0.2272685185185185
0 0.059369791666666664 0.23235185185185184 0.060744791666666666 0.2073287037037037
0 0.08497916666666666 0.21203240740740742 0.052703124999999997 0.17797685185185186
