0 0.09736458333333334 0.3222592592592593 0.08311718750000001 0.19419907407407408
0 0.07322135416666667 0.5337037037037037 0.06807552083333333 0.2891898148148148
0 0.12724739583333333 0.5952685185185185 0.08272135416666666 0.3335185185185185
0 0.13733854166666667 0.40318055555555554 0.07995052083333333 0.2547129629629629
0 0.29051041666666666 0.5755694444444445 0.11873697916666666 0.305375
0 0.39638541666666666 0.9295648148148148 0.0795546875 0.14087037037037037
1 0.5974557291666667 0.46172222222222226 0.016721354166666664 0.031314814814814816
0 0.49581250000000004 0.2879490740740741 0.055276041666666664 0.16454166666666667
0 0.5089244791666666 0.4764861111111111 0.12469270833333333 0.2399583333333333
0 0.483859375 0.3864490740740741 0.07661458333333333 0.17688425925925927
0 0.5211380208333334 0.4127268518518519 0.056562499999999995 0.21938888888888888
0 0.5644583333333333 0.397875 0.065046875 0.14945833333333333
