0 0.3890625 0.8722222222222222 0.08020833333333334 0.25555555555555554
0 0.4848880208333333 0.2676111111111111 0.03445052083333333 0.16774074074074075
0 0.43938020833333336 0.3473657407407407 0.06941666666666667 0.20202314814814815
0 0.6930078125 0.5976111111111111 0.09641145833333334 0.2582407407407407
0 0.4857005208333333 0.5401666666666667 0.061703125 0.3034907407407407
1 0.7292578125 0.5781851851851852 0.021854166666666668 0.03473611111111111
0 0.5545598958333334 0.5934953703703704 0.089984375 0.3021203703703704
0 0.5624010416666666 0.5599027777777779 0.05219010416666667 0.2650972222222222
0 0.5126536458333333 0.5281342592592593 0.06376041666666667 0.283837962962963
0 0.33178385416666667 0.41135648148148146 0.09024218749999999 0.23950000000000002
0 0.12353645833333333 0.6970231481481481 0.08612760416666668 0.3427962962962963
0 0.08252864583333334 0.32931481481481484 0.041651041666666666 0.23264351851851853
