0 0.029513020833333334 0.5246898148148148 0.05902864583333333 0.29012499999999997
0 0.2469609375 0.6388888888888888 0.1171875 0.3117268518518519
0 0.234375 0.41049537037037037 0.041666666666666664 0.24691203703703707
0 0.3927942708333333 0.22916666666666666 0.0390625 0.165125
0 0.3033854166666667 0.9182083333333333 0.08420052083333333 0.1635787037037037
1 0.4704869791666667 0.2947546296296296 0.027778645833333334 0.046296296296296294
0 0.44878385416666666 0.5277777777777778 0.07638802083333333 0.42901388888888886
0 0.5256067708333333 0.5308657407407408 0.1015625 0.3919768518518518
0 0.48828125 0.5347222222222222 0.061632812499999995 0.2885787037037037
0 0.4622395833333333 0.46450462962962963 0.06510416666666667 0.26543055555555556
