0 0.022406250000000003 0.47327777777777774 0.044812500000000005 0.22937037037037036
0 0.1391197916666667 0.3824212962962963 0.0676796875 0.22305092592592593
0 0.0611484375 0.32612962962962966 0.052640624999999996 0.22727314814814817
0 0.27111718749999997 0.5921018518518518 0.10607291666666667 0.3285925925925926
0 0.3484947916666667 0.5484768518518519 0.06451302083333334 0.2962268518518519
0 0.3653151041666666 0.42956481481481484 0.09419791666666667 0.22164351851851852
0 0.5861692708333333 0.48951851851851846 0.05459895833333333 0.25934259259259257
0 0.4829557291666667 0.4234305555555556 0.078828125 0.22133796296296296
0 0.6106744791666666 0.4029814814814815 0.07172395833333334 0.21652777777777776
0 0.5068072916666667 0.2841898148148148 0.03924479166666666 0.17743055555555556
0 0.4017578125 0.9360601851851852 0.07950520833333334 0.12787962962962965
1 0.27624479166666666 0.11208796296296297 0.023658854166666667 0.03281944444444444
