0 0.45546875 0.8583333333333333 0.10677083333333333 0.2833333333333333
1 0.4161458333333333 0.8015138888888889 0.030622395833333333 0.055476851851851854
0 0.20558333333333334 0.5799305555555556 0.07134375 0.28871296296296295
0 0.18141145833333333 0.8496296296296296 0.07463020833333332 0.30074537037037036
0 0.38660416666666664 0.23063425925925926 0.0335390625 0.21193518518518517
0 0.4961484375 0.6793796296296296 0.17547916666666669 0.369412037037037
0 0.49682031249999997 0.5764583333333334 0.11399479166666666 0.3007962962962963
0 0.49098697916666667 0.44799999999999995 0.0421875 0.15558333333333332
0 0.14264583333333333 0.49975 0.08012760416666667 0.25750925925925927
0 0.415171875 0.46139814814814817 0.07924739583333333 0.22619907407407405
0 0.11865104166666667 0.467662037037037 0.08497135416666667 0.2199398148148148
0 0.062078125 0.4457453703703703 0.05547395833333334 0.19019444444444444
0 0.44753125 0.4109166666666667 0.05151041666666667 0.23950462962962965
