0 0.03515625 0.47839351851851847 0.0703125 0.26543055555555556
0 0.08873958333333333 0.6290416666666667 0.14378125 0.31152314814814813
0 0.1482734375 0.5037314814814815 0.12131510416666667 0.270587962962963
0 0.215109375 0.3674398148148148 0.071890625 0.21766666666666667
0 0.21904166666666666 0.353462962962963 0.05391666666666666 0.21766666666666667
0 0.543953125 0.46579166666666666 0.06234375 0.26060185185185186
0 0.5658567708333333 0.4632962962962963 0.05335677083333333 0.2536157407407407
0 0.6961588541666667 0.8112638888888889 0.0870546875 0.3404814814814815
0 0.0665546875 0.328 0.0668359375 0.17074074074074075
0 0.02920572916666667 0.2855648148148148 0.05841145833333334 0.16574537037037038
1 0.051953125 0.23514351851851853 0.014041666666666668 0.028953703703703704
