0 0.10189843750000001 0.44072222222222224 0.08152864583333333 0.2756296296296296
0 0.10424479166666667 0.39608796296296295 0.06470833333333333 0.24003703703703705
0 0.39055208333333336 0.30522222222222223 0.05616927083333333 0.20656944444444444
0 0.5306822916666667 0.29812500000000003 0.03679427083333333 0.17895833333333333
0 0.5132760416666666 0.4354027777777778 0.0514140625 0.24956018518518516
0 0.461703125 0.5300740740740741 0.0396015625 0.2752731481481482
0 0.44492447916666666 0.5856805555555555 0.08235677083333333 0.29603703703703704
0 0.36793229166666663 0.5376157407407407 0.08492187500000001 0.28850925925925924
0 0.3749192708333334 0.607574074074074 0.12641145833333334 0.3082685185185185
0 0.42705468750000003 0.5685925925925926 0.08274479166666666 0.2802175925925926
0 0.43316666666666664 0.8789953703703705 0.0930625 0.24200925925925926
1 0.5099843749999999 0.3260925925925926 0.0228671875 0.03048611111111111
