0 0.2703984375 0.13222222222222224 0.04340364583333333 0.15179166666666666
0 0.22298177083333334 0.24564814814814817 0.050130208333333336 0.21274537037037036
0 0.12065885416666666 0.1879861111111111 0.07335156250000001 0.2015925925925926
0 0.4194453125 0.5999583333333334 0.06660416666666666 0.30617592592592596
0 0.294578125 0.31977314814814817 0.07150520833333333 0.26952777777777776
0 0.48064062500000004 0.8340787037037036 0.10175520833333333 0.3318425925925926
1 0.697046875 0.5386805555555555 0.043609375 0.06616666666666667
0 0.5784114583333333 0.7063703703703703 0.084875 0.26899537037037036
0 0.6938828125000001 0.6709351851851852 0.07807552083333333 0.37318981481481484
0 0.48744010416666667 0.5551064814814815 0.05767708333333333 0.3015879629629629
0 0.1610390625 0.5371342592592593 0.078109375 0.3957685185185185
0 0.3608359375 0.5615185185185185 0.0755 0.33188425925925924
