0 0.2669270833333333 0.6882731481481482 0.12760416666666666 0.2839490740740741
0 0.2456588541666667 0.533949074074074 0.09375 0.27468981481481486
0 0.3919270833333333 0.2337962962962963 0.0321171875 0.165125
0 0.3854166666666667 0.9112638888888889 0.08854166666666667 0.1774675925925926
0 0.5199661458333333 0.8927453703703704 0.12673697916666668 0.21450462962962963
0 0.4500859375 0.5995370370370371 0.11545052083333333 0.3101851851851852
1 0.4947916666666667 0.6026250000000001 0.026041666666666668 0.04475462962962963
0 0.433640625 0.46807407407407403 0.07646875 0.2475787037037037
0 0.5826927083333333 0.5996018518518519 0.06683333333333333 0.27631481481481485
0 0.522078125 0.5216805555555555 0.09045833333333334 0.26968055555555553
0 0.5741458333333332 0.44155092592592593 0.04911458333333333 0.24315740740740743
0 0.5446145833333333 0.486037037037037 0.04662760416666667 0.26360185185185186
