0 0.40279947916666664 0.24282407407407408 0.03264583333333333 0.17155555555555554
0 0.4688125 0.9037083333333333 0.08305729166666667 0.19258333333333333
0 0.3883984375 0.657625 0.10850260416666666 0.29275
0 0.36775260416666666 0.5065555555555556 0.09697916666666666 0.24837037037037038
0 0.5509088541666666 0.7148101851851852 0.084015625 0.3217731481481481
1 0.5689140625 0.5816620370370371 0.027846354166666667 0.05035648148148148
0 0.46353125 0.57825 0.07729427083333333 0.2825092592592593
0 0.6234036458333333 0.4621712962962963 0.06193229166666667 0.26885185185185184
0 0.5273854166666667 0.5163703703703704 0.0868984375 0.2816574074074074
0 0.4944973958333333 0.47838888888888886 0.04224739583333333 0.26031944444444444
0 0.5607526041666666 0.5001527777777778 0.051851562500000004 0.2799490740740741
0 0.5806770833333333 0.6021481481481482 0.07825520833333334 0.2756805555555556
