0 0.12890625 0.5324074074074074 0.06684114583333334 0.2808657407407407
0 0.1710078125 0.6666666666666666 0.08854166666666667 0.3364212962962963
0 0.3684895833333333 0.46218981481481486 0.07899218749999999 0.2638888888888889
0 0.42578125 0.5933657407407408 0.0859375 0.33487500000000003
1 0.4357630208333333 0.4436712962962963 0.027778645833333334 0.041666666666666664
0 0.3880208333333333 0.22685185185185186 0.036458333333333336 0.1635787037037037
0 0.3146692708333333 0.9375 0.08072916666666667 0.125
0 0.5264765625 0.9483009259259259 0.046007812499999995 0.10339351851851852
0 0.5572916666666666 0.6118842592592593 0.06944531250000001 0.2947546296296296
0 0.5091145833333334 0.5270046296296296 0.08246614583333334 0.2484583333333333
0 0.5319375000000001 0.4835509259259259 0.0440078125 0.26608796296296294
0 0.5453645833333333 0.42565277777777777 0.03654947916666666 0.24044907407407407
