1 0.5171770833333333 0.7434120370370371 0.022924479166666668 0.04165740740740741
0 0.35156510416666664 0.5448888888888889 0.061427083333333334 0.2880833333333333
0 0.4199348958333333 0.6221203703703704 0.09003645833333333 0.3076990740740741
0 0.46164322916666667 0.5507314814814814 0.0516953125 0.27646296296296297
0 0.5065208333333333 0.5875740740740741 0.06690104166666666 0.322537037037037
0 0.5613723958333333 0.4544722222222222 0.0480078125 0.2562361111111111
0 0.49077604166666666 0.5313611111111111 0.06585416666666667 0.27196296296296296
0 0.3705208333333333 0.30450925925925926 0.06079166666666667 0.19264814814814815
0 0.49442187499999996 0.28624074074074074 0.06009635416666667 0.17740277777777777
0 0.15313020833333332 0.3941527777777778 0.07578385416666666 0.23167592592592592
0 0.0703671875 0.3998981481481481 0.05500260416666667 0.26525462962962965
0 0.39825520833333333 0.8746712962962963 0.07898437500000001 0.2506527777777778
