0 0.3790807291666667 0.8730925925925926 0.07891406249999999 0.25381944444444443
0 0.34329166666666666 0.5535833333333333 0.06820312499999999 0.28402777777777777
0 0.37227083333333333 0.3078842592592593 0.05936197916666666 0.18541203703703704
0 0.4868307291666667 0.2706527777777778 0.05269791666666667 0.17006944444444447
0 0.5728359375000001 0.4598055555555555 0.07633593749999999 0.24793055555555554
0 0.5010052083333333 0.5500046296296296 0.07381770833333333 0.30593055555555554
0 0.461484375 0.5303888888888889 0.05071875 0.28991203703703705
0 0.5176067708333333 0.5274537037037037 0.044059895833333335 0.26925000000000004
0 0.16772916666666668 0.3948055555555555 0.05016145833333333 0.23574537037037036
0 0.06183854166666667 0.3636712962962963 0.046218749999999996 0.2606851851851852
1 0.5185911458333333 0.7945277777777778 0.023786458333333333 0.043666666666666666
0 0.42187760416666664 0.6433472222222223 0.09844791666666668 0.2707685185185185
