1 0.47562760416666666 0.18425925925925926 0.0166875 0.04025925925925926
0 0.39558072916666664 0.3046481481481481 0.04306770833333333 0.20758333333333334
0 0.4777161458333333 0.41758796296296297 0.06035416666666667 0.25275462962962963
0 0.5339791666666667 0.29836111111111113 0.04125 0.17811111111111114
0 0.41526562499999997 0.5222638888888889 0.06342447916666667 0.2586527777777778
0 0.3691614583333333 0.5422268518518518 0.05921875 0.2788657407407408
0 0.46946875 0.8887638888888889 0.09169791666666667 0.22247685185185187
0 0.2828411458333333 0.5786388888888888 0.11663802083333333 0.3123194444444444
0 0.31709895833333335 0.5370092592592592 0.07279166666666666 0.3107083333333333
0 0.3370338541666667 0.4995277777777778 0.0622265625 0.2966712962962963
0 0.08718489583333335 0.4220555555555556 0.0412890625 0.2543194444444445
0 0.12509375 0.46614814814814814 0.05009635416666667 0.2837824074074074
