0 0.18739583333333334 0.549162037037037 0.11664843750000001 0.2765
0 0.23896875 0.44979629629629625 0.07398697916666667 0.24097685185185186
0 0.327265625 0.4411527777777778 0.06264583333333333 0.2371388888888889
0 0.32402604166666665 0.23953703703703702 0.0388828125 0.17185185185185184
0 0.5238411458333333 0.8919583333333334 0.07992708333333334 0.2151574074074074
0 0.4320338541666667 0.3821111111111111 0.10152864583333333 0.2803425925925926
0 0.47788020833333333 0.4186990740740741 0.04619010416666667 0.3264444444444444
0 0.48515104166666667 0.5132361111111111 0.08981510416666666 0.2843703703703704
0 0.5102421874999999 0.47978240740740735 0.0544609375 0.2620648148148148
0 0.642828125 0.44201851851851853 0.06871614583333334 0.2260787037037037
0 0.7719921875 0.49777314814814816 0.0464765625 0.15815277777777778
1 0.48376302083333333 0.11520370370370371 0.023682291666666667 0.03904166666666667
