0 0.06597135416666668 0.5192916666666667 0.07291666666666667 0.2885787037037037
0 0.20052083333333334 0.6365740740740741 0.09548697916666667 0.3101851851851852
0 0.265625 0.42901388888888886 0.07291666666666667 0.24691203703703707
0 0.4197057291666667 0.6064814814814815 0.07899218749999999 0.29938425925925927
0 0.5190963541666667 0.6265416666666667 0.06597135416666668 0.2777777777777778
0 0.4874140625 0.5154305555555555 0.061632812499999995 0.2808657407407407
0 0.38671875 0.22376388888888887 0.03559114583333333 0.16666666666666666
0 0.4921875 0.4675925925925926 0.055554687500000005 0.26543055555555556
0 0.5069453125 0.4035509259259259 0.045138020833333334 0.21450462962962963
1 0.4388020833333333 0.4915138888888889 0.028645833333333332 0.05092592592592592
0 0.28125 0.9251527777777777 0.08333333333333333 0.1496898148148148
