0 0.03578125 0.5434490740740741 0.03860416666666667 0.28597685185185184
0 0.042627604166666666 0.32960185185185187 0.06157552083333333 0.21532407407407408
0 0.12923958333333332 0.3786203703703704 0.05007291666666667 0.24720370370370373
0 0.22853645833333333 0.5972546296296296 0.07950520833333334 0.34043055555555557
0 0.39059375 0.9372638888888889 0.07679947916666667 0.1254722222222222
0 0.3124427083333333 0.5560555555555555 0.07003385416666667 0.3049444444444444
0 0.4125859375 0.44237499999999996 0.1106328125 0.2520138888888889
0 0.5634765625 0.42583796296296295 0.060559895833333335 0.23697685185185186
0 0.5051171875 0.4195231481481481 0.07037239583333334 0.2219398148148148
0 0.5631380208333333 0.32719444444444445 0.0443203125 0.2586296296296296
1 0.5380755208333333 0.20505555555555557 0.0150390625 0.026199074074074076
0 0.51115625 0.2906111111111111 0.03278385416666667 0.18340277777777778
