0 0.07769010416666666 0.5138888888888888 0.05815885416666667 0.28703703703703703
0 0.19438541666666667 0.21455092592592592 0.040942708333333334 0.16013425925925925
0 0.2612578125 0.33829166666666666 0.053031249999999995 0.18578240740740742
0 0.30337239583333336 0.4148935185185185 0.097484375 0.22945833333333332
0 0.3008385416666667 0.3428009259259259 0.042502604166666666 0.1850925925925926
0 0.3891588541666666 0.3726064814814815 0.057710937500000004 0.18924999999999997
1 0.4166484375 0.36567592592592596 0.01598697916666667 0.028421296296296295
0 0.5086744791666666 0.4852592592592593 0.06745833333333334 0.2606527777777778
0 0.5353854166666667 0.4762453703703704 0.06551041666666667 0.2523333333333333
0 0.6367708333333333 0.5223425925925926 0.06784895833333333 0.24332407407407408
0 0.7603802083333334 0.5289305555555556 0.05225260416666667 0.2606527777777778
0 0.5500078125000001 0.8635972222222221 0.08695572916666668 0.2728055555555556
