0 0.25216927083333335 0.8479953703703704 0.07552083333333333 0.30401388888888886
0 0.07508593749999999 0.8184398148148148 0.08767447916666667 0.3621898148148148
0 0.37152864583333334 0.6635787037037036 0.09027864583333334 0.32407407407407407
0 0.4578984375 0.5949074074074074 0.059895833333333336 0.3225324074074074
0 0.5217005208333333 0.6026250000000001 0.055554687500000005 0.30401388888888886
0 0.6085078125 0.5856481481481481 0.055554687500000005 0.2700601851851852
1 0.6302083333333334 0.6049398148148148 0.019096354166666666 0.037037037037037035
0 0.1449661458333333 0.33950462962962963 0.0625 0.21913425925925925
0 0.3958333333333333 0.4212962962962963 0.038195312499999995 0.2438287037037037
0 0.5243046875 0.3441342592592593 0.057291666666666664 0.209875
0 0.38671875 0.22144907407407408 0.0321171875 0.16203703703703703
