0 0.039453125 0.48055555555555557 0.07890625 0.2986111111111111
0 0.196875 0.41180555555555554 0.05546875 0.25555555555555554
0 0.13828125 0.3472222222222222 0.073046875 0.23680555555555555
0 0.38671875 0.3576388888888889 0.060546875 0.2361111111111111
0 0.315234375 0.6006944444444444 0.0578125 0.33958333333333335
0 0.408984375 0.4847222222222222 0.0609375 0.24930555555555556
0 0.4640625 0.6013888888888889 0.096875 0.2861111111111111
0 0.584765625 0.6034722222222222 0.066796875 0.3145833333333333
0 0.335546875 0.1909722222222222 0.034375 0.18125
0 0.723046875 0.7826388888888889 0.073046875 0.28402777777777777
0 0.509765625 0.9006944444444445 0.075 0.1986111111111111
1 0.33125 0.5375 0.025 0.04722222222222222
