0 0.4878489583333333 0.2746064814814815 0.0369453125 0.17014351851851853
0 0.3844036458333333 0.8712453703703704 0.07846354166666666 0.25750462962962967
1 0.6991380208333333 0.6755648148148148 0.021815104166666665 0.038782407407407404
0 0.6609609375000001 0.6383472222222222 0.08972395833333334 0.25458796296296293
0 0.4855625 0.538263888888889 0.05911197916666667 0.30587962962962967
0 0.44105208333333334 0.34747685185185184 0.06298177083333333 0.22206018518518517
0 0.08057552083333334 0.33121296296296293 0.037296875 0.23206944444444444
0 0.10731510416666666 0.6987083333333334 0.08022395833333333 0.34153703703703703
0 0.31561458333333337 0.41096759259259263 0.06755729166666667 0.23894907407407406
0 0.510046875 0.5311574074074074 0.05579166666666667 0.2792824074074074
0 0.5438151041666667 0.5875324074074074 0.09513802083333332 0.3012037037037037
0 0.5470442708333334 0.5536018518518518 0.06812239583333332 0.28241203703703704
