0 0.039703125 0.5363749999999999 0.04208072916666667 0.2946944444444444
0 0.04043489583333334 0.3304768518518519 0.058914062499999996 0.22118518518518518
0 0.20711718750000002 0.6046805555555556 0.09221354166666668 0.3376342592592592
0 0.13502864583333332 0.38154166666666667 0.0519609375 0.24785648148148148
0 0.30061197916666665 0.566949074074074 0.08672656249999999 0.312912037037037
0 0.44167708333333333 0.4391157407407407 0.095875 0.25631481481481483
0 0.5104739583333333 0.41927314814814814 0.060744791666666666 0.22443518518518518
0 0.5479817708333333 0.40658796296296296 0.0545234375 0.21077777777777776
0 0.5474635416666668 0.35650925925925925 0.02219270833333333 0.20439814814814813
1 0.5351640625 0.24765277777777775 0.014705729166666666 0.02376851851851852
0 0.5141744791666667 0.28900925925925924 0.033690104166666665 0.17777777777777778
0 0.38984375 0.9363657407407407 0.07700520833333332 0.12726388888888887
