0 0.010052083333333333 0.7102083333333333 0.020104166666666666 0.2979027777777778
0 0.11019791666666667 0.5268611111111111 0.0421328125 0.3108148148148148
0 0.153078125 0.32971759259259265 0.07909635416666667 0.2652222222222222
0 0.12000520833333334 0.3046527777777778 0.0520859375 0.2348472222222222
0 0.18584895833333331 0.5005601851851852 0.11855208333333334 0.3080324074074074
0 0.26829427083333335 0.6058888888888889 0.108078125 0.289375
0 0.19101041666666668 0.6606898148148148 0.09215885416666666 0.2942037037037037
0 0.3833567708333333 0.5774027777777778 0.07829166666666666 0.2959583333333333
0 0.41886979166666666 0.3516527777777778 0.058497395833333334 0.21204166666666666
0 0.37563802083333336 0.2831759259259259 0.0517734375 0.17055555555555554
0 0.48680729166666664 0.26217129629629626 0.03775 0.1686712962962963
0 0.4704479166666667 0.9532361111111111 0.05729947916666667 0.09352777777777778
1 0.24311458333333333 0.17401851851851852 0.0190234375 0.033143518518518524
