0 0.08111197916666667 0.34371759259259255 0.043169270833333336 0.24512962962962964
0 0.09886458333333333 0.6855231481481482 0.05872916666666667 0.33918055555555554
0 0.38433072916666666 0.8715231481481481 0.08067187499999999 0.2569537037037037
0 0.513828125 0.2906388888888889 0.030708333333333334 0.17955092592592592
1 0.6297239583333333 0.42342592592592593 0.022330729166666667 0.04000925925925926
0 0.4655078125 0.35008796296296296 0.050492187499999994 0.22420370370370368
0 0.5747708333333333 0.6084444444444445 0.10331770833333334 0.3524212962962963
0 0.45434114583333335 0.5432453703703705 0.09905989583333333 0.2755092592592593
0 0.31385677083333335 0.41025925925925927 0.05469010416666666 0.2539490740740741
0 0.5171354166666666 0.5655324074074074 0.08716666666666667 0.3041203703703704
0 0.46209635416666667 0.5023564814814815 0.10943750000000001 0.264625
0 0.5352395833333333 0.5729953703703704 0.09072135416666667 0.26846296296296296
