0 0.30885416666666665 0.8601851851851852 0.08541666666666667 0.2796296296296296
0 0.4376536458333333 0.2679212962962963 0.040341145833333335 0.1786111111111111
0 0.41272656249999995 0.5598564814814815 0.043765625 0.2821296296296296
0 0.188953125 0.4069537037037037 0.09171614583333333 0.21717592592592594
0 0.216734375 0.312912037037037 0.04452604166666666 0.21582407407407408
0 0.3206276041666667 0.28618518518518515 0.055942708333333334 0.19485185185185186
0 0.35430989583333333 0.44585648148148144 0.044145833333333336 0.2733333333333333
0 0.39540885416666666 0.48340740740740745 0.05784635416666666 0.253712962962963
0 0.18058072916666665 0.49186111111111114 0.09704427083333332 0.19891203703703703
1 0.14670833333333333 0.5889490740740742 0.020932291666666665 0.03991666666666666
0 0.11664322916666667 0.3068240740740741 0.07192708333333334 0.20635185185185187
0 0.04566927083333334 0.5571527777777778 0.0913359375 0.2956574074074074
