0 0.41171875 0.9194444444444444 0.07864583333333333 0.15925925925925927
0 0.28297395833333333 0.5806898148148149 0.09958333333333333 0.30965740740740744
0 0.11526822916666667 0.6300509259259259 0.0614765625 0.35714814814814816
0 0.11142708333333333 0.5373472222222223 0.08819010416666666 0.27582870370370366
0 0.1917473958333333 0.39455555555555555 0.0519609375 0.23094444444444442
0 0.22596093750000001 0.2956712962962963 0.0406171875 0.20622222222222222
0 0.48412499999999997 0.29144444444444445 0.035130208333333336 0.17955092592592592
0 0.5273046874999999 0.4199259259259259 0.06220833333333333 0.18410185185185185
0 0.5986614583333334 0.5002685185185185 0.10758333333333334 0.2589166666666667
0 0.5536536458333334 0.39487962962962964 0.060744791666666666 0.18475462962962963
0 0.638 0.4469212962962963 0.05818229166666666 0.15612962962962965
1 0.6687630208333334 0.5221296296296296 0.019197916666666665 0.03169444444444444
