0 0.375 0.9064814814814814 0.09166666666666666 0.18703703703703703
0 0.4669921875 0.2912592592592593 0.037359375 0.17927777777777779
0 0.36020833333333335 0.30468981481481483 0.0609296875 0.207375
0 0.6743098958333333 0.4987407407407407 0.06744791666666666 0.19462962962962962
0 0.48255729166666667 0.5138009259259259 0.07950260416666667 0.25487499999999996
0 0.6221770833333333 0.49410648148148145 0.08243489583333334 0.26066666666666666
0 0.583890625 0.45616666666666666 0.04691927083333333 0.24502777777777776
0 0.367375 0.6015601851851852 0.09286197916666666 0.30642592592592593
0 0.16210156250000002 0.6757037037037037 0.0876484375 0.33770833333333333
0 0.260828125 0.5418935185185185 0.13913020833333334 0.24502777777777776
0 0.3035130208333333 0.3753611111111111 0.052458333333333336 0.22127777777777777
1 0.6361666666666667 0.5434444444444444 0.022364583333333334 0.03673148148148148
