0 0.034440104166666666 0.8227314814814815 0.0688828125 0.35453703703703704
0 0.13498177083333335 0.6678425925925926 0.09615885416666667 0.33541666666666664
0 0.13751562499999997 0.46519444444444447 0.036908854166666664 0.22164351851851852
0 0.1852890625 0.4875277777777777 0.07118489583333334 0.30122685185185183
0 0.15555729166666668 0.36432870370370374 0.047234375 0.2109398148148148
0 0.1057890625 0.29671296296296296 0.058859375000000005 0.21437037037037038
1 0.13009375 0.25497685185185187 0.015984375000000002 0.029166666666666667
0 0.42744270833333337 0.4089305555555555 0.07307812500000001 0.23143981481481482
0 0.48577864583333336 0.469412037037037 0.049791666666666665 0.27243055555555556
0 0.44463281250000003 0.2427453703703704 0.036023437500000005 0.16414814814814815
0 0.43427343749999997 0.9568148148148147 0.050294270833333335 0.086375
