0 0.10807291666666667 0.6439814814814815 0.059895833333333336 0.32685185185185184
1 0.5487864583333334 0.31960185185185186 0.024192708333333333 0.033120370370370376
0 0.5305703125 0.30378240740740736 0.039486979166666665 0.18439814814814814
0 0.38842187499999997 0.8737268518518518 0.0771171875 0.25254166666666666
0 0.29431250000000003 0.40316203703703707 0.048361979166666666 0.25483333333333336
0 0.05894270833333334 0.34456018518518516 0.04338802083333334 0.24086574074074074
0 0.46806510416666663 0.47008796296296296 0.05280208333333333 0.28380092592592593
0 0.51984375 0.5217546296296296 0.06794791666666668 0.3332824074074074
0 0.5110442708333334 0.544675925925926 0.08145572916666667 0.3893148148148148
0 0.5513619791666666 0.5264861111111111 0.07613541666666666 0.3252777777777778
0 0.5152604166666667 0.4114675925925926 0.03884114583333333 0.0878425925925926
0 0.5468489583333334 0.4265416666666667 0.08432031250000001 0.21501851851851853
