0 0.48153124999999997 0.2828564814814815 0.04872395833333333 0.1839351851851852
0 0.25758854166666667 0.8926203703703703 0.06439583333333333 0.21475925925925926
0 0.018458333333333334 0.3381388888888889 0.03691666666666667 0.21125925925925926
0 0.13228645833333333 0.6547175925925927 0.09246614583333333 0.33063888888888887
0 0.20207552083333333 0.6606527777777778 0.10688020833333334 0.31001388888888887
0 0.21648958333333335 0.3975185185185185 0.05765885416666667 0.25250925925925927
0 0.46565104166666665 0.4292314814814815 0.06194270833333334 0.2101898148148148
0 0.4177135416666667 0.5290601851851852 0.08618229166666666 0.30833796296296295
0 0.45043489583333335 0.6264953703703704 0.07621614583333333 0.31647685185185187
0 0.5178984375 0.5130231481481482 0.07648697916666666 0.34425
0 0.5422734375 0.527625 0.09129947916666666 0.27290740740740743
1 0.5838828125000001 0.4210925925925926 0.020468749999999997 0.0349537037037037
