0 0.38909895833333336 0.29755092592592597 0.048562499999999995 0.1999351851851852
0 0.45971093749999997 0.3988935185185185 0.06551302083333334 0.2511527777777778
0 0.4296380208333333 0.5131851851851852 0.0944140625 0.2861388888888889
0 0.521359375 0.2890231481481481 0.0401953125 0.1749074074074074
0 0.48204166666666665 0.8874861111111111 0.0813515625 0.22502777777777777
0 0.3178229166666667 0.4854074074074074 0.0541328125 0.276037037037037
0 0.281984375 0.5646111111111111 0.08996875 0.328787037037037
0 0.15276302083333335 0.5248148148148147 0.05637239583333333 0.2894583333333333
0 0.19067708333333336 0.4212546296296296 0.060934895833333336 0.23456944444444444
0 0.08123177083333334 0.5128333333333334 0.04755729166666667 0.27041203703703703
0 0.41299218750000005 0.5211712962962963 0.08727083333333334 0.22028703703703703
1 0.387546875 0.47100925925925924 0.019979166666666666 0.03697685185185185
