0 0.1866328125 0.37962962962962965 0.057291666666666664 0.24691203703703707
0 0.2829869791666667 0.8865740740740741 0.08159635416666666 0.22685185185185186
0 0.4075520833333333 0.23456944444444444 0.0390625 0.16975462962962964
0 0.3502604166666667 0.621912037037037 0.056424479166666666 0.32407407407407407
0 0.30859375 0.9637361111111111 0.06510416666666667 0.07252777777777777
0 0.4227421875 0.44830092592592596 0.05902864583333333 0.2669768518518518
0 0.46440885416666666 0.6211435185185186 0.07465364583333334 0.3441342592592593
0 0.5138880208333333 0.5478379629629629 0.08159635416666666 0.3425925925925926
1 0.5538203125 0.2523148148148148 0.026041666666666668 0.041666666666666664
0 0.51953125 0.3711435185185185 0.044270833333333336 0.22685185185185186
0 0.4921875 0.5987638888888889 0.078125 0.31790277777777776
