0 0.50090625 0.9322314814814814 0.07175 0.13553703703703704
0 0.49843489583333334 0.5809953703703704 0.11105729166666665 0.2649537037037037
0 0.5260260416666667 0.5417129629629629 0.08310416666666667 0.22213888888888889
0 0.4170052083333333 0.35250462962962964 0.0420078125 0.23673148148148146
0 0.37314583333333334 0.2835740740740741 0.041966145833333336 0.19239814814814815
0 0.4875130208333333 0.26287499999999997 0.038075520833333334 0.16817592592592592
0 0.22848958333333333 0.5155046296296296 0.10163802083333334 0.3044907407407408
0 0.1789921875 0.3626759259259259 0.04784895833333334 0.2475138888888889
0 0.11800260416666666 0.3116666666666667 0.06141145833333333 0.21900925925925926
0 0.10787760416666667 0.5110833333333333 0.07633072916666667 0.28662037037037036
0 0.09309114583333335 0.5979583333333333 0.08070833333333334 0.28871296296296295
