0 0.2816640625 0.5661388888888889 0.0870546875 0.27158796296296295
0 0.297390625 0.49574537037037036 0.08368489583333334 0.2526157407407407
0 0.34456770833333333 0.5097222222222222 0.08143750000000001 0.2665925925925926
0 0.4886302083333333 0.8976620370370371 0.08087760416666666 0.20375000000000001
0 0.4285338541666667 0.4627962962962963 0.056164062499999994 0.24262962962962964
0 0.6568437500000001 0.4602962962962963 0.04998697916666666 0.2516157407407407
0 0.7433359374999999 0.5251990740740741 0.05897135416666666 0.19370370370370368
0 0.49312239583333334 0.5232037037037036 0.08536979166666667 0.26958796296296295
0 0.5046380208333333 0.4742777777777778 0.07582291666666667 0.25960648148148147
0 0.5141067708333333 0.48210185185185184 0.05782291666666666 0.26008333333333333
1 0.508296875 0.18142592592592593 0.024221354166666667 0.043694444444444445
0 0.35339322916666666 0.24206944444444445 0.051932291666666665 0.1711388888888889
