0 0.17762760416666667 0.09379166666666666 0.02420572916666667 0.13641666666666669
0 0.17495833333333335 0.16679166666666667 0.034877604166666666 0.1753425925925926
0 0.09662760416666667 0.18460185185185185 0.04059635416666666 0.1757361111111111
0 0.13341145833333332 0.3611157407407407 0.0564140625 0.24821759259259257
0 0.26891927083333333 0.2563333333333333 0.0419296875 0.21755555555555556
0 0.47558072916666666 0.6079305555555556 0.05543229166666667 0.28626388888888893
0 0.5381796875 0.6158333333333333 0.08582552083333334 0.2882546296296296
0 0.38871354166666666 0.571662037037037 0.08909635416666667 0.33007870370370374
0 0.4301484375 0.8693657407407407 0.10873437500000001 0.2612638888888889
1 0.5268854166666667 0.19356481481481483 0.037054687499999996 0.06258333333333334
0 0.7087682291666667 0.7126574074074074 0.10242968749999999 0.35432407407407407
0 0.030164062499999998 0.39408333333333334 0.060330729166666666 0.3005138888888889
