0 0.267578125 0.5493055555555556 0.06875 0.36041666666666666
1 0.276953125 0.3888888888888889 0.0296875 0.049305555555555554
0 0.39140625 0.44722222222222224 0.062890625 0.2520833333333333
0 0.575 0.6020833333333333 0.08203125 0.3090277777777778
0 0.48203125 0.5854166666666667 0.090625 0.30069444444444443
0 0.1921875 0.41041666666666665 0.053125 0.25833333333333336
0 0.32265625 0.19305555555555556 0.049609375 0.1875
0 0.51640625 0.8965277777777778 0.090625 0.20625
0 0.116796875 0.32708333333333334 0.04453125 0.225
0 0.029296875 0.4722222222222222 0.05859375 0.2875
0 0.685546875 0.71875 0.057421875 0.28888888888888886
0 0.380078125 0.3576388888888889 0.057421875 0.22361111111111112
