0 0.2677447916666667 0.5494722222222221 0.06881510416666667 0.36066666666666664
1 0.2769453125 0.38922222222222225 0.0295859375 0.049430555555555554
0 0.39159375 0.4471990740740741 0.06270052083333334 0.25181018518518516
0 0.5748932291666667 0.6023935185185185 0.082078125 0.3091111111111111
0 0.48185416666666664 0.5857361111111111 0.09044270833333333 0.30048148148148146
0 0.19232291666666665 0.4104814814814815 0.05304947916666667 0.2586203703703704
0 0.3225104166666667 0.19327314814814817 0.04953385416666667 0.1871574074074074
0 0.5165703125000001 0.8967592592592593 0.0904296875 0.2064814814814815
0 0.11681770833333333 0.3273333333333333 0.044398437500000006 0.22503703703703704
0 0.029338541666666666 0.47242592592592597 0.05867708333333333 0.2872453703703704
0 0.6855859375000001 0.7187824074074074 0.05732291666666667 0.2887962962962963
0 0.3799192708333334 0.35756944444444444 0.057479166666666665 0.2237824074074074
