0 0.42916666666666664 0.8805555555555555 0.06875 0.2388888888888889
0 0.42821354166666664 0.26218981481481485 0.04820052083333334 0.17131018518518518
0 0.41586979166666665 0.4784166666666667 0.06719791666666668 0.279125
0 0.3614557291666667 0.5653888888888889 0.0437421875 0.30504629629629626
0 0.3515234375 0.4823657407407408 0.0606484375 0.2772453703703704
0 0.216703125 0.33773148148148147 0.044164062500000004 0.22465277777777778
0 0.1729609375 0.4934444444444444 0.09868489583333333 0.2265324074074074
1 0.21596354166666665 0.5257546296296297 0.0215546875 0.03869444444444444
0 0.037825520833333334 0.5832314814814815 0.07565104166666667 0.28588888888888886
0 0.0499765625 0.49607407407407406 0.07713020833333334 0.30392129629629633
0 0.028950520833333333 0.30918055555555557 0.05790104166666667 0.2344212962962963
0 0.15447135416666666 0.22446296296296295 0.05113802083333333 0.17919444444444443
