1 0.4110859375 0.13315740740740742 0.0195390625 0.03176851851851852
0 0.50753125 0.27552314814814816 0.0377421875 0.1520138888888889
0 0.57375 0.4564814814814815 0.0509375 0.25028703703703703
0 0.5837682291666667 0.3506388888888889 0.05194010416666666 0.19714351851851852
0 0.49366927083333334 0.42516203703703703 0.09385677083333334 0.22030092592592593
0 0.3936328125 0.44401388888888893 0.09753125 0.24137962962962964
0 0.3310885416666667 0.5492638888888889 0.07064322916666667 0.29155555555555557
0 0.25719010416666666 0.5932037037037037 0.10087239583333334 0.31887037037037036
0 0.1371953125 0.3766157407407407 0.06363020833333334 0.23068981481481482
0 0.04809895833333333 0.31975925925925924 0.05210677083333334 0.2096111111111111
0 0.028390625 0.5013148148148148 0.05611458333333333 0.26216203703703705
0 0.3940859375 0.9366157407407407 0.07859114583333333 0.12677314814814813
