0 0.458171875 0.9570046296296297 0.05498177083333333 0.08599074074074074
0 0.4815260416666666 0.2620324074074074 0.04106770833333333 0.1688287037037037
0 0.41796614583333336 0.3597361111111111 0.0695078125 0.20766666666666667
0 0.38272395833333334 0.29224537037037035 0.057315104166666665 0.16935185185185186
0 0.12444010416666668 0.30239814814814814 0.041377604166666665 0.23954629629629628
0 0.15970052083333333 0.31386574074074075 0.07975260416666667 0.29020833333333335
0 0.11170833333333333 0.528412037037037 0.03810677083333334 0.30979166666666663
0 0.17251302083333334 0.486 0.09560416666666667 0.29942129629629627
0 0.22020833333333334 0.6492962962962963 0.09745833333333334 0.3166157407407407
0 0.3013046875 0.5874027777777777 0.11526822916666667 0.28400462962962963
0 0.20636458333333335 0.6010833333333333 0.09790885416666667 0.27131944444444445
0 0.0276015625 0.7326898148148148 0.055203125 0.34894444444444445
1 0.14728645833333334 0.15663425925925925 0.017385416666666667 0.03114351851851852
