0 0.3020833333333333 0.8625 0.08333333333333333 0.275
0 0.44726302083333336 0.2748703703703704 0.036539062500000004 0.18404629629629632
0 0.4317005208333333 0.5605648148148148 0.06157552083333333 0.2838888888888889
0 0.40818750000000004 0.5010185185185185 0.0686796875 0.28629629629629627
0 0.3636979166666666 0.44237499999999996 0.03315625 0.27727314814814813
0 0.37080208333333337 0.3061435185185185 0.03924479166666666 0.194875
0 0.23716406250000002 0.467337962962963 0.12111979166666667 0.2321666666666667
1 0.16763802083333335 0.44899074074074075 0.02266666666666667 0.0402962962962963
0 0.2275234375 0.35065277777777776 0.04296614583333334 0.13232407407407407
0 0.23733333333333334 0.323587962962963 0.047703125 0.22735185185185183
0 0.15664322916666668 0.2953194444444444 0.06428125 0.22254166666666667
0 0.037385416666666664 0.5674814814814815 0.07476822916666667 0.26163888888888887
