0 0.05610677083333333 0.8184814814814815 0.10625 0.3630324074074074
0 0.10822916666666667 0.5908981481481481 0.14479947916666666 0.28911574074074076
0 0.06896614583333333 0.5640648148148149 0.0981796875 0.2521805555555556
0 0.22754427083333334 0.6421666666666667 0.0842421875 0.32749537037037035
0 0.16477604166666668 0.47381944444444446 0.09365625 0.27068518518518514
0 0.15681770833333333 0.36244907407407406 0.07834895833333334 0.2095787037037037
0 0.12089322916666667 0.3024027777777778 0.052609375 0.22991666666666666
1 0.10446875000000001 0.24032407407407408 0.017385416666666667 0.030421296296296294
0 0.39715104166666665 0.3133333333333333 0.06302604166666667 0.18969907407407408
0 0.4441875 0.3810324074074074 0.05539322916666667 0.2338888888888889
0 0.4736901041666667 0.2575925925925926 0.03438541666666666 0.168625
0 0.4278515625 0.9634861111111112 0.03187239583333333 0.07303240740740741
0 0.10709375 0.5304583333333334 0.046736979166666665 0.30549074074074073
