0 0.37890625 0.8625 0.07760416666666667 0.275
0 0.4191796875 0.25910185185185186 0.038359375 0.16982407407407407
0 0.37190104166666665 0.5574259259259259 0.04601822916666667 0.30745370370370373
0 0.35475520833333335 0.48310185185185184 0.06586718750000001 0.27109259259259255
0 0.35866666666666663 0.4363148148148148 0.0833125 0.22457407407407406
0 0.09865104166666666 0.5496712962962963 0.12211197916666668 0.2341990740740741
0 0.12647395833333333 0.471337962962963 0.079703125 0.2743009259259259
0 0.0791015625 0.43363888888888885 0.07338802083333333 0.23633796296296297
0 0.05639322916666667 0.32081944444444443 0.060453124999999996 0.21601851851851853
0 0.18737760416666666 0.3242962962962963 0.05413802083333333 0.23259259259259257
0 0.22001302083333335 0.23927777777777778 0.04301041666666667 0.1844722222222222
1 0.12948177083333332 0.3558425925925926 0.021354166666666667 0.03689351851851852
