0 0.33541666666666664 0.8976851851851851 0.084375 0.20462962962962963
0 0.4747630208333333 0.29248148148148145 0.04301041666666667 0.17751851851851852
1 0.42754166666666665 0.19302777777777777 0.023760416666666666 0.03956944444444444
0 0.16707552083333335 0.5670462962962962 0.05564322916666666 0.29889814814814814
0 0.33505468749999995 0.3098564814814815 0.06436458333333334 0.2026527777777778
0 0.388140625 0.3627916666666667 0.047822916666666666 0.21762037037037038
0 0.40678906249999996 0.5662453703703704 0.05383854166666667 0.3144027777777778
0 0.5212317708333333 0.6357592592592592 0.06797395833333333 0.2502407407407407
0 0.5048385416666666 0.5694537037037037 0.05865104166666667 0.3026388888888889
0 0.46363541666666663 0.5183888888888889 0.0646640625 0.3438101851851852
0 0.49341145833333333 0.44968055555555553 0.02556510416666667 0.1817962962962963
0 0.6158229166666668 0.4349768518518518 0.0634609375 0.18019444444444446
