1 0.5195364583333333 0.5901388888888889 0.0215546875 0.0450324074074074
0 0.5027265625 0.6124490740740741 0.05988020833333333 0.320037037037037
0 0.45415364583333334 0.56025 0.04987239583333333 0.2776018518518519
0 0.483875 0.5303425925925925 0.05166927083333333 0.2734074074074074
0 0.5379973958333333 0.45339814814814816 0.05847395833333333 0.260125
0 0.5025104166666667 0.2868194444444444 0.059000000000000004 0.175625
0 0.3786979166666667 0.29761574074074076 0.043747395833333334 0.19801388888888888
0 0.36058072916666667 0.5350185185185186 0.04907291666666667 0.2914953703703704
0 0.42540885416666663 0.6099583333333334 0.0844375 0.332537037037037
0 0.42025260416666665 0.8779537037037037 0.07948697916666667 0.24409722222222222
0 0.14265624999999998 0.39133796296296297 0.056515625 0.23531018518518518
0 0.08485677083333334 0.3998055555555556 0.04369791666666667 0.26416666666666666
