0 0.07638802083333333 0.5023148148148148 0.07291666666666667 0.25462962962962965
0 0.14281510416666665 0.32502314814814814 0.05081770833333333 0.18275925925925926
0 0.1108046875 0.3058148148148148 0.10315364583333334 0.1630324074074074
0 0.21693749999999998 0.3681203703703704 0.07242968749999999 0.2149537037037037
0 0.22240104166666666 0.3488611111111111 0.053783854166666666 0.21706944444444445
0 0.23584635416666666 0.5132824074074074 0.09012239583333333 0.2965324074074074
0 0.28399739583333333 0.616 0.129734375 0.31074537037037037
0 0.5485520833333334 0.49067129629629624 0.06940885416666666 0.2732777777777778
0 0.575625 0.46902777777777777 0.058869791666666664 0.257125
0 0.6693828125 0.8298055555555556 0.07485937499999999 0.3403888888888889
