0 0.5158020833333333 0.5453194444444445 0.11203645833333334 0.24783796296296298
0 0.514203125 0.5376064814814815 0.06854427083333332 0.20116203703703703
0 0.42587760416666665 0.36436574074074074 0.041731770833333334 0.23178703703703704
0 0.37488802083333334 0.2903009259259259 0.050028645833333336 0.19176851851851853
0 0.48986718749999997 0.26419444444444445 0.04213541666666667 0.16366203703703702
0 0.26971875 0.5413287037037037 0.1187890625 0.31655555555555553
0 0.22147395833333333 0.37980555555555556 0.0414609375 0.24444444444444444
0 0.11878125 0.3295416666666666 0.048736979166666666 0.2029074074074074
0 0.11247916666666667 0.5306064814814815 0.07866406249999999 0.29510648148148144
0 0.11344791666666666 0.5940416666666667 0.0712578125 0.3114722222222222
0 0.5114427083333334 0.9191990740740741 0.07454947916666667 0.1616064814814815
