1 0.3969375 0.34420833333333334 0.02051822916666667 0.039157407407407405
0 0.4058359375 0.47876388888888893 0.06812760416666667 0.3002361111111111
0 0.41744010416666666 0.5288333333333333 0.1096875 0.3079537037037037
0 0.39135156249999997 0.30067592592592596 0.046411458333333336 0.20525
0 0.4664010416666667 0.40061574074074074 0.06078125 0.2472962962962963
0 0.5236328125 0.29797222222222225 0.042921875 0.17783796296296295
0 0.4861901041666667 0.8856666666666666 0.07688020833333334 0.22866203703703705
0 0.33132552083333333 0.4785370370370371 0.0748984375 0.28703240740740743
0 0.26033072916666666 0.5678657407407407 0.0989453125 0.3207638888888889
0 0.21326041666666665 0.4615648148148148 0.056026041666666665 0.2887638888888889
0 0.15261458333333333 0.524625 0.05510677083333334 0.2904351851851852
0 0.06954166666666667 0.4853148148148148 0.05969010416666667 0.28618055555555555
