0 0.39887239583333334 0.6072546296296296 0.07204947916666667 0.2669768518518518
0 0.4348958333333333 0.4915138888888889 0.057291666666666664 0.25154166666666666
0 0.419390625 0.5612638888888889 0.11331770833333334 0.2731018518518518
0 0.482765625 0.9003101851851852 0.08119010416666667 0.19937962962962963
1 0.5169374999999999 0.8255416666666667 0.024533854166666664 0.045689814814814815
0 0.6162369791666666 0.6085138888888889 0.08995312500000001 0.2242962962962963
0 0.481015625 0.5648981481481482 0.09754687499999999 0.2782962962962963
0 0.5338776041666667 0.4994768518518518 0.07009375000000001 0.2679120370370371
0 0.5178125 0.5238796296296296 0.11390104166666666 0.2647962962962963
0 0.50846875 0.4771527777777778 0.054322916666666665 0.25025925925925924
0 0.6539114583333333 0.4667685185185185 0.05315364583333334 0.2585648148148148
0 0.387265625 0.24766203703703707 0.04322395833333333 0.1692638888888889
