1 0.10153385416666666 0.19156944444444446 0.016171875 0.028912037037037038
0 0.1223125 0.30869907407407404 0.05997916666666667 0.23253703703703701
0 0.14705208333333333 0.3528425925925926 0.05252864583333334 0.20696296296296296
0 0.17090624999999998 0.474787037037037 0.09649218749999999 0.2610925925925926
0 0.227859375 0.6434351851851852 0.08289322916666667 0.32390277777777776
0 0.19795572916666665 0.5975462962962963 0.07054166666666667 0.2929629629629629
0 0.13537760416666667 0.5763194444444444 0.12107552083333334 0.2683657407407407
0 0.046427083333333334 0.7891944444444445 0.09285416666666667 0.35904629629629625
0 0.4470703125 0.9612824074074073 0.03538802083333333 0.07743981481481482
0 0.4345494791666667 0.3707962962962963 0.061223958333333335 0.20850462962962962
0 0.3910286458333333 0.30075 0.055864583333333336 0.18233796296296298
0 0.4767604166666667 0.26075000000000004 0.03529947916666667 0.1705601851851852
0 0.10876822916666667 0.530175925925926 0.0404765625 0.30445833333333333
