0 0.3431979166666667 0.23953703703703702 0.031861979166666665 0.1660925925925926
0 0.2149375 0.5626064814814815 0.11880989583333333 0.2822638888888889
0 0.26138020833333336 0.4833981481481482 0.08964583333333334 0.2851435185185185
0 0.3353671875 0.4641944444444444 0.09180729166666667 0.21409722222222222
0 0.5065598958333334 0.8986805555555556 0.08532552083333332 0.20171296296296296
0 0.7649713541666666 0.5174814814814814 0.04914322916666667 0.19009722222222222
0 0.6596614583333333 0.4469166666666667 0.039421875 0.23906018518518518
0 0.43959375 0.40275000000000005 0.056164062499999994 0.2813009259259259
0 0.48910677083333337 0.519449074074074 0.07650260416666667 0.27282407407407405
0 0.5113671875 0.4780509259259259 0.050791666666666666 0.26122685185185185
0 0.48910677083333337 0.4337962962962963 0.05141927083333333 0.2730462962962963
1 0.4969453125 0.11575 0.021528645833333335 0.036787037037037035
