0 0.3463723958333333 0.8651527777777778 0.06545052083333333 0.2696898148148148
0 0.545453125 0.528 0.066125 0.2546759259259259
0 0.613171875 0.4760092592592593 0.051372395833333334 0.2427824074074074
0 0.46659635416666667 0.5434305555555555 0.08294791666666666 0.24213888888888888
0 0.4614244791666666 0.49556944444444445 0.07459114583333333 0.24066666666666667
0 0.38910677083333334 0.3270416666666667 0.060281249999999995 0.192087962962963
0 0.30446093750000003 0.5709305555555556 0.06809895833333333 0.297537037037037
0 0.21224218749999998 0.4179675925925926 0.06340885416666667 0.2493101851851852
0 0.46391927083333334 0.2559166666666667 0.03015625 0.17541203703703703
0 0.03658333333333333 0.3454212962962963 0.04206770833333333 0.24103703703703702
0 0.007247395833333333 0.3740509259259259 0.014494791666666666 0.23925925925925923
1 0.5273854166666667 0.9230694444444444 0.026893229166666664 0.04899074074074074
0 0.47958593749999995 0.7342083333333334 0.1430260416666667 0.22256944444444443
