1 0.17901302083333331 0.13286111111111112 0.018984375 0.029949074074074072
0 0.07299479166666667 0.3313148148148148 0.06096354166666666 0.22816666666666666
0 0.10200520833333333 0.4929351851851852 0.09759374999999999 0.22341203703703702
0 0.23329166666666667 0.36316203703703703 0.045721354166666665 0.22436111111111112
0 0.41551041666666666 0.5535416666666667 0.0759375 0.292337962962963
0 0.3754036458333333 0.4401712962962963 0.051872395833333335 0.26049074074074074
0 0.3483984375 0.5718425925925926 0.0844921875 0.31562962962962965
0 0.5024114583333333 0.3750462962962963 0.0534765625 0.22531481481481483
0 0.47941666666666666 0.2688101851851852 0.03796875 0.16875
0 0.66096875 0.45799537037037036 0.04278125 0.24385185185185188
0 0.5984010416666667 0.479625 0.059893229166666666 0.2623888888888889
0 0.46925520833333334 0.9263842592592593 0.0759375 0.14723148148148146
