0 0.36041666666666666 0.9027777777777778 0.08125 0.19444444444444445
0 0.1995598958333333 0.5531481481481482 0.048424479166666666 0.2871342592592593
0 0.4358125 0.591375 0.06015364583333334 0.3154722222222222
0 0.3655833333333333 0.30852314814814813 0.04301041666666667 0.20746296296296296
0 0.4007734375 0.36439814814814814 0.04060416666666666 0.23259259259259257
0 0.47671874999999997 0.29194444444444445 0.04571614583333334 0.17751851851851852
0 0.5484505208333333 0.565712962962963 0.08391406250000001 0.36359722222222224
0 0.6619921875 0.4264212962962963 0.04511458333333333 0.22938425925925926
0 0.5242395833333333 0.47855555555555557 0.06797395833333333 0.3999537037037037
0 0.5177734375 0.47641666666666665 0.05444010416666667 0.2587962962962963
1 0.5394270833333333 0.2587962962962963 0.021955729166666667 0.027805555555555556
