0 0.1749140625 0.528550925925926 0.12065885416666666 0.28549537037037037
0 0.2183151041666667 0.6658935185185185 0.0703125 0.3163564814814815
0 0.3532994791666667 0.9251527777777777 0.08159635416666666 0.1496898148148148
0 0.4500859375 0.5941342592592592 0.11892447916666667 0.3333333333333333
1 0.4969609375 0.44058796296296293 0.025174479166666666 0.04475462962962963
0 0.5308151041666667 0.9305555555555556 0.08072916666666667 0.1388888888888889
0 0.3880208333333333 0.23070833333333332 0.03125 0.165125
0 0.39496614583333334 0.45293055555555556 0.07986197916666667 0.20524537037037036
0 0.5616328125 0.5995370370370371 0.09548697916666667 0.27931944444444445
0 0.51275 0.5258101851851852 0.07384635416666667 0.24947222222222223
0 0.5390937499999999 0.48317129629629635 0.04760416666666667 0.26183796296296297
0 0.5578098958333333 0.43507407407407406 0.044348958333333334 0.2538842592592592
