0 0.360640625 0.8874259259259258 0.08473958333333333 0.22514814814814815
0 0.49973958333333335 0.28903703703703704 0.04105729166666667 0.18218055555555554
1 0.5132317708333333 0.24674074074074076 0.023963541666666664 0.041421296296296296
0 0.49370572916666666 0.5846064814814815 0.07322395833333334 0.29506481481481484
0 0.4594244791666667 0.5512731481481481 0.06457031249999999 0.2757361111111111
0 0.44633072916666666 0.5822407407407408 0.07921354166666666 0.2911203703703704
0 0.38653125 0.571787037037037 0.07455468750000001 0.32149537037037035
0 0.11934635416666667 0.6986712962962963 0.057216145833333336 0.3565277777777778
0 0.17092708333333334 0.24890277777777778 0.04421354166666667 0.20394907407407406
0 0.22958854166666667 0.3994212962962963 0.0499921875 0.2697083333333334
0 0.19664583333333333 0.397625 0.04479166666666667 0.26405555555555554
0 0.00996875 0.3123472222222222 0.019940104166666663 0.14487037037037037
