0 0.359046875 0.6161342592592592 0.06531510416666667 0.25942592592592595
1 0.36382291666666666 0.600736111111111 0.021052083333333336 0.04344907407407407
0 0.44184114583333334 0.531412037037037 0.109375 0.4017175925925926
0 0.5696875 0.6030092592592593 0.06472135416666666 0.3226851851851852
0 0.43637760416666665 0.5008842592592593 0.055046875 0.27275925925925926
0 0.21254427083333333 0.4590787037037037 0.06397916666666667 0.2477916666666667
0 0.35983072916666664 0.20391666666666666 0.0443125 0.18067592592592593
0 0.4898359375 0.8921296296296296 0.09946614583333332 0.21574074074074073
0 0.06352604166666667 0.5038101851851852 0.05240104166666667 0.3063888888888889
0 0.3758854166666667 0.35633333333333334 0.04691145833333333 0.246
0 0.217578125 0.37593055555555555 0.0566875 0.21420833333333333
