0 0.399609375 0.6361111111111111 0.058203125 0.3333333333333333
0 0.543359375 0.6034722222222222 0.066015625 0.32083333333333336
0 0.4734375 0.5583333333333333 0.065625 0.28055555555555556
0 0.35703125 0.325 0.044921875 0.23125
0 0.084375 0.4965277777777778 0.0609375 0.3013888888888889
0 0.309375 0.5236111111111111 0.105078125 0.28680555555555554
0 0.3359375 0.5888888888888889 0.048828125 0.3173611111111111
0 0.3875 0.5215277777777778 0.076171875 0.28541666666666665
0 0.405859375 0.2263888888888889 0.049609375 0.2048611111111111
0 0.48359375 0.8777777777777778 0.0890625 0.24444444444444444
1 0.47578125 0.18333333333333332 0.029296875 0.05416666666666667
