0 0.13177083333333334 0.6916666666666667 0.08229166666666667 0.3425925925925926
0 0.08109635416666668 0.3218981481481481 0.044679687499999995 0.2278287037037037
0 0.42466145833333335 0.8795925925925926 0.08526302083333334 0.2408148148148148
0 0.48705468749999997 0.2657453703703704 0.035130208333333336 0.1710925925925926
0 0.5015078125 0.35031944444444446 0.0501328125 0.18410185185185185
0 0.45631510416666665 0.5327962962962962 0.07830989583333332 0.29144444444444445
0 0.6916093750000001 0.5337685185185186 0.05049739583333333 0.24135185185185187
1 0.6995703125 0.5934027777777777 0.016221354166666667 0.03210648148148148
0 0.6080963541666667 0.5913472222222222 0.07281770833333333 0.3037638888888889
0 0.5467760416666666 0.5493333333333333 0.047906250000000004 0.29127314814814814
0 0.396828125 0.3965972222222222 0.06738802083333333 0.19361574074074073
0 0.48258072916666667 0.4746666666666667 0.051101562499999996 0.28162037037037035
