0 0.32708333333333334 0.8939814814814815 0.08958333333333333 0.21203703703703702
0 0.14713541666666666 0.5833333333333334 0.0703125 0.2851851851851852
0 0.31177343750000003 0.30868055555555557 0.045375000000000006 0.21142592592592593
1 0.3721510416666666 0.2475324074074074 0.023419270833333335 0.037078703703703704
0 0.36885677083333335 0.3704861111111111 0.063671875 0.21662962962962964
0 0.3834947916666666 0.4950648148148148 0.05854947916666667 0.39423148148148146
0 0.41898958333333336 0.5018935185185185 0.09440885416666665 0.3506435185185185
0 0.44369010416666665 0.47034259259259265 0.06477083333333333 0.27973148148148147
0 0.5159609374999999 0.6355787037037036 0.05635416666666667 0.2524120370370371
0 0.49400520833333333 0.569875 0.054158854166666666 0.3083564814814815
0 0.5853046875000001 0.4166712962962963 0.06989322916666667 0.2010185185185185
0 0.478453125 0.2911203703703704 0.03476302083333334 0.1801990740740741
