0 0.08436718750000001 0.33202777777777776 0.04496614583333333 0.22874074074074074
0 0.43764322916666665 0.3438981481481482 0.04719270833333333 0.21449074074074076
0 0.6373177083333333 0.6399166666666667 0.09126822916666667 0.26989814814814816
1 0.6766484375 0.6003472222222223 0.02216927083333333 0.03697685185185185
0 0.481921875 0.5409675925925926 0.055359375 0.30133333333333334
0 0.3092447916666667 0.40591203703703704 0.0528203125 0.24622222222222223
0 0.09427864583333333 0.6938981481481481 0.05957552083333333 0.3417638888888889
0 0.3828359375 0.8715648148148147 0.0803984375 0.25687037037037036
0 0.49296093750000003 0.2790972222222222 0.041484375000000004 0.17664351851851853
0 0.513578125 0.5210972222222222 0.0573828125 0.29587962962962966
0 0.53046875 0.5763009259259259 0.065828125 0.3038287037037037
0 0.5443802083333333 0.570337962962963 0.08222135416666668 0.26717592592592593
