0 0.5198463541666667 0.288875 0.029278645833333335 0.1740787037037037
0 0.44636458333333334 0.47169444444444447 0.10952083333333333 0.23666666666666666
0 0.5094270833333333 0.41850462962962964 0.0644921875 0.22518981481481481
0 0.4849895833333333 0.38637037037037036 0.061888020833333335 0.1455
0 0.5312604166666667 0.3681203703703704 0.032390625 0.17994907407407407
0 0.2975859375 0.5686342592592593 0.10816145833333332 0.31156481481481485
0 0.17236458333333332 0.5994814814814815 0.08502604166666666 0.34138425925925925
0 0.03875260416666667 0.5339259259259259 0.07750520833333334 0.3007685185185185
0 0.12493489583333334 0.4005092592592593 0.06073177083333334 0.259125
0 0.027184895833333333 0.36375 0.05436979166666667 0.20205555555555554
0 0.38810677083333334 0.935212962962963 0.07750520833333334 0.12956944444444446
