0 0.35651041666666666 0.8865740740740741 0.07760416666666667 0.22685185185185186
0 0.484875 0.28425 0.060182291666666665 0.17523611111111112
1 0.49626302083333335 0.37418055555555557 0.025049479166666666 0.04511111111111111
0 0.5242395833333333 0.5797777777777777 0.09531510416666666 0.3545185185185185
0 0.4710494791666667 0.5829583333333334 0.063109375 0.3759166666666667
0 0.3988307291666667 0.5887407407407408 0.074171875 0.33774537037037033
0 0.4547838541666666 0.5612685185185184 0.06636458333333334 0.3047824074074074
0 0.12508333333333332 0.6977546296296296 0.06083333333333333 0.3556712962962963
0 0.1589140625 0.40454166666666663 0.06278385416666667 0.24231944444444442
0 0.19014322916666665 0.34526388888888887 0.04716927083333333 0.25331018518518517
0 0.161515625 0.24058333333333332 0.04847135416666667 0.19663425925925926
0 0.007971354166666667 0.31461111111111106 0.015940104166666667 0.09600462962962963
