0 0.541015625 0.6090277777777777 0.07890625 0.32013888888888886
0 0.466796875 0.5506944444444445 0.062109375 0.27708333333333335
0 0.4046875 0.6291666666666667 0.052734375 0.32222222222222224
0 0.2796875 0.5069444444444444 0.0875 0.27847222222222223
0 0.486328125 0.8819444444444444 0.08828125 0.2361111111111111
0 0.39296875 0.22083333333333333 0.036328125 0.19166666666666668
1 0.42578125 0.22152777777777777 0.023828125 0.04722222222222222
0 0.36015625 0.3194444444444444 0.04609375 0.20069444444444445
0 0.3546875 0.5076388888888889 0.076953125 0.29375
0 0.083203125 0.5013888888888889 0.053515625 0.30833333333333335
0 0.36796875 0.5840277777777778 0.112890625 0.3173611111111111
