0 0.053385416666666664 0.7893518518518519 0.06510416666666667 0.38425925925925924
0 0.23611197916666665 0.8300138888888888 0.07465364583333334 0.3390416666666667
0 0.36328125 0.6790138888888889 0.10677083333333333 0.31790277777777776
0 0.5203984375 0.6041666666666666 0.052950520833333334 0.30401388888888886
0 0.4479166666666667 0.5702175925925926 0.048611979166666666 0.30092592592592593
0 0.6276041666666666 0.5625 0.06944531250000001 0.2638888888888889
1 0.6506067708333333 0.5640416666666667 0.021700520833333334 0.03549537037037037
0 0.3880208333333333 0.39968981481481486 0.041666666666666664 0.2376527777777778
0 0.13324739583333334 0.3341064814814815 0.04253385416666667 0.20524537037037036
0 0.5095494791666667 0.31558796296296293 0.060763020833333334 0.19290277777777778
0 0.3763020833333333 0.2253101851851852 0.03559114583333333 0.15431944444444443
