0 0.37231770833333333 0.9080138888888889 0.08100260416666667 0.18281944444444445
0 0.26870572916666663 0.6919722222222222 0.08002604166666667 0.3325416666666666
0 0.2513020833333333 0.5442083333333333 0.0640859375 0.2926342592592593
0 0.41965104166666667 0.3698425925925926 0.055302083333333335 0.23306944444444444
0 0.4149348958333333 0.3076712962962963 0.05302604166666667 0.20125925925925928
0 0.4671458333333333 0.29003240740740743 0.03773697916666666 0.18101851851851852
0 0.6989296875 0.45514814814814814 0.061484375 0.23595833333333335
1 0.5668541666666667 0.21224537037037036 0.022445312499999998 0.041638888888888885
0 0.5523776041666667 0.6136064814814816 0.05985677083333333 0.36666203703703704
0 0.5458723958333334 0.5586666666666666 0.106703125 0.3157685185185185
0 0.5850729166666666 0.5462314814814815 0.04651822916666667 0.3764953703703704
0 0.5904401041666667 0.48261574074074076 0.0533515625 0.27355092592592595
