0 0.3015625 0.5718981481481481 0.0992890625 0.30948148148148147
0 0.44917708333333334 0.5095185185185185 0.10710416666666665 0.2629861111111111
0 0.4346015625 0.5209768518518518 0.0397265625 0.2145462962962963
0 0.378875 0.2963888888888889 0.05549479166666667 0.20112037037037037
0 0.4481510416666667 0.35694907407407406 0.054471354166666666 0.18391203703703704
0 0.5124348958333333 0.2815324074074074 0.027411458333333336 0.1705462962962963
0 0.28696614583333335 0.43756944444444446 0.04383333333333333 0.25350925925925927
0 0.11090885416666667 0.5520277777777778 0.057440104166666665 0.3112361111111111
0 0.16824479166666664 0.40267592592592594 0.04566927083333334 0.2304027777777778
0 0.15028645833333334 0.5246388888888889 0.05011458333333333 0.28844444444444445
1 0.4204453125 0.47481018518518514 0.008786458333333334 0.02624537037037037
0 0.4860338541666666 0.8933842592592592 0.08744270833333333 0.21323148148148147
