0 0.4796875 0.4791666666666667 0.059375 0.25462962962962965
0 0.47291666666666665 0.6092592592592593 0.09791666666666667 0.29259259259259257
0 0.551359375 0.5551527777777778 0.0837421875 0.297125
0 0.5634973958333334 0.4247314814814815 0.06227864583333333 0.22393518518518518
0 0.5226822916666667 0.49291203703703707 0.04327864583333333 0.25145833333333334
0 0.5042109375 0.5826759259259259 0.06755729166666667 0.26584722222222223
0 0.2906328125 0.39970833333333333 0.054890625 0.252712962962963
0 0.055929687500000005 0.34353240740740737 0.04138802083333334 0.24360185185185182
0 0.11220572916666667 0.6353842592592593 0.056877604166666665 0.3241898148148148
0 0.389640625 0.8716898148148148 0.08000520833333334 0.2534814814814815
0 0.5299791666666667 0.3029305555555556 0.038013020833333334 0.18152314814814813
1 0.5588046875 0.22794444444444445 0.024421875 0.04247222222222222
