0 0.3664270833333333 0.24197685185185183 0.034604166666666665 0.16678703703703704
0 0.33153125 0.5872268518518519 0.0697109375 0.28820833333333334
0 0.47986979166666666 0.8988101851851852 0.08673177083333333 0.20237962962962963
0 0.33639322916666664 0.509412037037037 0.07538541666666668 0.2651527777777778
0 0.384625 0.5270648148148148 0.07133072916666668 0.25578703703703703
0 0.44460677083333333 0.4589722222222222 0.047013020833333335 0.25074074074074076
0 0.5023619791666667 0.5245416666666667 0.10578125 0.2651527777777778
0 0.6614401041666667 0.4593333333333333 0.047825520833333336 0.25722685185185185
0 0.7098723958333333 0.5566064814814815 0.06038802083333333 0.22408333333333333
0 0.5118880208333334 0.47338425925925925 0.06727864583333334 0.25506481481481486
0 0.5216145833333333 0.4856342592592593 0.05755208333333333 0.263712962962963
1 0.5155338541666666 0.3181111111111111 0.027559895833333334 0.042509259259259254
