0 0.4750390625 0.9379212962962963 0.07128385416666667 0.12415740740740741
0 0.4160651041666667 0.22895370370370371 0.03825260416666666 0.16038425925925925
0 0.4066953125 0.43257407407407406 0.05747395833333333 0.24205092592592595
0 0.43760156250000004 0.4261759259259259 0.05043229166666666 0.2634675925925926
0 0.2257421875 0.5372268518518519 0.06695833333333333 0.3083148148148148
0 0.18577604166666667 0.5529675925925926 0.03509375 0.320375
0 0.14116406250000002 0.39266666666666666 0.07000260416666666 0.20456944444444444
0 0.10758072916666667 0.3282546296296296 0.04962239583333334 0.23924074074074073
1 0.1060234375 0.3084675925925926 0.005721354166666666 0.012
0 0.007130208333333333 0.6312916666666666 0.014260416666666666 0.14512037037037037
